34
NM_000546_6_Homo_sapiens_tumor_protein_p53_TP53_transcript_variant_1_mRNA                                  0.0000000 0.0063350 0.0591356 0.0619501 0.0546467 0.0589542 0.0589542 0.1037755 0.1037755 0.1018335 0.1018335 0.1107347 0.1045328 0.0994843 0.1072456 0.1103519 0.0994843 0.1103519 0.1048908 0.0908672 0.1095947 0.2465730 0.2364303 0.4480669 0.2491900 0.4482702 0.4535443 0.3316159 0.4215730 0.3840609 0.4337982 0.3583889 0.6511061 0.7321125 
XM_063700589_1_PREDICTED_Gorilla_gorilla_gorilla_tumor_protein_p53_TP53_transcript_variant_X1_mRNA         0.0063350 0.0000000 0.0664611 0.0693628 0.0619501 0.0662532 0.0662532 0.1123170 0.1123170 0.1099719 0.1099719 0.1190646 0.1393462 0.1076145 0.1154654 0.1186466 0.1076145 0.1452978 0.1131030 0.0988134 0.1178218 0.2579047 0.2470414 0.4635880 0.2600790 0.4636885 0.4586498 0.3444772 0.4366362 0.3981930 0.4491651 0.3721153 0.6717796 0.7398520 
XM_030800485_1_PREDICTED_Nomascus_leucogenys_tumor_protein_p53_TP53_mRNA                                   0.0591356 0.0664611 0.0000000 0.0193919 0.0171951 0.0691441 0.0691441 0.1869849 0.1869849 0.1107347 0.1134971 0.1170950 0.1134971 0.1056148 0.1134971 0.1138952 0.1028829 0.1138952 0.1138952 0.0941319 0.1131030 0.2450506 0.2349251 0.4634861 0.2586999 0.4635880 0.4847104 0.3531709 0.4366362 0.4072805 0.4700906 0.3814013 0.6717796 0.7683305 
XM_055256596_2_PREDICTED_Symphalangus_syndactylus_tumor_protein_p53_TP53_transcript_variant_X1_mRNA        0.0619501 0.0693628 0.0193919 0.0000000 0.0150935 0.0695830 0.0695830 0.1885389 0.1885389 0.1142955 0.1199087 0.1236180 0.1170950 0.1119019 0.1199087 0.1175100 0.1063509 0.1175100 0.1175100 0.0974607 0.1166831 0.2488305 0.2369589 0.4686916 0.2647415 0.4634861 0.4901227 0.3611845 0.4417231 0.4121419 0.4754649 0.3860859 0.6788098 0.7765067 
XM_032139337_3_PREDICTED_Hylobates_moloch_tumor_protein_p53_TP53_mRNA                                      0.0546467 0.0619501 0.0171951 0.0150935 0.0000000 0.0670910 0.0670910 0.1785117 0.1785117 0.1087390 0.1115102 0.1207658 0.1115102 0.1091193 0.1142955 0.1146988 0.1035966 0.1146988 0.1119019 0.0947702 0.1138952 0.2511319 0.2333995 0.4740336 0.2647415 0.4687597 0.4901227 0.3567459 0.4466284 0.4116899 0.4754409 0.3760466 0.6869872 0.7861392 
XM_002826974_6_PREDICTED_Pongo_abelii_tumor_protein_p53_TP53_mRNA                                          0.0589542 0.0662532 0.0691441 0.0695830 0.0670910 0.0000000 0.0021015 0.1627678 0.1627678 0.1103519 0.1214391 0.1194851 0.1131030 0.1134971 0.1158679 0.1134971 0.1025306 0.1134971 0.1134971 0.0991477 0.1127118 0.2439382 0.2250292 0.4251308 0.2269343 0.4205337 0.4360645 0.3289947 0.4339546 0.3949739 0.4462544 0.3740707 0.6281481 0.7062799 
XM_054457336_2_PREDICTED_Pongo_pygmaeus_tumor_protein_p53_TP53_mRNA                                        0.0589542 0.0662532 0.0691441 0.0695830 0.0670910 0.0021015 0.0000000 0.1627678 0.1627678 0.1103519 0.1214391 0.1194851 0.1131030 0.1134971 0.1158679 0.1134971 0.1025306 0.1134971 0.1134971 0.0991477 0.1127118 0.2439382 0.2250292 0.4251308 0.2269343 0.4205337 0.4360645 0.3289947 0.4339546 0.3949739 0.4462544 0.3740707 0.6281481 0.7062799 
XM_016931470_3_PREDICTED_Pan_troglodytes_tumor_protein_p53_TP53_transcript_variant_X1_mRNA                 0.1037755 0.1123170 0.1869849 0.1885389 0.1785117 0.1627678 0.1627678 0.0000000 0.0037828 0.2428366 0.2503310 0.2641525 0.2465739 0.2476967 0.2503310 0.2491979 0.2343708 0.2491979 0.2476967 0.2343708 0.2469638 0.2761827 0.4158749 0.5014955 0.4256920 0.4904472 0.7708211 0.5548029 0.7117884 0.6357689 0.7342914 0.6197436 1.0071385 1.1462156 
XM_057300362_2_PREDICTED_Pan_paniscus_tumor_protein_p53_TP53_transcript_variant_X1_mRNA                    0.1037755 0.1123170 0.1869849 0.1885389 0.1785117 0.1627678 0.1627678 0.0037828 0.0000000 0.2428366 0.2503310 0.2641525 0.2465739 0.2476967 0.2503310 0.2491979 0.2343708 0.2491979 0.2476967 0.2343708 0.2469638 0.2761827 0.4158749 0.5014955 0.4256920 0.4904472 0.7708211 0.5548029 0.7117884 0.6357689 0.7342914 0.6197436 1.0071385 1.1462156 
NM_001047151_2_Macaca_mulatta_tumor_protein_p53_TP53_mRNA                                                  0.1018335 0.1099719 0.1107347 0.1142955 0.1087390 0.1103519 0.1103519 0.2428366 0.2428366 0.0000000 0.0215995 0.0239544 0.0021015 0.0194469 0.0171951 0.0565446 0.0470234 0.0565446 0.0021072 0.0351748 0.0467422 0.1501725 0.2430720 0.4930463 0.2710339 0.4929567 0.4929567 0.3713192 0.4215730 0.4019297 0.4386157 0.3538661 0.6356343 0.7074329 
XM_003912272_5_PREDICTED_Papio_anubis_tumor_protein_p53_TP53_mRNA                                          0.1018335 0.1099719 0.1134971 0.1199087 0.1115102 0.1214391 0.1214391 0.2503310 0.2503310 0.0215995 0.0000000 0.0193919 0.0238177 0.0149670 0.0042131 0.0613755 0.0517606 0.0613755 0.0238859 0.0444061 0.0562004 0.1521090 0.2466666 0.4875656 0.2748000 0.4875109 0.4984384 0.3713192 0.4339546 0.4238780 0.4620432 0.3648339 0.6423406 0.7149087 
XM_011994540_1_PREDICTED_Mandrillus_leucophaeus_tumor_protein_p53_TP53_transcript_variant_X1_mRNA          0.1107347 0.1190646 0.1170950 0.1236180 0.1207658 0.1194851 0.1194851 0.2641525 0.2641525 0.0239544 0.0193919 0.0000000 0.0261969 0.0106981 0.0193919 0.0642071 0.0544789 0.0642071 0.0262726 0.0470234 0.0589542 0.1595939 0.2561604 0.5042774 0.2773030 0.5041162 0.5041162 0.3798318 0.4289000 0.4285603 0.4565939 0.3686862 0.6638318 0.7313345 
XM_050765346_1_PREDICTED_Macaca_thibetana_thibetana_tumor_protein_p53_TP53_transcript_variant_X1_mRNA      0.1045328 0.1393462 0.1134971 0.1170950 0.1115102 0.1131030 0.1131030 0.2465739 0.2465739 0.0021015 0.0238177 0.0261969 0.0000000 0.0216609 0.0193919 0.0589542 0.0493862 0.1004363 0.0042246 0.0374658 0.0490896 0.1532963 0.2466666 0.4985630 0.2748000 0.4984384 0.4984384 0.3758944 0.4265617 0.4019297 0.4386157 0.3583889 0.6423406 0.7149087 
XM_012052423_1_PREDICTED_Cercocebus_atys_tumor_protein_p53_TP53_transcript_variant_X1_mRNA                 0.0994843 0.1076145 0.1056148 0.1119019 0.1091193 0.1134971 0.1134971 0.2476967 0.2476967 0.0194469 0.0149670 0.0106981 0.0216609 0.0000000 0.0149670 0.0591356 0.0495359 0.0591356 0.0217228 0.0422065 0.0539822 0.1527001 0.2405365 0.4903380 0.2684902 0.4902653 0.4902653 0.3686706 0.4262070 0.4161919 0.4435341 0.3667500 0.6461766 0.7192733 
XM_025363515_1_PREDICTED_Theropithecus_gelada_tumor_protein_p53_TP53_transcript_variant_X1_mRNA            0.1072456 0.1154654 0.1134971 0.1199087 0.1142955 0.1158679 0.1158679 0.2503310 0.2503310 0.0171951 0.0042131 0.0193919 0.0193919 0.0149670 0.0000000 0.0613755 0.0517606 0.0613755 0.0194469 0.0444061 0.0562004 0.1521090 0.2394956 0.4875656 0.2748000 0.4875109 0.4984384 0.3758944 0.4339546 0.4139292 0.4514816 0.3648339 0.6356343 0.7074329 
XM_010362387_1_PREDICTED_Rhinopithecus_roxellana_tumor_protein_p53_TP53_mRNA                               0.1103519 0.1186466 0.1138952 0.1175100 0.1146988 0.1134971 0.1134971 0.2491979 0.2491979 0.0565446 0.0613755 0.0642071 0.0589542 0.0591356 0.0613755 0.0000000 0.0217228 0.0000010 0.0591356 0.0468823 0.0489426 0.1730848 0.2698213 0.5069958 0.2610120 0.5068182 0.5409613 0.3824842 0.4783081 0.4518185 0.5002075 0.4143673 0.6452591 0.7256701 
XM_033184717_1_PREDICTED_Trachypithecus_francoisi_tumor_protein_p53_TP53_transcript_variant_X1_mRNA        0.0994843 0.1076145 0.1028829 0.1063509 0.1035966 0.1025306 0.1025306 0.2343708 0.2343708 0.0470234 0.0517606 0.0544789 0.0493862 0.0495359 0.0517606 0.0217228 0.0000000 0.0217228 0.0495359 0.0375762 0.0396510 0.1570531 0.2550302 0.4740001 0.2536098 0.4848199 0.5068182 0.3686706 0.4570437 0.4312627 0.4863780 0.4046107 0.6385363 0.6958092 
XM_017850544_1_PREDICTED_Rhinopithecus_bieti_tumor_protein_p53_TP53_transcript_variant_X1_mRNA             0.1103519 0.1452978 0.1138952 0.1175100 0.1146988 0.1134971 0.1134971 0.2491979 0.2491979 0.0565446 0.0613755 0.0642071 0.1004363 0.0591356 0.0613755 0.0000010 0.0217228 0.0000000 0.0591356 0.0468823 0.0489426 0.1730848 0.2698213 0.5069958 0.2610120 0.5068182 0.5409613 0.3824842 0.4783081 0.4518185 0.5002075 0.4143673 0.6452591 0.7256701 
XM_071082299_1_PREDICTED_Macaca_nemestrina_tumor_protein_p53_LOC105473688_mRNA                             0.1048908 0.1131030 0.1138952 0.1175100 0.1119019 0.1134971 0.1134971 0.2476967 0.2476967 0.0021072 0.0238859 0.0262726 0.0042246 0.0217228 0.0194469 0.0591356 0.0495359 0.0591356 0.0000000 0.0375762 0.0492374 0.1538976 0.2477465 0.5014066 0.2760455 0.5012638 0.5012638 0.3778530 0.4289000 0.4090015 0.4462544 0.3602558 0.6461766 0.7192733 
XM_023193314_2_PREDICTED_Piliocolobus_tephrosceles_tumor_protein_p53_TP53_transcript_variant_X1_mRNA       0.0908672 0.0988134 0.0941319 0.0974607 0.0947702 0.0991477 0.0991477 0.2343708 0.2343708 0.0351748 0.0444061 0.0470234 0.0374658 0.0422065 0.0444061 0.0468823 0.0375762 0.0468823 0.0375762 0.0000000 0.0282868 0.1558257 0.2349251 0.4581070 0.2477465 0.4687597 0.4847829 0.3426677 0.4166159 0.4067947 0.4334924 0.3675132 0.6385363 0.7105775 
XM_011958558_1_PREDICTED_Colobus_angolensis_palliatus_tumor_protein_p53_TP53_transcript_variant_X1_mRNA    0.1095947 0.1178218 0.1131030 0.1166831 0.1138952 0.1127118 0.1127118 0.2469638 0.2469638 0.0467422 0.0562004 0.0589542 0.0490896 0.0539822 0.0562004 0.0489426 0.0396510 0.0489426 0.0492374 0.0282868 0.0000000 0.1653016 0.2455968 0.4686916 0.2513791 0.4794075 0.5011227 0.3648892 0.4315826 0.4067947 0.4386157 0.3814013 0.6385363 0.7256701 
XM_008010192_2_PREDICTED_Chlorocebus_sabaeus_tumor_protein_p53_TP53_transcript_variant_X1_mRNA             0.2465730 0.2579047 0.2450506 0.2488305 0.2511319 0.2439382 0.2439382 0.2761827 0.2761827 0.1501725 0.1521090 0.1595939 0.1532963 0.1527001 0.1521090 0.1730848 0.1570531 0.1730848 0.1538976 0.1558257 0.1653016 0.0000000 0.4503875 0.3274090 0.4659300 0.3386195 0.8350666 0.6591397 0.7749751 0.7403016 0.8366223 0.6812165 1.0911055 1.2161833 
XM_002747948_5_PREDICTED_Callithrix_jacchus_tumor_protein_p53_TP53_transcript_variant_X1_mRNA              0.2364303 0.2470414 0.2349251 0.2369589 0.2333995 0.2250292 0.2250292 0.4158749 0.4158749 0.2430720 0.2466666 0.2561604 0.2466666 0.2405365 0.2394956 0.2698213 0.2550302 0.2698213 0.2477465 0.2349251 0.2455968 0.4503875 0.0000000 0.2073548 0.0763099 0.1935188 0.2349512 0.4108537 0.4893685 0.4309382 0.4978422 0.4333408 0.7572753 0.8448444 
XM_032280430_1_PREDICTED_Sapajus_apella_tumor_protein_p53_TP53_transcript_variant_X1_mRNA                  0.4480669 0.4635880 0.4634861 0.4686916 0.4740336 0.4251308 0.4251308 0.5014955 0.5014955 0.4930463 0.4875656 0.5042774 0.4985630 0.4903380 0.4875656 0.5069958 0.4740001 0.5069958 0.5014066 0.4581070 0.4686916 0.3274090 0.2073548 0.0000000 0.1386438 0.0556175 0.4498779 0.7081144 0.8852147 0.8256747 0.9045963 0.8218715 1.2743292 1.3922651 
XM_017531594_2_PREDICTED_Cebus_imitator_tumor_protein_p53_TP53_transcript_variant_X1_mRNA                  0.2491900 0.2600790 0.2586999 0.2647415 0.2647415 0.2269343 0.2269343 0.4256920 0.4256920 0.2710339 0.2748000 0.2773030 0.2748000 0.2684902 0.2748000 0.2610120 0.2536098 0.2610120 0.2760455 0.2477465 0.2513791 0.4659300 0.0763099 0.1386438 0.0000000 0.1901030 0.2444381 0.4156826 0.5062844 0.4621928 0.5209843 0.4594746 0.7338260 0.8094200 
XM_039476036_1_PREDICTED_Saimiri_boliviensis_boliviensis_tumor_protein_p53_TP53_transcript_variant_X1_mRNA 0.4482702 0.4636885 0.4635880 0.4634861 0.4687597 0.4205337 0.4205337 0.4904472 0.4904472 0.4929567 0.4875109 0.5041162 0.4984384 0.4902653 0.4875109 0.5068182 0.4848199 0.5068182 0.5012638 0.4687597 0.4794075 0.3386195 0.1935188 0.0556175 0.1901030 0.0000000 0.4414582 0.7210100 0.8534303 0.7960867 0.9221549 0.7838015 1.1886105 1.3436802 
XM_064378361_1_PREDICTED_Aotus_nancymaae_tumor_protein_p53_TP53_transcript_variant_X1_mRNA                 0.4535443 0.4586498 0.4847104 0.4901227 0.4901227 0.4360645 0.4360645 0.7708211 0.7708211 0.4929567 0.4984384 0.5041162 0.4984384 0.4902653 0.4984384 0.5409613 0.5068182 0.5409613 0.5012638 0.4847829 0.5011227 0.8350666 0.2349512 0.4498779 0.2444381 0.4414582 0.0000000 0.7585260 0.8936117 0.7960867 0.8512444 0.7938486 1.2888455 1.4091560 
XM_008062341_2_PREDICTED_Carlito_syrichta_tumor_protein_p53_TP53_mRNA                                      0.3316159 0.3444772 0.3531709 0.3611845 0.3567459 0.3289947 0.3289947 0.5548029 0.5548029 0.3713192 0.3713192 0.3798318 0.3758944 0.3686706 0.3758944 0.3824842 0.3686706 0.3824842 0.3778530 0.3426677 0.3648892 0.6591397 0.4108537 0.7081144 0.4156826 0.7210100 0.7585260 0.0000000 0.3481021 0.3633253 0.3869221 0.3220589 0.5281087 0.5140679 
XM_012776058_2_PREDICTED_Microcebus_murinus_tumor_protein_p53_TP53_transcript_variant_X1_mRNA              0.4215730 0.4366362 0.4366362 0.4417231 0.4466284 0.4339546 0.4339546 0.7117884 0.7117884 0.4215730 0.4339546 0.4289000 0.4265617 0.4262070 0.4339546 0.4783081 0.4570437 0.4783081 0.4289000 0.4166159 0.4315826 0.7749751 0.4893685 0.8852147 0.5062844 0.8534303 0.8936117 0.3481021 0.0000000 0.1688642 0.1809369 0.1761158 0.5377483 0.6029930 
XM_045570131_1_PREDICTED_Lemur_catta_tumor_protein_p53_TP53_mRNA                                           0.3840609 0.3981930 0.4072805 0.4121419 0.4116899 0.3949739 0.3949739 0.6357689 0.6357689 0.4019297 0.4238780 0.4285603 0.4019297 0.4161919 0.4139292 0.4518185 0.4312627 0.4518185 0.4090015 0.4067947 0.4067947 0.7403016 0.4309382 0.8256747 0.4621928 0.7960867 0.7960867 0.3633253 0.1688642 0.0000000 0.1052968 0.1695487 0.4701762 0.5780612 
XM_069482023_1_PREDICTED_Eulemur_rufifrons_tumor_protein_p53_TP53_transcript_variant_X1_mRNA               0.4337982 0.4491651 0.4700906 0.4754649 0.4754409 0.4462544 0.4462544 0.7342914 0.7342914 0.4386157 0.4620432 0.4565939 0.4386157 0.4435341 0.4514816 0.5002075 0.4863780 0.5002075 0.4462544 0.4334924 0.4386157 0.8366223 0.4978422 0.9045963 0.5209843 0.9221549 0.8512444 0.3869221 0.1809369 0.1052968 0.0000000 0.1783321 0.5683979 0.6595237 
XM_012655616_1_PREDICTED_Propithecus_coquereli_tumor_protein_p53_TP53_mRNA                                 0.3583889 0.3721153 0.3814013 0.3860859 0.3760466 0.3740707 0.3740707 0.6197436 0.6197436 0.3538661 0.3648339 0.3686862 0.3583889 0.3667500 0.3648339 0.4143673 0.4046107 0.4143673 0.3602558 0.3675132 0.3814013 0.6812165 0.4333408 0.8218715 0.4594746 0.7838015 0.7938486 0.3220589 0.1761158 0.1695487 0.1783321 0.0000000 0.4675255 0.5440232 
XM_053569948_1_PREDICTED_Nycticebus_coucang_tumor_protein_p53_TP53_transcript_variant_X1_mRNA              0.6511061 0.6717796 0.6717796 0.6788098 0.6869872 0.6281481 0.6281481 1.0071385 1.0071385 0.6356343 0.6423406 0.6638318 0.6423406 0.6461766 0.6356343 0.6452591 0.6385363 0.6452591 0.6461766 0.6385363 0.6385363 1.0911055 0.7572753 1.2743292 0.7338260 1.1886105 1.2888455 0.5281087 0.5377483 0.4701762 0.5683979 0.4675255 0.0000000 0.0939572 
XM_012806041_2_PREDICTED_Otolemur_garnettii_tumor_protein_p53_TP53_mRNA                                    0.7321125 0.7398520 0.7683305 0.7765067 0.7861392 0.7062799 0.7062799 1.1462156 1.1462156 0.7074329 0.7149087 0.7313345 0.7149087 0.7192733 0.7074329 0.7256701 0.6958092 0.7256701 0.7192733 0.7105775 0.7256701 1.2161833 0.8448444 1.3922651 0.8094200 1.3436802 1.4091560 0.5140679 0.6029930 0.5780612 0.6595237 0.5440232 0.0939572 0.0000000 
