148
NM_001372078_1_Homo_sapiens_REV3_like_DNA_directed_polymerase_zeta_catalytic_subunit_REV3L_transcript_variant_4_mRNA_1                                     0.0000000 0.1054602 0.1250904 0.0063870 0.0470272 0.0674359 0.0020998 0.0600924 0.0557767 0.0063870 0.0555605 0.0543304 0.0691897 0.0661130 0.0690225 0.0726266 0.0570793 0.0922221 0.0775080 0.1532798 0.0243053 0.1384659 0.1510489 0.1391553 0.0909397 0.0967188 0.0815571 0.0690433 0.0724417 0.7727737 0.1036936 0.1028837 0.0724157 0.1155164 0.0835556 0.1110906 0.0823764 0.0796288 0.0732867 0.0675687 0.0735214 0.0812530 0.0764385 0.2631182 0.0675910 0.0704437 0.0784466 0.0521825 0.0495567 0.0495567 0.0496542 0.0521825 0.0496223 0.0492964 0.0585839 0.0585839 0.0496863 0.0473104 0.0578751 0.0495890 0.0470272 0.0492964 0.0520452 0.0520452 0.0519045 0.0471566 0.0445771 0.0445771 0.0475474 0.0837145 0.0594881 0.0674359 0.0620560 0.0652629 0.0647555 0.0659473 0.0646836 0.0646836 0.0550669 0.0576378 0.0576378 0.0550669 0.0540343 0.0564936 0.0592494 0.0540803 0.0539746 0.0540803 0.0540343 0.0515267 0.0515267 0.0545841 0.0564936 0.0856075 0.0843144 0.0701281 0.0522391 0.0663875 0.0582353 0.0688786 0.0602941 0.0772023 0.0606297 0.0708919 0.0498759 0.0673601 0.0874510 0.0713945 0.0632044 0.0721780 0.0661130 0.0573458 0.0746187 0.1176849 0.0340744 0.1039491 0.0107340 0.0085561 0.0107299 0.0107299 0.0107299 0.0085516 0.0085516 0.0151449 0.0042190 0.0020998 0.0085193 0.0107694 0.0107637 0.0265196 0.0522942 0.0244671 0.0221508 0.0939515 0.0412907 0.0337404 0.0645489 0.0965044 0.1334403 0.1040840 0.0775992 0.0631666 0.0399913 0.2083121 0.1937375 0.0546806 0.0613305 0.0800349 
NM_011264_3_Mus_musculus_REV3_like_DNA_directed_polymerase_zeta_catalytic_subunit_Rev3l_mRNA_1                                                             0.1054602 0.0000000 0.0731903 0.1040055 0.1035509 0.1208873 0.1047105 0.1197907 0.0602488 0.1040055 0.1255692 0.0993768 0.1314014 0.1228783 0.1259099 0.0632015 0.0921892 0.0921932 0.1380912 0.1970190 0.1051784 0.1991026 0.1931208 0.1801055 0.1431053 0.1496923 0.1477658 0.0973059 0.1176067 0.7727737 0.0286641 0.0700584 0.0985113 0.0625289 0.0563779 0.0817840 0.0493200 0.0667704 0.0628500 0.0628500 0.1026539 0.1051585 0.1142925 0.3505672 0.1091090 0.1123214 0.1237775 0.1071563 0.1038616 0.1038616 0.1103611 0.1071563 0.1002955 0.1056724 0.1297258 0.1297258 0.1065104 0.1105294 0.1175038 0.1067216 0.1035509 0.1056724 0.1092882 0.1092882 0.1062398 0.1053259 0.1085920 0.1085920 0.1062664 0.1256657 0.1112436 0.1208873 0.1142868 0.1186897 0.1175834 0.1146653 0.1174473 0.1174473 0.1030881 0.0999551 0.0999551 0.1030881 0.1060905 0.1029035 0.1123772 0.1062019 0.1059689 0.1062019 0.1060905 0.1031400 0.1031400 0.1072524 0.1029035 0.1594004 0.1740479 0.1257136 0.1167123 0.1279020 0.1246947 0.1180730 0.1158108 0.1195881 0.1057218 0.1091296 0.1123089 0.1304719 0.1633945 0.1261432 0.1123443 0.1310454 0.1228783 0.1164883 0.1344952 0.1553633 0.1033055 0.1617025 0.1041258 0.1071941 0.1102130 0.1102130 0.1072456 0.1010455 0.1010455 0.1103164 0.1015006 0.1047105 0.1114688 0.1119924 0.1122457 0.1101344 0.1405125 0.1017507 0.1112245 0.1414708 0.1118398 0.0894247 0.1405832 0.1544243 0.1976830 0.1696018 0.1323057 0.1174363 0.1095517 0.2888467 0.2686301 0.1192751 0.1332735 0.1405915 
XM_006256524_2_PREDICTED_Rattus_norvegicus_REV3_like_DNA_directed_polymerase_zeta_catalytic_subunit_Rev3l_transcript_variant_X1_mRNA_1                     0.1250904 0.0731903 0.0000000 0.1318447 0.1352487 0.1639738 0.1242376 0.1423974 0.0787430 0.1318447 0.1593693 0.1308718 0.1533614 0.1344974 0.1494562 0.0844639 0.1232668 0.1343969 0.1516880 0.2334560 0.1339759 0.2185220 0.2040616 0.1992308 0.1650566 0.1645135 0.1756659 0.1406326 0.1368929 1.6746128 0.0762904 0.1098074 0.1274146 0.0083393 0.0658717 0.0958166 0.0673313 0.0979173 0.0830167 0.0773715 0.1481462 0.1458605 0.1476212 0.3894420 0.1450433 0.1486346 0.1629809 0.1391860 0.1356320 0.1356320 0.1426043 0.1391860 0.1387617 0.1376762 0.1639064 0.1639064 0.1382829 0.1428709 0.1504392 0.1386325 0.1352487 0.1376762 0.1412151 0.1412151 0.1446212 0.1403711 0.1439175 0.1439175 0.1416371 0.1621328 0.1533715 0.1639738 0.1566502 0.1619156 0.1571916 0.1571018 0.1570136 0.1570136 0.1388679 0.1354831 0.1354831 0.1388679 0.1422928 0.1457957 0.1425885 0.1424570 0.1421312 0.1424570 0.1422928 0.1391082 0.1391082 0.1510419 0.1457957 0.1598184 0.1961212 0.1451204 0.1422215 0.1497122 0.1532132 0.1462751 0.1476561 0.1492714 0.1369327 0.1310004 0.1403193 0.1597682 0.1463285 0.1461797 0.1386783 0.1440859 0.1344974 0.1442595 0.1479840 0.2009436 0.1292191 0.1935159 0.1319948 0.1352422 0.1384168 0.1384168 0.1384168 0.1287363 0.1287363 0.1385421 0.1275473 0.1242376 0.1233932 0.1386774 0.1321335 0.1262913 0.1929802 0.1307337 0.1338300 0.1574805 0.1317000 0.1174314 0.1600790 0.1856025 0.1988251 0.2081773 0.1651630 0.1476295 0.1463815 0.2989996 0.2647742 0.1520262 0.1677157 0.1741947 
XM_028847034_1_PREDICTED_Macaca_mulatta_REV3_like_DNA_directed_polymerase_zeta_catalytic_subunit_REV3L_transcript_variant_X1_mRNA_1                        0.0063870 0.1040055 0.1318447 0.0000000 0.0442202 0.0643449 0.0042381 0.0570815 0.0588308 0.0000010 0.0525857 0.0514370 0.0660003 0.0629885 0.0666284 0.0759663 0.0541423 0.0885786 0.0741843 0.1484140 0.0220967 0.1431716 0.1560539 0.1439002 0.1009716 0.1068991 0.0849638 0.0723053 0.0700212 0.7727737 0.1100825 0.0990051 0.0757639 0.1220990 0.0894201 0.1175148 0.0883243 0.0831417 0.0766621 0.0708469 0.0703177 0.0778482 0.0731835 0.2564313 0.0643836 0.0671891 0.0750868 0.0492966 0.0467127 0.0467127 0.0468036 0.0492966 0.0467746 0.0464710 0.0555488 0.0555488 0.0468373 0.0444845 0.0548831 0.0467438 0.0442202 0.0464710 0.0491692 0.0491692 0.0490348 0.0443393 0.0418003 0.0418003 0.0447041 0.0803770 0.0565184 0.0643449 0.0590505 0.0621835 0.0617072 0.0628337 0.0616392 0.0616392 0.0521275 0.0546624 0.0546624 0.0521275 0.0511580 0.0535862 0.0562935 0.0512008 0.0511018 0.0512008 0.0511580 0.0486848 0.0486848 0.0516743 0.0535862 0.0891186 0.0840198 0.0692092 0.0493489 0.0632449 0.0552204 0.0657078 0.0572823 0.0739119 0.0575905 0.0677272 0.0470140 0.0641608 0.0910781 0.0626938 0.0601291 0.0689313 0.0629885 0.0543859 0.0713439 0.1135622 0.0367155 0.1001087 0.0042149 0.0020998 0.0042132 0.0042132 0.0042132 0.0020988 0.0020988 0.0084946 0.0063870 0.0042381 0.0063879 0.0086135 0.0086089 0.0243114 0.0479964 0.0222449 0.0199358 0.0915504 0.0440314 0.0363495 0.0732215 0.1002884 0.1380370 0.1105372 0.0742667 0.0663204 0.0372566 0.2090866 0.1996343 0.0517596 0.0582498 0.0766790 
XM_014118216_3_PREDICTED_Canis_lupus_familiaris_REV3_like_DNA_directed_polymerase_zeta_catalytic_subunit_REV3L_transcript_variant_X1_mRNA_1                0.0470272 0.1035509 0.1352487 0.0442202 0.0000000 0.0518217 0.0444565 0.0391311 0.0712319 0.0442202 0.0291301 0.0241836 0.0449348 0.0399010 0.0830730 0.0894353 0.0548468 0.0888600 0.0574237 0.1520966 0.0415401 0.1434715 0.1487837 0.1428821 0.0942323 0.1000606 0.0736179 0.0623762 0.0837204 0.7727737 0.1164757 0.0938036 0.0778561 0.1287308 0.1035695 0.1351274 0.1026677 0.0912009 0.0836049 0.0775655 0.0550035 0.0555937 0.0661737 0.2732770 0.0731123 0.0760172 0.0761812 0.0172909 0.0195434 0.0195434 0.0241010 0.0172909 0.0020959 0.0288075 0.0316961 0.0316961 0.0217823 0.0195883 0.0242118 0.0020949 0.0000010 0.0288075 0.0217434 0.0217434 0.0240154 0.0242924 0.0219806 0.0219806 0.0244859 0.0674261 0.0492332 0.0518217 0.0466936 0.0496359 0.0492659 0.0526511 0.0492112 0.0492112 0.0295460 0.0319153 0.0319153 0.0295460 0.0367649 0.0391387 0.0417198 0.0367941 0.0417198 0.0367941 0.0367649 0.0343616 0.0343616 0.0371364 0.0391387 0.0829584 0.0866009 0.0609819 0.0468639 0.0423659 0.0348558 0.0420924 0.0416280 0.0521489 0.0368995 0.0465506 0.0250520 0.0402835 0.0734101 0.0448181 0.0372642 0.0452920 0.0399010 0.0320697 0.0547509 0.1011445 0.0472837 0.0873903 0.0442694 0.0467746 0.0469132 0.0469132 0.0492737 0.0417628 0.0417628 0.0493200 0.0470272 0.0444565 0.0492745 0.0552793 0.0500673 0.0594650 0.0861750 0.0499525 0.0523515 0.1085053 0.0497742 0.0417964 0.0722326 0.0849858 0.1270187 0.1012479 0.0604416 0.0575117 0.0369319 0.2206541 0.2235316 0.0293181 0.0341213 0.0681367 
XM_024996589_1_PREDICTED_Bos_taurus_REV3_like_DNA_directed_polymerase_zeta_catalytic_subunit_REV3L_transcript_variant_X1_mRNA_1                            0.0674359 0.1208873 0.1639738 0.0643449 0.0518217 0.0000000 0.0647121 0.0593547 0.0815944 0.0643449 0.0604896 0.0538855 0.0707024 0.0660414 0.1026352 0.0907157 0.0786079 0.1073805 0.0792520 0.1547937 0.0624384 0.1530205 0.1585514 0.1450603 0.1131530 0.1193069 0.0838824 0.0725230 0.1040127 0.7727737 0.1273180 0.0994289 0.1027734 0.1504373 0.1208802 0.1572463 0.1198865 0.0984969 0.1002067 0.0939678 0.0716458 0.0791459 0.0908642 0.3023252 0.0926133 0.0956556 0.0958274 0.0443587 0.0418138 0.0418138 0.0418945 0.0443587 0.0544411 0.0539405 0.0635588 0.0635588 0.0492814 0.0469259 0.0520882 0.0544040 0.0518217 0.0539405 0.0516193 0.0516193 0.0491222 0.0548522 0.0522127 0.0522127 0.0553073 0.0356365 0.0063452 0.0000010 0.0042127 0.0000010 0.0106571 0.0130231 0.0106457 0.0106457 0.0543986 0.0569343 0.0569343 0.0543986 0.0459678 0.0483570 0.0460351 0.0460053 0.0509968 0.0460053 0.0459678 0.0435393 0.0435393 0.0464281 0.0483570 0.0980521 0.1079226 0.0832733 0.0678515 0.0679314 0.0598669 0.0650647 0.0621274 0.0732863 0.0624749 0.0673379 0.0527576 0.0606603 0.0980856 0.0664059 0.0637856 0.0728385 0.0660414 0.0603123 0.0763810 0.1160121 0.0547362 0.0978365 0.0644160 0.0670495 0.0696643 0.0696643 0.0696643 0.0617756 0.0617756 0.0642881 0.0674359 0.0647121 0.0704016 0.0708669 0.0654579 0.0725018 0.1010464 0.0705454 0.0706073 0.1171699 0.0602048 0.0542875 0.0848642 0.1090534 0.1451547 0.1104567 0.0768060 0.0834455 0.0572833 0.2460911 0.2531074 0.0594619 0.0663280 0.0735199 
XM_016956167_2_PREDICTED_Pan_troglodytes_REV3_like_DNA_directed_polymerase_zeta_catalytic_subunit_REV3L_transcript_variant_X1_mRNA_1                       0.0020998 0.1047105 0.1242376 0.0042381 0.0444565 0.0647121 0.0000000 0.0574024 0.0530949 0.0042381 0.0528797 0.0517173 0.0663875 0.0633525 0.0662392 0.0697877 0.0544406 0.0891513 0.0746331 0.1495691 0.0219909 0.1349092 0.1473426 0.1355736 0.0940365 0.0998505 0.0787089 0.0662528 0.0696049 0.7727737 0.1029645 0.0996745 0.0695698 0.1147189 0.0829688 0.1103283 0.0817868 0.0766831 0.0704213 0.0647550 0.0707296 0.0783270 0.0736170 0.2631182 0.0647648 0.0675910 0.0755447 0.0495653 0.0469646 0.0469646 0.0470566 0.0495653 0.0470272 0.0467202 0.0558642 0.0558642 0.0470904 0.0447236 0.0551907 0.0469960 0.0444565 0.0467202 0.0494364 0.0494364 0.0493008 0.0445771 0.0420220 0.0420220 0.0449458 0.0808596 0.0568321 0.0647121 0.0593809 0.0625383 0.0620560 0.0631957 0.0619872 0.0619872 0.0524157 0.0549672 0.0549672 0.0524157 0.0514353 0.0538787 0.0566047 0.0514786 0.0513785 0.0514786 0.0514353 0.0489465 0.0489465 0.0519574 0.0538787 0.0826946 0.0845492 0.0696225 0.0496184 0.0636123 0.0555321 0.0660915 0.0576043 0.0743538 0.0579170 0.0681207 0.0472691 0.0645399 0.0844540 0.0685927 0.0604726 0.0693422 0.0633525 0.0546877 0.0717700 0.1143581 0.0316503 0.1007777 0.0085471 0.0063870 0.0085437 0.0085437 0.0085437 0.0063837 0.0063837 0.0129206 0.0020998 0.0000010 0.0063598 0.0085755 0.0085710 0.0241950 0.0475197 0.0221381 0.0198417 0.0909783 0.0388116 0.0313438 0.0672755 0.0934290 0.1299380 0.1033463 0.0747171 0.0604367 0.0374525 0.2068696 0.1896431 0.0520442 0.0585839 0.0771443 
XM_021091238_1_PREDICTED_Sus_scrofa_REV3_like_DNA_directed_polymerase_zeta_catalytic_subunit_REV3L_transcript_variant_X1_mRNA_1                            0.0600924 0.1197907 0.1423974 0.0570815 0.0391311 0.0593547 0.0574024 0.0000000 0.0797625 0.0570815 0.0582459 0.0440443 0.0631890 0.0496705 0.0814808 0.0921688 0.0688507 0.0996248 0.0626785 0.1485292 0.0549734 0.1400993 0.1452369 0.1395180 0.1058872 0.1053821 0.0995980 0.0786038 0.0987500 0.7727737 0.1263152 0.1030379 0.0857205 0.1291971 0.1066946 0.1373706 0.1023322 0.1001166 0.1046216 0.0982291 0.0753002 0.0888897 0.0834701 0.2706258 0.0853197 0.0883532 0.0944155 0.0395538 0.0420824 0.0420824 0.0471873 0.0395538 0.0416342 0.0490740 0.0612975 0.0612975 0.0494599 0.0448539 0.0473090 0.0416075 0.0391311 0.0490740 0.0518033 0.0518033 0.0492999 0.0543997 0.0517823 0.0517823 0.0548479 0.0621765 0.0567061 0.0593547 0.0541169 0.0571790 0.0515041 0.0524422 0.0514471 0.0514471 0.0393975 0.0369269 0.0369269 0.0393975 0.0366768 0.0293565 0.0416191 0.0367059 0.0416191 0.0367059 0.0366768 0.0365690 0.0365690 0.0370466 0.0293565 0.0972350 0.1014095 0.0667155 0.0573656 0.0604658 0.0525294 0.0548829 0.0518765 0.0521581 0.0438072 0.0569553 0.0394163 0.0584799 0.0819870 0.0600129 0.0469557 0.0552518 0.0496705 0.0444121 0.0599614 0.1169846 0.0634752 0.1024041 0.0571453 0.0597530 0.0623471 0.0623471 0.0623471 0.0545327 0.0545327 0.0624054 0.0600924 0.0574024 0.0630111 0.0688071 0.0633760 0.0597102 0.1222674 0.0576984 0.0577637 0.1062603 0.0658856 0.0575075 0.0923199 0.0984024 0.1321375 0.1052719 0.0729961 0.0737444 0.0437293 0.2043571 0.1993880 0.0440253 0.0640575 0.0688311 
XM_040758199_1_PREDICTED_Mesocricetus_auratus_REV3_like_DNA_directed_polymerase_zeta_catalytic_subunit_Rev3l_transcript_variant_X1_mRNA_1                  0.0557767 0.0602488 0.0787430 0.0588308 0.0712319 0.0815944 0.0530949 0.0797625 0.0000000 0.0588308 0.0872995 0.0791701 0.0959940 0.0817090 0.0793097 0.0265380 0.0467037 0.0625843 0.0931090 0.1720553 0.0585711 0.1526729 0.1610072 0.1520848 0.1099481 0.1097514 0.0909655 0.0630206 0.0658967 0.7727737 0.0569710 0.0526888 0.0678220 0.0679564 0.0507035 0.0807403 0.0436720 0.0364939 0.0311503 0.0264444 0.0656782 0.0619090 0.0653828 0.3021682 0.0784341 0.0813672 0.0933046 0.0743983 0.0714573 0.0714573 0.0716096 0.0743983 0.0741506 0.0792782 0.0908918 0.0908918 0.0718235 0.0716869 0.0835613 0.0740937 0.0712319 0.0792782 0.0743934 0.0743934 0.0716061 0.0740367 0.0734986 0.0734986 0.0746802 0.0890655 0.0730306 0.0815944 0.0757805 0.0793592 0.0786962 0.0760609 0.0786058 0.0786058 0.0742719 0.0770696 0.0770696 0.0742719 0.0758175 0.0784897 0.0815924 0.0758899 0.0757304 0.0758899 0.0758175 0.0730698 0.0730698 0.0766297 0.0784897 0.0980001 0.1236343 0.0940172 0.0733677 0.0928563 0.0837637 0.0836812 0.0765366 0.0857308 0.0770399 0.0764917 0.0725910 0.0882677 0.1077765 0.0908736 0.0784935 0.0885302 0.0817090 0.0769029 0.0899648 0.1484192 0.0453631 0.1314774 0.0588981 0.0615821 0.0642507 0.0642507 0.0642507 0.0562085 0.0562085 0.0643122 0.0557767 0.0530949 0.0586785 0.0644374 0.0590179 0.0632132 0.0906666 0.0558997 0.0585051 0.1106098 0.0695452 0.0608227 0.0962040 0.1174349 0.1462742 0.1278621 0.0905019 0.0802772 0.0689821 0.2679769 0.2187265 0.0739866 0.0940444 0.0991104 
XM_015448392_1_PREDICTED_Macaca_fascicularis_REV3_like_DNA_directed_polymerase_zeta_catalytic_subunit_REV3L_transcript_variant_X1_mRNA_1                   0.0063870 0.1040055 0.1318447 0.0000010 0.0442202 0.0643449 0.0042381 0.0570815 0.0588308 0.0000000 0.0525857 0.0514370 0.0660003 0.0629885 0.0666284 0.0759663 0.0541423 0.0885786 0.0741843 0.1484140 0.0220967 0.1431716 0.1560539 0.1439002 0.1009716 0.1068991 0.0849638 0.0723053 0.0700212 0.7727737 0.1100825 0.0990051 0.0757639 0.1220990 0.0894201 0.1175148 0.0883243 0.0831417 0.0766621 0.0708469 0.0703177 0.0778482 0.0731835 0.2564313 0.0643836 0.0671891 0.0750868 0.0492966 0.0467127 0.0467127 0.0468036 0.0492966 0.0467746 0.0464710 0.0555488 0.0555488 0.0468373 0.0444845 0.0548831 0.0467438 0.0442202 0.0464710 0.0491692 0.0491692 0.0490348 0.0443393 0.0418003 0.0418003 0.0447041 0.0803770 0.0565184 0.0643449 0.0590505 0.0621835 0.0617072 0.0628337 0.0616392 0.0616392 0.0521275 0.0546624 0.0546624 0.0521275 0.0511580 0.0535862 0.0562935 0.0512008 0.0511018 0.0512008 0.0511580 0.0486848 0.0486848 0.0516743 0.0535862 0.0891186 0.0840198 0.0692092 0.0493489 0.0632449 0.0552204 0.0657078 0.0572823 0.0739119 0.0575905 0.0677272 0.0470140 0.0641608 0.0910781 0.0626938 0.0601291 0.0689313 0.0629885 0.0543859 0.0713439 0.1135622 0.0367155 0.1001087 0.0042149 0.0020998 0.0042132 0.0042132 0.0042132 0.0020988 0.0020988 0.0084946 0.0063870 0.0042381 0.0063879 0.0086135 0.0086089 0.0243114 0.0479964 0.0222449 0.0199358 0.0915504 0.0440314 0.0363495 0.0732215 0.1002884 0.1380370 0.1105372 0.0742667 0.0663204 0.0372566 0.2090866 0.1996343 0.0517596 0.0582498 0.0766790 
XM_004753515_2_PREDICTED_Mustela_putorius_furo_REV3_like_polymerase_DNA_directed_zeta_catalytic_subunit_REV3L_transcript_variant_X1_mRNA_1                 0.0555605 0.1255692 0.1593693 0.0525857 0.0291301 0.0604896 0.0528797 0.0582459 0.0872995 0.0525857 0.0000000 0.0293156 0.0503030 0.0539385 0.0926866 0.1067049 0.0780025 0.0964568 0.0750178 0.1431572 0.0475099 0.1401584 0.1531126 0.1395558 0.1060321 0.1124276 0.0800882 0.0809069 0.0971603 0.7727737 0.1298751 0.1139631 0.1015390 0.1524383 0.1250665 0.1591199 0.1245011 0.1036706 0.1005949 0.0941540 0.0724643 0.0729215 0.0845308 0.2696760 0.0861710 0.0892350 0.0894092 0.0290593 0.0266928 0.0266928 0.0289712 0.0290593 0.0315213 0.0267545 0.0042061 0.0042061 0.0174231 0.0197743 0.0315757 0.0315022 0.0291301 0.0267545 0.0219513 0.0219513 0.0242469 0.0292033 0.0268273 0.0268273 0.0294388 0.0767082 0.0577867 0.0604896 0.0551461 0.0582782 0.0578270 0.0614821 0.0577619 0.0577619 0.0400387 0.0425219 0.0425219 0.0400387 0.0476352 0.0501124 0.0528582 0.0476756 0.0528582 0.0476756 0.0476352 0.0502256 0.0502256 0.0481283 0.0501124 0.0930367 0.0907569 0.0676484 0.0476369 0.0476761 0.0400047 0.0586133 0.0499826 0.0583965 0.0505723 0.0578850 0.0352360 0.0513312 0.0868185 0.0536729 0.0511013 0.0597930 0.0539385 0.0402667 0.0721453 0.1225821 0.0613778 0.1075181 0.0526451 0.0552484 0.0548333 0.0548333 0.0578408 0.0500382 0.0500382 0.0578956 0.0555605 0.0528797 0.0578569 0.0642222 0.0587998 0.0661346 0.1132346 0.0618667 0.0588120 0.1300671 0.0669015 0.0582256 0.0912161 0.0772509 0.1324062 0.0965934 0.0557983 0.0665754 0.0426511 0.2250150 0.2253652 0.0421939 0.0063384 0.0634843 
XM_034668992_1_PREDICTED_Ailuropoda_melanoleuca_REV3_like_DNA_directed_polymerase_zeta_catalytic_subunit_REV3L_transcript_variant_X1_mRNA_1                0.0543304 0.0993768 0.1308718 0.0514370 0.0241836 0.0538855 0.0517173 0.0440443 0.0791701 0.0514370 0.0293156 0.0000000 0.0443870 0.0397936 0.0884774 0.0976324 0.0677069 0.0911209 0.0596435 0.1579278 0.0486933 0.1493240 0.1547161 0.1414886 0.0964792 0.1022807 0.0853960 0.0759040 0.0918701 0.7727737 0.1054623 0.0985484 0.0832978 0.1244572 0.1057866 0.1372619 0.1049271 0.0995772 0.0856444 0.0796335 0.0626098 0.0751444 0.0795072 0.2564313 0.0753801 0.0782822 0.0784466 0.0265358 0.0242081 0.0242081 0.0288651 0.0265358 0.0218784 0.0084748 0.0318980 0.0318980 0.0219187 0.0197107 0.0290017 0.0264913 0.0241836 0.0084748 0.0240964 0.0240964 0.0263952 0.0313758 0.0289978 0.0289978 0.0316274 0.0641864 0.0513029 0.0538855 0.0487712 0.0517213 0.0513371 0.0547419 0.0512806 0.0512806 0.0317445 0.0293570 0.0293570 0.0317445 0.0389665 0.0364840 0.0439240 0.0389976 0.0439240 0.0389976 0.0389665 0.0414279 0.0414279 0.0393582 0.0364840 0.0907810 0.0945185 0.0579498 0.0490745 0.0469545 0.0394068 0.0443144 0.0389399 0.0441747 0.0368057 0.0437977 0.0297576 0.0476106 0.0675675 0.0395940 0.0421188 0.0451599 0.0397936 0.0368281 0.0569701 0.0970935 0.0546375 0.0836672 0.0514938 0.0540329 0.0565614 0.0565614 0.0565614 0.0489509 0.0489509 0.0566140 0.0543304 0.0517173 0.0565747 0.0627587 0.0574763 0.0616647 0.1073938 0.0627311 0.0597454 0.1106817 0.0571479 0.0440080 0.0800264 0.0846100 0.1262629 0.1068019 0.0655160 0.0661988 0.0417370 0.2086704 0.2114416 0.0412978 0.0343387 0.0732435 
XM_015600069_2_PREDICTED_Pteropus_alecto_REV3_like_DNA_directed_polymerase_zeta_catalytic_subunit_REV3L_transcript_variant_X1_mRNA_1                       0.0691897 0.1314014 0.1533614 0.0660003 0.0449348 0.0707024 0.0663875 0.0631890 0.0959940 0.0660003 0.0503030 0.0443870 0.0000000 0.0474297 0.1029041 0.1157493 0.0865721 0.1214387 0.0801384 0.1475942 0.0694887 0.1436509 0.1535207 0.1475056 0.1338240 0.1434350 0.1066493 0.0862407 0.1099976 0.7727737 0.1430445 0.1105533 0.1160151 0.1398316 0.1243266 0.1651106 0.1169071 0.1181937 0.1092470 0.1092470 0.0881506 0.0938009 0.0907730 0.3411295 0.1014873 0.1046817 0.1048587 0.0393898 0.0368865 0.0368865 0.0418835 0.0393898 0.0475275 0.0546974 0.0555287 0.0555287 0.0470912 0.0447270 0.0500182 0.0474957 0.0449348 0.0546974 0.0499551 0.0499551 0.0474340 0.0584468 0.0557435 0.0557435 0.0589394 0.0872471 0.0679265 0.0707024 0.0652293 0.0685165 0.0679754 0.0718666 0.0678994 0.0678994 0.0500141 0.0525525 0.0525525 0.0500141 0.0524749 0.0549643 0.0547507 0.0525200 0.0577465 0.0525200 0.0524749 0.0550878 0.0550878 0.0530166 0.0549643 0.1063126 0.0983966 0.0670654 0.0632613 0.0020984 0.0085082 0.0388188 0.0463955 0.0570679 0.0469840 0.0485148 0.0348993 0.0369109 0.0850923 0.0552656 0.0474614 0.0558579 0.0474297 0.0370730 0.0772375 0.1205453 0.0725988 0.1091846 0.0660749 0.0687811 0.0660602 0.0660602 0.0714674 0.0633616 0.0633616 0.0715347 0.0691897 0.0663875 0.0722429 0.0783192 0.0726800 0.0821394 0.1204454 0.0779455 0.0780046 0.1357247 0.0713221 0.0663161 0.0806420 0.0980577 0.1280803 0.1151449 0.0698807 0.0699398 0.0555044 0.2237242 0.2240624 0.0549268 0.0582239 0.0801444 
XM_005883745_2_PREDICTED_Myotis_brandtii_REV3_like_polymerase_DNA_directed_zeta_catalytic_subunit_REV3L_transcript_variant_X1_mRNA_1                       0.0661130 0.1228783 0.1344974 0.0629885 0.0399010 0.0660414 0.0633525 0.0496705 0.0817090 0.0629885 0.0539385 0.0397936 0.0474297 0.0000000 0.0926045 0.1008959 0.0761330 0.1151914 0.0698506 0.1573978 0.0591651 0.1420437 0.1541839 0.1482331 0.1319650 0.1383327 0.0990959 0.0874636 0.1000198 0.7727737 0.1295975 0.1085406 0.0988911 0.1256278 0.1156619 0.1446127 0.1149373 0.1029849 0.0971842 0.0908092 0.0860920 0.0807263 0.0829221 0.2860478 0.0965237 0.0997086 0.0998873 0.0375942 0.0350671 0.0350671 0.0401132 0.0375942 0.0424553 0.0448361 0.0569805 0.0569805 0.0451958 0.0428089 0.0453972 0.0424275 0.0399010 0.0448361 0.0475590 0.0475590 0.0479323 0.0531980 0.0505322 0.0505322 0.0536467 0.0802164 0.0632814 0.0660414 0.0605928 0.0638293 0.0633266 0.0671345 0.0632551 0.0632551 0.0481248 0.0506806 0.0506806 0.0481248 0.0506034 0.0531114 0.0529013 0.0506470 0.0559054 0.0506470 0.0506034 0.0504631 0.0504631 0.0511321 0.0531114 0.0863532 0.1009475 0.0624147 0.0561296 0.0448395 0.0372723 0.0445513 0.0476312 0.0531989 0.0400008 0.0447356 0.0248909 0.0427689 0.0417732 0.0150991 0.0085048 0.0107867 0.0000010 0.0296576 0.0670077 0.1168092 0.0678202 0.1019551 0.0630594 0.0657293 0.0683814 0.0683814 0.0683814 0.0603828 0.0603828 0.0684456 0.0661130 0.0633525 0.0661253 0.0750908 0.0695296 0.0717012 0.1181422 0.0674449 0.0675099 0.1239478 0.0666283 0.0616117 0.0817537 0.0860723 0.1168021 0.1119298 0.0720380 0.0727928 0.0474395 0.2226870 0.2175246 0.0530728 0.0597481 0.0799750 
XM_006157005_3_PREDICTED_Tupaia_chinensis_REV3_like_DNA_directed_polymerase_zeta_catalytic_subunit_REV3L_transcript_variant_X3_mRNA_1                      0.0690225 0.1259099 0.1494562 0.0666284 0.0830730 0.1026352 0.0662392 0.0814808 0.0793097 0.0666284 0.0926866 0.0884774 0.1029041 0.0926045 0.0000000 0.0918193 0.0934096 0.1154374 0.1119727 0.1671463 0.0633706 0.1659166 0.1745747 0.1653522 0.1293030 0.1409715 0.1068126 0.0925415 0.0909356 0.7727737 0.1241686 0.1194232 0.1010283 0.1363616 0.1081235 0.1370510 0.1076381 0.1013154 0.0975161 0.0975161 0.0977106 0.1131673 0.1029597 0.3697546 0.1075209 0.1107606 0.1238446 0.0863679 0.0833277 0.0833277 0.0799054 0.0863679 0.0860881 0.0845342 0.0962987 0.0962987 0.0834849 0.0809487 0.0958606 0.0860196 0.0830730 0.0845342 0.0860974 0.0860974 0.0832487 0.0891914 0.0861446 0.0861446 0.0899743 0.1162671 0.0935983 0.1026352 0.0964742 0.1004403 0.0995591 0.1014906 0.0994454 0.0994454 0.0761830 0.0789481 0.0789481 0.0761830 0.0763761 0.0847349 0.0879061 0.0821088 0.0819347 0.0821088 0.0763761 0.0761935 0.0761935 0.0829113 0.0847349 0.1200715 0.1235142 0.0935035 0.0925105 0.0997173 0.0904826 0.0957126 0.0767563 0.0979821 0.0765330 0.0942418 0.0775951 0.0945050 0.1195499 0.0955428 0.0860565 0.0995888 0.0926045 0.0818138 0.1086816 0.1565799 0.0692568 0.1433227 0.0613239 0.0694321 0.0721392 0.0721392 0.0721392 0.0639690 0.0639690 0.0613678 0.0634691 0.0662392 0.0664387 0.0693032 0.0668310 0.0679959 0.1136457 0.0606825 0.0578570 0.1067983 0.0864829 0.0739681 0.1121849 0.1071184 0.1688291 0.1285841 0.0916678 0.0788592 0.0708469 0.2799096 0.2592338 0.0858037 0.0994521 0.1064004 
XM_027402162_2_PREDICTED_Cricetulus_griseus_REV3_like_DNA_directed_polymerase_zeta_catalytic_subunit_Rev3l_transcript_variant_X5_mRNA_1                    0.0726266 0.0632015 0.0844639 0.0759663 0.0894353 0.0907157 0.0697877 0.0921688 0.0265380 0.0759663 0.1067049 0.0976324 0.1157493 0.1008959 0.0918193 0.0000000 0.0681929 0.0738453 0.1061890 0.1729160 0.0756064 0.1605424 0.1546388 0.1482895 0.1270903 0.1268009 0.1067200 0.0658368 0.0893440 0.7727737 0.0598517 0.0692963 0.0737921 0.0734941 0.0563021 0.0816213 0.0441420 0.0518307 0.0410631 0.0361492 0.0887860 0.0822098 0.0825403 0.3076265 0.0931206 0.0961805 0.1085852 0.0928267 0.0897074 0.0897074 0.0899046 0.0928267 0.0925275 0.0977872 0.1105656 0.1105656 0.0925753 0.0900198 0.1025862 0.0924518 0.0894353 0.0977872 0.0952475 0.0952475 0.0923246 0.0947548 0.0916704 0.0916704 0.0955861 0.0982798 0.0819102 0.0907157 0.0847266 0.0884870 0.0877284 0.0850318 0.0876274 0.0876274 0.0926537 0.0955833 0.0955833 0.0926537 0.0878784 0.0906222 0.0938665 0.0879659 0.0877774 0.0879659 0.0878784 0.0850448 0.0850448 0.0888296 0.0906222 0.1238696 0.1379090 0.1138700 0.0925866 0.1124321 0.1028414 0.1027429 0.0948978 0.1108399 0.0893704 0.1008168 0.0911615 0.0993972 0.1286923 0.1039624 0.0974882 0.1082915 0.1008959 0.0953986 0.1029188 0.1751793 0.0648545 0.1567816 0.0760536 0.0788791 0.0816770 0.0816770 0.0816770 0.0732188 0.0732188 0.0817546 0.0726266 0.0697877 0.0757243 0.0818928 0.0761887 0.0803292 0.0900975 0.0727931 0.0755215 0.1115143 0.0872005 0.0691102 0.1154549 0.1412756 0.1642982 0.1498820 0.1126549 0.1014538 0.0871865 0.2883287 0.2537296 0.0923522 0.1139011 0.1148780 
XM_013069186_2_PREDICTED_Heterocephalus_glaber_REV3_like_DNA_directed_polymerase_zeta_catalytic_subunit_Rev3l_transcript_variant_X1_mRNA_1                 0.0570793 0.0921892 0.1232668 0.0541423 0.0548468 0.0786079 0.0544406 0.0688507 0.0467037 0.0541423 0.0780025 0.0677069 0.0865721 0.0761330 0.0934096 0.0681929 0.0000000 0.0882180 0.0779511 0.1639186 0.0648924 0.1550902 0.1634254 0.1545097 0.1032278 0.1091055 0.0943669 0.0654031 0.0687020 0.7727737 0.1012536 0.0874418 0.0723364 0.1110050 0.0908654 0.1154715 0.0830363 0.0780067 0.0681949 0.0626985 0.0356438 0.0414344 0.0333723 0.2884648 0.0596971 0.0623828 0.0733506 0.0577026 0.0603987 0.0603987 0.0658304 0.0577026 0.0575106 0.0731422 0.0813365 0.0813365 0.0629884 0.0658948 0.0716147 0.0523016 0.0548468 0.0731422 0.0654096 0.0654096 0.0627972 0.0689619 0.0661758 0.0661758 0.0695445 0.0953668 0.0704030 0.0786079 0.0730420 0.0764464 0.0758344 0.0799035 0.0757502 0.0757502 0.0661568 0.0688089 0.0688089 0.0661568 0.0677438 0.0649918 0.0732000 0.0678048 0.0676686 0.0678048 0.0677438 0.0651365 0.0651365 0.0684419 0.0649918 0.1079982 0.1185892 0.0846199 0.0689337 0.0836204 0.0750488 0.0747648 0.0737457 0.0856706 0.0687635 0.0737035 0.0644549 0.0733170 0.1113935 0.0816515 0.0730742 0.0825751 0.0761330 0.0723170 0.0808633 0.1421662 0.0497209 0.1261680 0.0542022 0.0567634 0.0593120 0.0593120 0.0593120 0.0516361 0.0516361 0.0593671 0.0570793 0.0544406 0.0599363 0.0656037 0.0602763 0.0672826 0.1177146 0.0653126 0.0626413 0.0937027 0.0627468 0.0543980 0.0940313 0.1170727 0.1643215 0.1353835 0.0893961 0.0905812 0.0690739 0.2430539 0.2267035 0.0710862 0.0842866 0.0889691 
XM_008852401_2_PREDICTED_Nannospalax_galili_REV3_like_DNA_directed_polymerase_zeta_catalytic_subunit_Rev3l_transcript_variant_X1_mRNA_1                    0.0922221 0.0921932 0.1343969 0.0885786 0.0888600 0.1073805 0.0891513 0.0996248 0.0625843 0.0885786 0.0964568 0.0911209 0.1214387 0.1151914 0.1154374 0.0738453 0.0882180 0.0000000 0.1239527 0.1833198 0.0794361 0.1625638 0.1869644 0.1692822 0.1506709 0.1502294 0.1174171 0.0839937 0.1018873 1.2120819 0.0977646 0.0881921 0.1025048 0.1217553 0.0948882 0.1267483 0.0892847 0.0841914 0.0795713 0.0738590 0.0884895 0.0964165 0.1098371 0.2633153 0.0758920 0.0788067 0.0852235 0.0922267 0.0891293 0.0891293 0.0890574 0.0922267 0.0919308 0.0971593 0.1001554 0.1001554 0.0979212 0.0953822 0.1019156 0.0918560 0.0888600 0.0971593 0.1006019 0.1006019 0.0976655 0.0977893 0.0946838 0.0946838 0.0986470 0.1065863 0.0981076 0.1073805 0.1010520 0.1051645 0.1042187 0.1013996 0.1040982 0.1040982 0.1062870 0.1031398 0.1031398 0.1062870 0.0909601 0.0879050 0.0969963 0.0910516 0.0969963 0.0910516 0.0909601 0.0881076 0.0881076 0.0919463 0.0879050 0.1593494 0.1532883 0.1217459 0.1093310 0.1180275 0.1106960 0.0978084 0.0960267 0.1125200 0.0970568 0.1020154 0.0947637 0.1092285 0.1467257 0.1253057 0.1116305 0.1230656 0.1151914 0.0965408 0.1204919 0.1680702 0.0915663 0.1535183 0.0886811 0.0916242 0.0945300 0.0945300 0.0945300 0.0857267 0.0857267 0.0946196 0.0922221 0.0891513 0.0955938 0.1023656 0.0962297 0.0944252 0.1114584 0.0961004 0.0953627 0.1262715 0.1022102 0.0862455 0.1297910 0.1481234 0.1851185 0.1611181 0.1131512 0.1106973 0.0876230 0.2705823 0.2475997 0.0995195 0.1033755 0.1272093 
XM_023650934_1_PREDICTED_Equus_caballus_REV3_like_DNA_directed_polymerase_zeta_catalytic_subunit_REV3L_transcript_variant_X1_mRNA_1                        0.0775080 0.1380912 0.1516880 0.0741843 0.0574237 0.0792520 0.0746331 0.0626785 0.0931090 0.0741843 0.0750178 0.0596435 0.0801384 0.0698506 0.1119727 0.1061890 0.0779511 0.1239527 0.0000000 0.1642398 0.0748267 0.1553553 0.1610235 0.1574549 0.1407956 0.1290918 0.1103792 0.0919862 0.1169892 0.7727737 0.1455165 0.1182021 0.1131887 0.1380803 0.1118027 0.1589095 0.1166729 0.1181307 0.1094981 0.1029192 0.0905502 0.1051832 0.0960840 0.2742183 0.0986025 0.1017861 0.1047526 0.0580320 0.0553328 0.0553328 0.0607033 0.0580320 0.0601117 0.0649539 0.0727347 0.0727347 0.0601767 0.0607597 0.0664036 0.0600696 0.0574237 0.0649539 0.0625839 0.0625839 0.0599914 0.0660757 0.0633154 0.0633154 0.0666328 0.0846499 0.0709365 0.0792520 0.0736095 0.0770650 0.0762259 0.0747702 0.0707124 0.0707124 0.0576300 0.0602121 0.0602121 0.0576300 0.0625671 0.0545073 0.0679792 0.0572309 0.0624972 0.0572309 0.0625671 0.0599758 0.0599758 0.0577696 0.0545073 0.1192942 0.1147639 0.0901428 0.0741964 0.0772524 0.0688655 0.0742507 0.0733371 0.0794280 0.0683674 0.0787332 0.0584707 0.0728019 0.1027334 0.0695236 0.0723557 0.0760976 0.0698506 0.0661866 0.0020893 0.1249213 0.0754392 0.1163278 0.0742682 0.0770373 0.0797811 0.0797811 0.0742537 0.0714907 0.0714907 0.0798568 0.0775080 0.0746331 0.0806520 0.0869268 0.0811536 0.0884507 0.1360711 0.0808238 0.0808810 0.1365230 0.0807027 0.0715770 0.1024242 0.1128347 0.1608514 0.1417332 0.0948592 0.0899933 0.0630492 0.2416116 0.2333684 0.0573847 0.0756156 0.0912669 
XM_007484437_2_PREDICTED_Monodelphis_domestica_REV3_like_DNA_directed_polymerase_zeta_catalytic_subunit_REV3L_transcript_variant_X1_mRNA_1                 0.1532798 0.1970190 0.2334560 0.1484140 0.1520966 0.1547937 0.1495691 0.1485292 0.1720553 0.1484140 0.1431572 0.1579278 0.1475942 0.1573978 0.1671463 0.1729160 0.1639186 0.1833198 0.1642398 0.0000000 0.1619294 0.0482472 0.0455628 0.0541364 0.2052383 0.2076367 0.1652545 0.1532016 0.2019171 0.7727737 0.2134828 0.1811568 0.1597948 0.2171963 0.1781441 0.2321509 0.1620818 0.1864025 0.1780715 0.1780715 0.1494435 0.1749747 0.1648954 0.4975825 0.1805290 0.1764787 0.1853441 0.1460426 0.1424410 0.1424410 0.1494979 0.1460426 0.1557906 0.1652373 0.1501475 0.1501475 0.1520738 0.1511233 0.1545627 0.1556383 0.1520966 0.1652373 0.1482677 0.1482677 0.1449540 0.1591946 0.1554743 0.1554743 0.1606774 0.1689201 0.1509432 0.1547937 0.1542884 0.1562229 0.1609059 0.1571878 0.1538074 0.1538074 0.1527381 0.1561009 0.1561009 0.1527381 0.1491746 0.1547340 0.1542847 0.1517503 0.1513903 0.1517503 0.1491746 0.1489519 0.1489519 0.1533298 0.1547340 0.1782694 0.1644649 0.1429677 0.1382556 0.1440092 0.1407486 0.1419140 0.1663493 0.1678885 0.1574051 0.1643062 0.1454242 0.1335912 0.1751376 0.1607869 0.1575506 0.1637543 0.1573978 0.1550900 0.1603923 0.2062384 0.1596785 0.1893181 0.1461829 0.1481116 0.1554949 0.1554949 0.1480972 0.1450816 0.1450816 0.1532321 0.1532798 0.1495691 0.1573684 0.1587845 0.1515692 0.1696330 0.2376531 0.1654032 0.1653090 0.2156192 0.1637488 0.1506774 0.1786737 0.1523986 0.2029809 0.1535144 0.1424462 0.1579696 0.1291437 0.2457572 0.2474863 0.1548824 0.1538412 0.1484042 
XM_035296530_1_PREDICTED_Callithrix_jacchus_REV3_like_DNA_directed_polymerase_zeta_catalytic_subunit_REV3L_transcript_variant_X1_mRNA_1                    0.0243053 0.1051784 0.1339759 0.0220967 0.0415401 0.0624384 0.0219909 0.0549734 0.0585711 0.0220967 0.0475099 0.0486933 0.0694887 0.0591651 0.0633706 0.0756064 0.0648924 0.0794361 0.0748267 0.1619294 0.0000000 0.1433313 0.1561579 0.1427426 0.0970050 0.1052337 0.0727190 0.0695362 0.0726605 0.7727737 0.1034178 0.1001222 0.0724743 0.1214184 0.0947089 0.1233871 0.0936994 0.0770104 0.0756244 0.0698860 0.0703887 0.0721792 0.0847144 0.2516626 0.0701497 0.0730145 0.0754276 0.0442134 0.0416764 0.0416764 0.0417567 0.0442134 0.0440624 0.0415723 0.0504083 0.0504083 0.0441238 0.0417872 0.0520568 0.0440338 0.0415401 0.0415723 0.0464364 0.0464364 0.0439776 0.0416501 0.0391433 0.0391433 0.0419911 0.0762626 0.0545764 0.0624384 0.0571220 0.0602534 0.0597897 0.0608910 0.0597231 0.0597231 0.0553144 0.0578942 0.0578942 0.0553144 0.0492004 0.0516429 0.0543574 0.0492417 0.0543574 0.0492417 0.0492004 0.0467147 0.0467147 0.0497015 0.0516429 0.0945105 0.0940091 0.0844982 0.0632704 0.0666780 0.0584964 0.0637716 0.0553236 0.0664061 0.0556188 0.0658236 0.0482926 0.0621853 0.0887962 0.0644380 0.0562774 0.0651500 0.0591651 0.0535708 0.0719564 0.1253187 0.0413378 0.1111693 0.0267398 0.0244231 0.0267307 0.0267307 0.0267307 0.0244089 0.0244089 0.0314427 0.0243053 0.0219909 0.0220720 0.0268214 0.0268058 0.0150878 0.0250008 0.0108866 0.0108011 0.0905726 0.0437418 0.0361190 0.0705026 0.0971794 0.1273194 0.1138161 0.0781495 0.0636182 0.0351923 0.2324293 0.2133919 0.0497807 0.0530691 0.0805981 
XM_031964400_1_PREDICTED_Sarcophilus_harrisii_REV3_like_DNA_directed_polymerase_zeta_catalytic_subunit_REV3L_transcript_variant_X1_mRNA_1                  0.1384659 0.1991026 0.2185220 0.1431716 0.1434715 0.1530205 0.1349092 0.1400993 0.1526729 0.1431716 0.1401584 0.1493240 0.1436509 0.1420437 0.1659166 0.1605424 0.1550902 0.1625638 0.1553553 0.0482472 0.1433313 0.0000000 0.0342602 0.0395405 0.1912235 0.1936483 0.1425148 0.1420528 0.1765811 0.7727737 0.1978925 0.1718593 0.1583853 0.2028543 0.1727644 0.2171091 0.1576791 0.1658348 0.1548605 0.1548605 0.1540794 0.1737407 0.1636622 0.4375948 0.1712828 0.1672889 0.1794279 0.1376020 0.1340489 0.1340489 0.1410206 0.1376020 0.1471175 0.1565346 0.1432240 0.1432240 0.1434843 0.1425735 0.1459625 0.1469754 0.1434715 0.1565346 0.1465004 0.1465004 0.1431836 0.1504816 0.1468100 0.1468100 0.1518863 0.1677169 0.1423561 0.1530205 0.1456712 0.1508605 0.1522200 0.1483968 0.1451992 0.1451992 0.1441076 0.1474414 0.1474414 0.1441076 0.1405717 0.1461210 0.1456808 0.1431459 0.1428066 0.1431459 0.1405717 0.1403460 0.1403460 0.1446411 0.1461210 0.1564507 0.1532125 0.1450503 0.1330704 0.1400382 0.1367463 0.1293811 0.1493759 0.1565973 0.1457105 0.1439473 0.1325981 0.1262772 0.1492090 0.1453685 0.1421784 0.1501112 0.1420437 0.1420825 0.1515618 0.2121408 0.1478789 0.1995314 0.1409216 0.1468265 0.1502251 0.1502251 0.1502251 0.1398469 0.1398469 0.1479455 0.1384659 0.1349092 0.1423870 0.1504994 0.1434803 0.1441297 0.1981432 0.1466629 0.1466160 0.1965607 0.1520209 0.1461016 0.1593638 0.1541087 0.2153209 0.1587511 0.1507687 0.1404303 0.1209065 0.2445073 0.2215618 0.1462450 0.1469304 0.1528759 
XM_036766364_1_PREDICTED_Trichosurus_vulpecula_REV3_like_DNA_directed_polymerase_zeta_catalytic_subunit_REV3L_transcript_variant_X1_mRNA_1                 0.1510489 0.1931208 0.2040616 0.1560539 0.1487837 0.1585514 0.1473426 0.1452369 0.1610072 0.1560539 0.1531126 0.1547161 0.1535207 0.1541839 0.1745747 0.1546388 0.1634254 0.1869644 0.1610235 0.0455628 0.1561579 0.0342602 0.0000000 0.0224622 0.2009052 0.2033130 0.1544139 0.1501174 0.1899364 0.7727737 0.2005487 0.1892283 0.1596765 0.1885019 0.1823300 0.2201824 0.1517564 0.1747419 0.1637584 0.1637584 0.1625154 0.1913360 0.1722843 0.4720076 0.1802644 0.1761551 0.1823225 0.1427070 0.1390685 0.1390685 0.1462020 0.1427070 0.1525181 0.1621044 0.1562900 0.1562900 0.1487747 0.1478246 0.1512988 0.1523674 0.1487837 0.1621044 0.1518564 0.1518564 0.1484687 0.1559613 0.1522000 0.1522000 0.1574385 0.1736157 0.1476267 0.1585514 0.1510133 0.1563842 0.1577100 0.1538923 0.1505281 0.1505281 0.1392993 0.1425956 0.1425956 0.1392993 0.1384521 0.1514679 0.1436113 0.1410513 0.1407137 0.1410513 0.1384521 0.1382237 0.1382237 0.1500119 0.1514679 0.1996580 0.1777650 0.1504593 0.1455039 0.1497747 0.1463776 0.1385502 0.1632246 0.1648043 0.1541849 0.1611758 0.1420419 0.1296738 0.1582681 0.1576148 0.1543353 0.1606270 0.1541839 0.1473188 0.1571336 0.2240333 0.1533351 0.2108034 0.1537825 0.1598640 0.1633880 0.1633880 0.1633880 0.1526097 0.1526097 0.1610822 0.1510489 0.1473426 0.1551330 0.1636646 0.1563712 0.1638641 0.2555635 0.1596073 0.1595280 0.2092517 0.1574717 0.1445207 0.1650187 0.1596493 0.2225100 0.1723511 0.1562618 0.1450754 0.1326806 0.2332229 0.2102024 0.1591761 0.1601549 0.1537916 
XM_027848601_1_PREDICTED_Vombatus_ursinus_REV3_like_DNA_directed_polymerase_zeta_catalytic_subunit_REV3L_transcript_variant_X1_mRNA_1                      0.1391553 0.1801055 0.1992308 0.1439002 0.1428821 0.1450603 0.1355736 0.1395180 0.1520848 0.1439002 0.1395558 0.1414886 0.1475056 0.1482331 0.1653522 0.1482895 0.1545097 0.1692822 0.1574549 0.0541364 0.1427426 0.0395405 0.0224622 0.0000000 0.1984864 0.2094660 0.1531789 0.1414531 0.1801107 0.7727737 0.1844895 0.1794071 0.1620494 0.1839961 0.1780298 0.2138057 0.1481327 0.1652541 0.1523642 0.1523642 0.1611981 0.1897386 0.1708959 0.4022697 0.1595918 0.1557440 0.1641480 0.1299710 0.1264806 0.1264806 0.1333389 0.1299710 0.1465311 0.1485822 0.1426244 0.1426244 0.1428972 0.1348182 0.1381467 0.1463895 0.1428821 0.1485822 0.1459166 0.1459166 0.1425962 0.1498990 0.1462237 0.1462237 0.1513013 0.1595254 0.1345709 0.1450603 0.1378431 0.1428705 0.1443024 0.1404007 0.1373824 0.1373824 0.1362714 0.1395640 0.1395640 0.1362714 0.1327782 0.1455369 0.1378640 0.1353396 0.1350205 0.1353396 0.1327782 0.1325520 0.1325520 0.1440493 0.1455369 0.1847992 0.1631754 0.1427280 0.1309522 0.1438445 0.1405150 0.1329789 0.1570519 0.1512582 0.1482227 0.1550826 0.1362987 0.1299182 0.1499596 0.1443086 0.1483755 0.1545635 0.1482331 0.1458906 0.1536461 0.2208396 0.1472894 0.2049896 0.1416380 0.1475818 0.1510045 0.1510045 0.1510045 0.1405527 0.1405527 0.1487120 0.1391553 0.1355736 0.1431043 0.1512803 0.1442110 0.1503294 0.2137010 0.1460779 0.1460322 0.1941462 0.1514469 0.1455178 0.1587974 0.1720095 0.2149056 0.1595991 0.1501857 0.1393966 0.1203212 0.2372403 0.2034221 0.1456595 0.1463339 0.1523009 
