152
NM_001372078_1_Homo_sapiens_REV3_like_DNA_directed_polymerase_zeta_catalytic_subunit_REV3L_transcript_variant_4_mRNA_1                                     0.0000000 0.2304962 0.2707322 0.0256181 0.1101285 0.1240273 0.0035183 0.1132682 0.1982989 0.0257723 0.1177257 0.1065704 0.1125805 0.1297302 0.1188211 0.1978985 0.1396760 0.1586130 0.1061947 0.3430255 0.0445021 0.3485456 0.3359825 0.3313485 0.1632824 0.1799227 0.1200430 0.1739779 0.1261047 0.2963291 0.2315726 0.2095785 0.1923735 0.2666026 0.2314281 0.2759428 0.2318812 0.2366545 0.2043700 0.2021838 0.1506462 0.1664950 0.1484812 0.1260281 0.1259823 0.1221942 0.1202721 0.1127514 0.1096007 0.1091547 0.1083082 0.1116605 0.1085524 0.1092561 0.1101285 0.1072118 0.1156079 0.1188104 0.1035012 0.1137512 0.1198103 0.1132778 0.1107765 0.1073686 0.1057516 0.1059195 0.1066752 0.1028153 0.1097235 0.1028814 0.1025172 0.1266447 0.1242174 0.1242748 0.1266267 0.1226318 0.1225404 0.1269464 0.1285512 0.1318333 0.1063793 0.1078089 0.1106802 0.1072460 0.1060417 0.1041903 0.1070827 0.1065618 0.1057170 0.1069723 0.1067884 0.1063982 0.1038023 0.1046876 0.1047041 0.1046684 0.1969174 0.1699329 0.1493860 0.1314253 0.1129668 0.1123721 0.1160327 0.1394015 0.1337352 0.1222274 0.1211093 0.1177378 0.1305177 0.1377224 0.1459240 0.1349509 0.1260635 0.1279706 0.1136263 0.1066530 0.2300424 0.1024698 0.2608377 0.0301558 0.0269807 0.0253663 0.0274596 0.0274702 0.0265462 0.0271762 0.0277813 0.0330266 0.0070795 0.0039447 0.0144602 0.0173173 0.0181075 0.0432044 0.0494637 0.0434854 0.0411672 0.1332157 0.0729499 0.0774700 0.1068963 0.1336361 0.1918606 0.1447564 0.1281701 0.1256980 0.1479313 0.5497964 0.5385249 0.0968489 0.1137951 0.1180557 
NM_011264_3_Mus_musculus_REV3_like_DNA_directed_polymerase_zeta_catalytic_subunit_Rev3l_mRNA_1                                                             0.2304962 0.0000000 0.1245415 0.2352710 0.2570085 0.2694008 0.2307782 0.2657740 0.1407798 0.2350530 0.2660625 0.2519848 0.2563269 0.2848797 0.2665161 0.1384218 0.2561516 0.1873898 0.2484351 0.4992706 0.2450298 0.5143747 0.4964218 0.4869423 0.2961757 0.3094768 0.2630442 0.2827065 0.2302801 0.0266593 0.0436322 0.1494572 0.2602215 0.1191035 0.0748643 0.0931495 0.0738070 0.1748131 0.1454505 0.1444497 0.2637785 0.2862063 0.2703529 0.2549209 0.2542923 0.2456656 0.2429723 0.2602209 0.2522153 0.2503186 0.2507669 0.2592434 0.2501019 0.2513345 0.2564981 0.2513888 0.2623829 0.2660725 0.2551457 0.2628578 0.2676493 0.2607743 0.2574185 0.2510597 0.2570744 0.2595477 0.2598082 0.2519084 0.2670464 0.2532433 0.2520307 0.2690081 0.2688550 0.2697913 0.2769390 0.2669871 0.2694385 0.2702168 0.2721128 0.2723429 0.2519091 0.2565557 0.2649873 0.2563130 0.2600372 0.2572978 0.2587802 0.2596957 0.2577192 0.2598797 0.2596776 0.2597014 0.2579907 0.2572473 0.2577629 0.2573837 0.3436576 0.3385853 0.3016583 0.2847688 0.2568867 0.2569073 0.2636413 0.2894150 0.2851161 0.2667689 0.2642334 0.2685812 0.2833409 0.2849391 0.3001127 0.2888463 0.2795470 0.2842586 0.2621743 0.2494383 0.3701049 0.2521944 0.4111595 0.2355599 0.2356641 0.2355934 0.2358008 0.2373334 0.2343620 0.2317605 0.2321361 0.2402368 0.2328843 0.2310655 0.2318318 0.2316602 0.2312402 0.2401846 0.2736792 0.2440269 0.2387865 0.2829176 0.2255329 0.2301184 0.2701254 0.2674962 0.3446880 0.2920553 0.2743991 0.2697736 0.2922195 0.7107382 0.7003878 0.2482333 0.2579801 0.2618938 
XM_006256524_2_PREDICTED_Rattus_norvegicus_REV3_like_DNA_directed_polymerase_zeta_catalytic_subunit_Rev3l_transcript_variant_X1_mRNA_1                     0.2707322 0.1245415 0.0000000 0.2730173 0.2989830 0.3112234 0.2706432 0.3046622 0.1770736 0.2733124 0.3028861 0.2863170 0.2973865 0.3228451 0.3100897 0.1753109 0.2968460 0.2290728 0.2879346 0.5417666 0.2848072 0.5631232 0.5392166 0.5349067 0.3316201 0.3487624 0.2978686 0.3272015 0.2703922 0.1499493 0.1250198 0.1794742 0.2951981 0.0173702 0.1256758 0.1556984 0.1244200 0.2082139 0.1802343 0.1806356 0.3052472 0.3272606 0.3144471 0.2910428 0.2902623 0.2794572 0.2791950 0.3038531 0.2955963 0.2929575 0.2932585 0.3040509 0.2911076 0.2927199 0.2995252 0.2884913 0.2974987 0.3018618 0.2929279 0.3017894 0.3093610 0.3031669 0.2987403 0.2881899 0.2933087 0.2962862 0.2968225 0.2885559 0.3007183 0.2872473 0.2873450 0.3088343 0.3121234 0.3116542 0.3222317 0.3094377 0.3134892 0.3108244 0.3141464 0.3131780 0.2893005 0.2933170 0.3040805 0.2930629 0.2984196 0.2915798 0.2971516 0.2972032 0.2962684 0.2975629 0.2983597 0.2980687 0.2945795 0.2952549 0.2944935 0.2910307 0.3792870 0.3833945 0.3385740 0.3259650 0.2979556 0.3017022 0.3019486 0.3309343 0.3212109 0.3030719 0.3038138 0.3053519 0.3216730 0.3227735 0.3423811 0.3296723 0.3131762 0.3204492 0.3047991 0.2877760 0.4066285 0.2957422 0.4490755 0.2753749 0.2731617 0.2754079 0.2728089 0.2755719 0.2721545 0.2718980 0.2706115 0.2813244 0.2739476 0.2709560 0.2708677 0.2750108 0.2757573 0.2793160 0.3219514 0.2840353 0.2782823 0.3184806 0.2658232 0.2667993 0.3102161 0.3110059 0.3815801 0.3271250 0.3186434 0.3134850 0.3389210 0.7242114 0.7146739 0.2851141 0.2968029 0.3023492 
XM_028847034_1_PREDICTED_Macaca_mulatta_REV3_like_DNA_directed_polymerase_zeta_catalytic_subunit_REV3L_transcript_variant_X1_mRNA_1                        0.0256181 0.2352710 0.2730173 0.0000000 0.1106559 0.1281205 0.0254492 0.1164903 0.2024463 0.0009800 0.1190509 0.1066774 0.1127948 0.1314305 0.1178144 0.2006550 0.1403719 0.1642248 0.1079767 0.3404560 0.0458577 0.3486913 0.3350266 0.3340229 0.1686297 0.1839174 0.1248692 0.1742362 0.1257128 0.3022248 0.2357072 0.2097211 0.1993225 0.2701191 0.2369831 0.2795905 0.2375101 0.2422777 0.2074367 0.2052607 0.1515824 0.1676129 0.1504927 0.1267976 0.1277794 0.1243462 0.1212154 0.1145483 0.1113190 0.1108700 0.1104025 0.1138518 0.1100821 0.1111498 0.1106559 0.1079949 0.1162026 0.1205803 0.1046266 0.1141185 0.1206459 0.1140536 0.1119258 0.1085338 0.1058188 0.1063672 0.1071238 0.1026740 0.1101695 0.1026452 0.1034358 0.1294396 0.1288318 0.1283719 0.1318556 0.1272458 0.1274963 0.1302039 0.1331939 0.1345716 0.1098949 0.1122696 0.1162359 0.1117014 0.1102761 0.1079013 0.1113315 0.1108002 0.1099435 0.1107332 0.1101433 0.1106355 0.1075358 0.1085248 0.1083831 0.1085961 0.1958460 0.1735022 0.1505655 0.1305254 0.1127478 0.1128208 0.1165099 0.1400224 0.1347944 0.1231326 0.1211077 0.1210517 0.1325384 0.1381551 0.1477840 0.1364600 0.1281016 0.1291518 0.1168204 0.1080028 0.2269714 0.1040090 0.2594712 0.0139150 0.0072172 0.0023946 0.0055077 0.0059410 0.0055121 0.0119906 0.0125695 0.0180377 0.0259543 0.0253012 0.0245285 0.0257955 0.0266322 0.0444314 0.0493389 0.0446733 0.0423348 0.1331478 0.0752712 0.0798924 0.1083058 0.1339353 0.1960184 0.1447311 0.1277984 0.1260008 0.1498181 0.5502278 0.5419456 0.0982279 0.1142525 0.1183745 
XM_014118216_3_PREDICTED_Canis_lupus_familiaris_REV3_like_DNA_directed_polymerase_zeta_catalytic_subunit_REV3L_transcript_variant_X1_mRNA_1                0.1101285 0.2570085 0.2989830 0.1106559 0.0000000 0.1139256 0.1106011 0.1011243 0.2232891 0.1108586 0.0602521 0.0488607 0.0952933 0.1163510 0.1424146 0.2229819 0.1589489 0.1792608 0.0953634 0.3451451 0.1223077 0.3513245 0.3331290 0.3359359 0.1978594 0.2120626 0.1506225 0.1952963 0.1440007 0.3351532 0.2618888 0.2318182 0.2147932 0.2954113 0.2559134 0.3062645 0.2558554 0.2681356 0.2169298 0.2179649 0.1678163 0.1855649 0.1702220 0.1465737 0.1449596 0.1416491 0.1381467 0.0566453 0.0579782 0.0572477 0.0569627 0.0574137 0.0567258 0.0567639 0.0002782 0.0500662 0.0584678 0.0607296 0.0460230 0.0615130 0.0693645 0.0077662 0.0067653 0.0505382 0.0476090 0.0484834 0.0489702 0.0435483 0.0482595 0.0441735 0.0440597 0.1140976 0.1142194 0.1141638 0.1157402 0.1132338 0.1135227 0.1159025 0.1171889 0.1210423 0.0940569 0.0958100 0.0974430 0.0952630 0.0937154 0.0918218 0.0940393 0.0934339 0.0924894 0.0935904 0.0938804 0.0942396 0.0901404 0.0907200 0.0919899 0.0903398 0.1884646 0.1586901 0.1371553 0.1213030 0.0958068 0.0976068 0.0973594 0.1230298 0.1169103 0.1053942 0.1032495 0.1054902 0.1155742 0.1216543 0.1304595 0.1204068 0.1134716 0.1134675 0.0987167 0.0950245 0.2102138 0.1235103 0.2370631 0.1125010 0.1123357 0.1111477 0.1124347 0.1128673 0.1117666 0.1115539 0.1118656 0.1194620 0.1119633 0.1108107 0.1082148 0.1119418 0.1113713 0.1179113 0.1332776 0.1183166 0.1171437 0.1656386 0.1051361 0.1079956 0.1422445 0.1335662 0.2006985 0.1497537 0.1312868 0.1287236 0.1507471 0.5528815 0.5411685 0.0821909 0.0564975 0.1221528 
XM_024996589_1_PREDICTED_Bos_taurus_REV3_like_DNA_directed_polymerase_zeta_catalytic_subunit_REV3L_transcript_variant_X1_mRNA_1                            0.1240273 0.2694008 0.3112234 0.1281205 0.1139256 0.0000000 0.1231126 0.0866386 0.2393174 0.1283329 0.1196413 0.1104606 0.1142930 0.1356938 0.1531759 0.2376361 0.1722690 0.1990063 0.1102240 0.3540281 0.1324531 0.3640005 0.3519406 0.3499824 0.2039881 0.2189102 0.1577931 0.2059596 0.1567387 0.3424483 0.2716826 0.2462420 0.2251527 0.3089565 0.2675286 0.3206829 0.2692930 0.2799406 0.2361192 0.2350309 0.1827931 0.1987136 0.1831258 0.1589810 0.1596368 0.1533894 0.1523071 0.1160895 0.1131777 0.1117794 0.1122568 0.1155454 0.1124984 0.1120604 0.1141083 0.1111365 0.1167152 0.1193802 0.1046895 0.1139976 0.1222247 0.1169645 0.1147488 0.1105308 0.1062724 0.1085870 0.1083959 0.1045188 0.1119834 0.1038644 0.1051482 0.0322483 0.0026607 0.0001392 0.0020281 0.0001399 0.0117993 0.0253803 0.0280882 0.0291170 0.0890029 0.0916146 0.0948113 0.0910762 0.0713390 0.0676372 0.0701343 0.0704130 0.0702115 0.0705789 0.0708062 0.0709474 0.0680018 0.0683803 0.0678295 0.0673148 0.2066799 0.1788763 0.1568495 0.1393357 0.1146224 0.1140671 0.1141097 0.1374916 0.1341103 0.1247385 0.1204611 0.1244524 0.1326238 0.1379922 0.1492930 0.1380049 0.1293406 0.1324422 0.1172557 0.1110683 0.2307292 0.1393466 0.2606062 0.1314394 0.1292877 0.1289146 0.1298056 0.1308474 0.1292963 0.1306619 0.1306251 0.1368723 0.1265763 0.1233303 0.1249356 0.1260916 0.1255258 0.1310982 0.1479023 0.1328465 0.1277254 0.1810020 0.1173259 0.1194615 0.1525751 0.1501522 0.2114555 0.1618144 0.1467079 0.1476560 0.1609600 0.5593628 0.5537009 0.1000958 0.1150487 0.1379305 
XM_016956167_2_PREDICTED_Pan_troglodytes_REV3_like_DNA_directed_polymerase_zeta_catalytic_subunit_REV3L_transcript_variant_X1_mRNA_1                       0.0035183 0.2307782 0.2706432 0.0254492 0.1106011 0.1231126 0.0000000 0.1138509 0.1981358 0.0256032 0.1182022 0.1066654 0.1119018 0.1294549 0.1180286 0.1974736 0.1389345 0.1573568 0.1050441 0.3420602 0.0439878 0.3472595 0.3350327 0.3311701 0.1630838 0.1806255 0.1187712 0.1730866 0.1251458 0.2963976 0.2311040 0.2089271 0.1926694 0.2673452 0.2304710 0.2743862 0.2321638 0.2364804 0.2032555 0.2017577 0.1496661 0.1660965 0.1476883 0.1260244 0.1255251 0.1226635 0.1203427 0.1133539 0.1101780 0.1097312 0.1088841 0.1122620 0.1091280 0.1098331 0.1106011 0.1077806 0.1165202 0.1192868 0.1044440 0.1145416 0.1195022 0.1133690 0.1112488 0.1079375 0.1058441 0.1063919 0.1071477 0.1025738 0.1100811 0.1025452 0.1030824 0.1257075 0.1238111 0.1233591 0.1262034 0.1222251 0.1216289 0.1256259 0.1277430 0.1308984 0.1053461 0.1069752 0.1103063 0.1064136 0.1058999 0.1037433 0.1067528 0.1064202 0.1055754 0.1059805 0.1062707 0.1062566 0.1031910 0.1045457 0.1040915 0.1044334 0.1964087 0.1693358 0.1503522 0.1321487 0.1122873 0.1121844 0.1151693 0.1384678 0.1343840 0.1222472 0.1204523 0.1179738 0.1307319 0.1368897 0.1460553 0.1346775 0.1252760 0.1271497 0.1129837 0.1062578 0.2298157 0.1016999 0.2605961 0.0303127 0.0268103 0.0256777 0.0272885 0.0276254 0.0267008 0.0273313 0.0279367 0.0335036 0.0075095 0.0012607 0.0144510 0.0173085 0.0182439 0.0433701 0.0496243 0.0436152 0.0409793 0.1335257 0.0731341 0.0768866 0.1077051 0.1337308 0.1911627 0.1442706 0.1275268 0.1253924 0.1478351 0.5503487 0.5379419 0.0967536 0.1139899 0.1180413 
XM_021091238_1_PREDICTED_Sus_scrofa_REV3_like_DNA_directed_polymerase_zeta_catalytic_subunit_REV3L_transcript_variant_X1_mRNA_1                            0.1132682 0.2657740 0.3046622 0.1164903 0.1011243 0.0866386 0.1138509 0.0000000 0.2289934 0.1166969 0.1080342 0.0976853 0.1034314 0.1213881 0.1386692 0.2286897 0.1625937 0.1865242 0.0998138 0.3400340 0.1251227 0.3533772 0.3346715 0.3350295 0.1954002 0.2084419 0.1510081 0.1996754 0.1484797 0.3401276 0.2671549 0.2379033 0.2191813 0.3018241 0.2634349 0.3098879 0.2645033 0.2742841 0.2292182 0.2272542 0.1762424 0.1913048 0.1735949 0.1503520 0.1519921 0.1466613 0.1439200 0.1035322 0.1007872 0.1009269 0.1013885 0.1032368 0.1006925 0.1006228 0.1013028 0.0993520 0.1057651 0.1088200 0.0906697 0.1055704 0.1092011 0.1042790 0.1023722 0.0998822 0.0921724 0.0945642 0.0947493 0.0919288 0.0978496 0.0923455 0.0930952 0.0862085 0.0871749 0.0868519 0.0884274 0.0854270 0.0865875 0.0884229 0.0893332 0.0921246 0.0821013 0.0833196 0.0855059 0.0831457 0.0683918 0.0644800 0.0674392 0.0669865 0.0669834 0.0679158 0.0682548 0.0673221 0.0660225 0.0663253 0.0655310 0.0638814 0.1981175 0.1680479 0.1442830 0.1308953 0.1032016 0.1033125 0.1039520 0.1295640 0.1234565 0.1134412 0.1121390 0.1125356 0.1204243 0.1286441 0.1386064 0.1260810 0.1188522 0.1181956 0.1068013 0.1000838 0.2146460 0.1294831 0.2428475 0.1201511 0.1175518 0.1169545 0.1183232 0.1184460 0.1171276 0.1188387 0.1189919 0.1255203 0.1159704 0.1140633 0.1149972 0.1166854 0.1158779 0.1209723 0.1372101 0.1222560 0.1214269 0.1663968 0.1115350 0.1136059 0.1458766 0.1390133 0.2035616 0.1520889 0.1373871 0.1386370 0.1521263 0.5636351 0.5526170 0.0887670 0.1033794 0.1306986 
XM_040758199_1_PREDICTED_Mesocricetus_auratus_REV3_like_DNA_directed_polymerase_zeta_catalytic_subunit_Rev3l_transcript_variant_X1_mRNA_1                  0.1982989 0.1407798 0.1770736 0.2024463 0.2232891 0.2393174 0.1981358 0.2289934 0.0000000 0.2022381 0.2288463 0.2156263 0.2224533 0.2514816 0.2288652 0.0446476 0.2187981 0.1555881 0.2155991 0.4686287 0.2080767 0.4742617 0.4711652 0.4599215 0.2712433 0.2865066 0.2203489 0.2433640 0.1934994 0.1677754 0.1387340 0.0998665 0.2187714 0.1727317 0.1405322 0.1622705 0.1369430 0.1086320 0.0907931 0.0896904 0.2333632 0.2249945 0.2326716 0.2168171 0.2161516 0.2087257 0.2060156 0.2272284 0.2203493 0.2199843 0.2192318 0.2270477 0.2166877 0.2190391 0.2232891 0.2153052 0.2252746 0.2300059 0.2167972 0.2256146 0.2318992 0.2260442 0.2240307 0.2150003 0.2194778 0.2207651 0.2210091 0.2140363 0.2248767 0.2154206 0.2145409 0.2396999 0.2385368 0.2396789 0.2466340 0.2373657 0.2400598 0.2395971 0.2429561 0.2449517 0.2205424 0.2241145 0.2323753 0.2229114 0.2251969 0.2208121 0.2245579 0.2239577 0.2232020 0.2246956 0.2245389 0.2254179 0.2216286 0.2214363 0.2230438 0.2218082 0.3123299 0.2948489 0.2657682 0.2465142 0.2212642 0.2220645 0.2278917 0.2289494 0.2271986 0.2349027 0.2307676 0.2328204 0.2464158 0.2531003 0.2554615 0.2572536 0.2464911 0.2509021 0.2244979 0.2171023 0.3473863 0.2170917 0.3775658 0.2055660 0.2018684 0.2029269 0.2031751 0.2039346 0.2032036 0.2044617 0.2034583 0.2120682 0.2011293 0.1988640 0.1999301 0.1999080 0.2000407 0.2016701 0.2236041 0.2073880 0.2040095 0.2548808 0.1894788 0.1955743 0.2319564 0.2392582 0.3115648 0.2556369 0.2410600 0.2322615 0.2606023 0.6931906 0.6710574 0.2100910 0.2220091 0.2303866 
XM_015448392_1_PREDICTED_Macaca_fascicularis_REV3_like_DNA_directed_polymerase_zeta_catalytic_subunit_REV3L_transcript_variant_X1_mRNA_1                   0.0257723 0.2350530 0.2733124 0.0009800 0.1108586 0.1283329 0.0256032 0.1166969 0.2022381 0.0000000 0.1192588 0.1072550 0.1129992 0.1316494 0.1180296 0.2004466 0.1408256 0.1644613 0.1085549 0.3405236 0.0460242 0.3490408 0.3353679 0.3343656 0.1688674 0.1837063 0.1250807 0.1744881 0.1259251 0.3019149 0.2354894 0.2090336 0.1991087 0.2698927 0.2367660 0.2793591 0.2372916 0.2420563 0.2072275 0.2050518 0.1516278 0.1681053 0.1505442 0.1270190 0.1280004 0.1245579 0.1214247 0.1145528 0.1113231 0.1108741 0.1104066 0.1138562 0.1100861 0.1111539 0.1108586 0.1081963 0.1164087 0.1207890 0.1048264 0.1141227 0.1206505 0.1142579 0.1121290 0.1087355 0.1060189 0.1065679 0.1073249 0.1028724 0.1103819 0.1028436 0.1036345 0.1292524 0.1290447 0.1285845 0.1320779 0.1274588 0.1277086 0.1308143 0.1338090 0.1351875 0.1100960 0.1124720 0.1164478 0.1119035 0.1104783 0.1081019 0.1115344 0.1110025 0.1101453 0.1109354 0.1103452 0.1108379 0.1077365 0.1087261 0.1085841 0.1087968 0.1965592 0.1732852 0.1507926 0.1307370 0.1129521 0.1130249 0.1171021 0.1402430 0.1352420 0.1229505 0.1213167 0.1210562 0.1331640 0.1383755 0.1475911 0.1366812 0.1283152 0.1293740 0.1170265 0.1085812 0.2274569 0.1034852 0.2599970 0.0140626 0.0073609 0.0025362 0.0056506 0.0060842 0.0056551 0.0121369 0.0127162 0.0181899 0.0261088 0.0254551 0.0246819 0.0259499 0.0267874 0.0445966 0.0495391 0.0448384 0.0424989 0.1329614 0.0751057 0.0800772 0.1085134 0.1341529 0.1962831 0.1454412 0.1284287 0.1260056 0.1504687 0.5506856 0.5416136 0.0984232 0.1144576 0.1189719 
XM_004753515_2_PREDICTED_Mustela_putorius_furo_REV3_like_polymerase_DNA_directed_zeta_catalytic_subunit_REV3L_transcript_variant_X1_mRNA_1                 0.1177257 0.2660625 0.3028861 0.1190509 0.0602521 0.1196413 0.1182022 0.1080342 0.2288463 0.1192588 0.0000000 0.0489950 0.0988815 0.1239401 0.1484153 0.2257341 0.1646988 0.1814297 0.1025323 0.3427074 0.1299461 0.3502620 0.3374768 0.3393075 0.1953100 0.2099587 0.1508183 0.2024124 0.1485778 0.3343383 0.2671516 0.2347723 0.2210477 0.2990281 0.2634555 0.3089806 0.2650650 0.2728555 0.2232303 0.2243932 0.1731350 0.1875477 0.1765072 0.1511470 0.1515364 0.1456188 0.1437475 0.0667154 0.0657761 0.0653878 0.0647618 0.0664620 0.0645105 0.0648944 0.0605851 0.0506940 0.0188691 0.0059212 0.0450441 0.0683947 0.0739482 0.0624208 0.0602190 0.0511664 0.0469508 0.0489821 0.0494696 0.0445071 0.0473750 0.0444957 0.0455053 0.1168333 0.1201467 0.1198848 0.1231867 0.1189689 0.1180178 0.1202956 0.1204169 0.1248843 0.0999326 0.1026664 0.1060031 0.1021097 0.1004395 0.0977175 0.1009535 0.1014796 0.1006586 0.1010368 0.1017116 0.1001824 0.0979066 0.0988693 0.0973939 0.0971160 0.1930544 0.1685808 0.1424764 0.1278207 0.0982854 0.1010261 0.1002538 0.1269817 0.1222369 0.1111509 0.1087270 0.1070610 0.1193265 0.1263597 0.1352656 0.1280479 0.1199525 0.1203456 0.1046480 0.1025648 0.2089782 0.1347810 0.2348373 0.1220561 0.1196235 0.1199679 0.1210638 0.1212976 0.1202001 0.1219310 0.1216823 0.1288258 0.1203930 0.1184174 0.1165399 0.1205225 0.1199036 0.1259934 0.1389993 0.1270632 0.1247566 0.1709435 0.1103828 0.1134253 0.1505521 0.1403675 0.2024516 0.1550462 0.1343372 0.1355175 0.1560827 0.5597677 0.5543434 0.0891820 0.0166567 0.1262516 
XM_034668992_1_PREDICTED_Ailuropoda_melanoleuca_REV3_like_DNA_directed_polymerase_zeta_catalytic_subunit_REV3L_transcript_variant_X1_mRNA_1                0.1065704 0.2519848 0.2863170 0.1066774 0.0488607 0.1104606 0.1066654 0.0976853 0.2156263 0.1072550 0.0489950 0.0000000 0.0893990 0.1136192 0.1387929 0.2137623 0.1540583 0.1758843 0.0892465 0.3405086 0.1177613 0.3455994 0.3322637 0.3332137 0.1894230 0.2039496 0.1468919 0.1936934 0.1395129 0.3209889 0.2516469 0.2267596 0.2110810 0.2838741 0.2520475 0.2949118 0.2497363 0.2607571 0.2084374 0.2110088 0.1659359 0.1786094 0.1682117 0.1412279 0.1411194 0.1365275 0.1340975 0.0551144 0.0552724 0.0550780 0.0547929 0.0557075 0.0537310 0.0542672 0.0488607 0.0113742 0.0466472 0.0490000 0.0363284 0.0580734 0.0656045 0.0516133 0.0489919 0.0119506 0.0375497 0.0385641 0.0393516 0.0347244 0.0373300 0.0347149 0.0342879 0.1087365 0.1107459 0.1106956 0.1129861 0.1097574 0.1096737 0.1110755 0.1125452 0.1169141 0.0910751 0.0931588 0.0960377 0.0929809 0.0911429 0.0874188 0.0914561 0.0921754 0.0906540 0.0913863 0.0916720 0.0912628 0.0888676 0.0898046 0.0878180 0.0863235 0.1857534 0.1576548 0.1319858 0.1189082 0.0901367 0.0927641 0.0914574 0.1186740 0.1144743 0.1033008 0.1015558 0.1005512 0.1079593 0.1167074 0.1251164 0.1182357 0.1106078 0.1106728 0.0956075 0.0889109 0.2012122 0.1212752 0.2276851 0.1110453 0.1077887 0.1075333 0.1088299 0.1090540 0.1079538 0.1096261 0.1093932 0.1176827 0.1085028 0.1072491 0.1056156 0.1078906 0.1073241 0.1137902 0.1264679 0.1135627 0.1120769 0.1626928 0.1018884 0.1041354 0.1375986 0.1307446 0.1942581 0.1471143 0.1269420 0.1266928 0.1487688 0.5527501 0.5460427 0.0774287 0.0448739 0.1183101 
XM_015600069_2_PREDICTED_Pteropus_alecto_REV3_like_DNA_directed_polymerase_zeta_catalytic_subunit_REV3L_transcript_variant_X1_mRNA_1                       0.1125805 0.2563269 0.2973865 0.1127948 0.0952933 0.1142930 0.1119018 0.1034314 0.2224533 0.1129992 0.0988815 0.0893990 0.0000000 0.1002160 0.1406703 0.2228615 0.1575553 0.1820083 0.0926826 0.3444020 0.1222618 0.3515009 0.3402280 0.3400847 0.2003096 0.2148739 0.1480386 0.1973272 0.1456200 0.3270792 0.2577695 0.2278259 0.2205349 0.2935550 0.2564820 0.3014116 0.2551507 0.2634585 0.2199979 0.2206821 0.1700114 0.1878840 0.1703094 0.1454159 0.1458231 0.1419140 0.1389496 0.0960603 0.0945903 0.0936202 0.0931003 0.0961055 0.0921159 0.0935127 0.0952933 0.0918893 0.0991753 0.0999264 0.0850124 0.0970303 0.1040759 0.0983885 0.0959029 0.0920629 0.0854802 0.0874757 0.0872934 0.0841084 0.0913916 0.0840858 0.0863527 0.1114239 0.1153591 0.1145318 0.1171076 0.1129444 0.1132581 0.1128090 0.1148470 0.1177470 0.0967299 0.0981376 0.1011928 0.0975874 0.0913905 0.0906810 0.0914226 0.0918760 0.0910968 0.0914375 0.0923000 0.0915108 0.0887281 0.0896711 0.0884505 0.0907094 0.1924110 0.1600133 0.1379735 0.1194711 0.0040872 0.0271862 0.0715621 0.1076224 0.1032423 0.0942167 0.0931288 0.0920823 0.0892747 0.1039962 0.1116161 0.1031903 0.0957635 0.0964211 0.0827950 0.0930641 0.2171103 0.1276339 0.2423929 0.1165133 0.1144867 0.1145090 0.1143505 0.1157451 0.1142531 0.1150475 0.1149895 0.1227701 0.1144352 0.1119133 0.1114589 0.1134907 0.1136665 0.1217512 0.1362671 0.1214769 0.1180186 0.1730722 0.1034380 0.1043052 0.1386761 0.1327969 0.1953512 0.1509027 0.1310962 0.1292960 0.1513623 0.5595698 0.5537083 0.0818009 0.0956681 0.1212218 
XM_005883745_2_PREDICTED_Myotis_brandtii_REV3_like_polymerase_DNA_directed_zeta_catalytic_subunit_REV3L_transcript_variant_X1_mRNA_1                       0.1297302 0.2848797 0.3228451 0.1314305 0.1163510 0.1356938 0.1294549 0.1213881 0.2514816 0.1316494 0.1239401 0.1136192 0.1002160 0.0000000 0.1559104 0.2509185 0.1790020 0.2035160 0.1125755 0.3755122 0.1401770 0.3851450 0.3703106 0.3651799 0.2202726 0.2347546 0.1701688 0.2118551 0.1650511 0.3697649 0.2858062 0.2563882 0.2365668 0.3158673 0.2810758 0.3320064 0.2857342 0.2936166 0.2470503 0.2456709 0.1924984 0.2089564 0.1807744 0.1705953 0.1619125 0.1652080 0.1629940 0.1109605 0.1151797 0.1149248 0.1150283 0.1100141 0.1136397 0.1154181 0.1163510 0.1160677 0.1222077 0.1247413 0.1089859 0.1199930 0.1283118 0.1180115 0.1157436 0.1154426 0.1106981 0.1125181 0.1129317 0.1075979 0.1144431 0.1072845 0.1091033 0.1357862 0.1360891 0.1359562 0.1296038 0.1336232 0.1355176 0.1381928 0.1379638 0.1403226 0.1150917 0.1166128 0.1120581 0.1162087 0.1155396 0.1116616 0.1148768 0.1145466 0.1137113 0.1151381 0.1152074 0.1159293 0.1112938 0.1118200 0.1126834 0.1114594 0.2140045 0.1784578 0.1574880 0.1417654 0.0997627 0.1000547 0.1009263 0.1085111 0.1018833 0.0907441 0.0882458 0.0756165 0.1201703 0.0469752 0.0470296 0.0133319 0.0181919 0.0049750 0.0777276 0.1127786 0.2350188 0.1409316 0.2650419 0.1342740 0.1332181 0.1321314 0.1339274 0.1344872 0.1320729 0.1322421 0.1328268 0.1417722 0.1312160 0.1298742 0.1280944 0.1304946 0.1305934 0.1389776 0.1548981 0.1382088 0.1354737 0.1802353 0.1253530 0.1302119 0.1609618 0.1588696 0.2119228 0.1757602 0.1426419 0.1523412 0.1739833 0.5931126 0.5806150 0.0999867 0.1194413 0.1428708 
XM_006157005_3_PREDICTED_Tupaia_chinensis_REV3_like_DNA_directed_polymerase_zeta_catalytic_subunit_REV3L_transcript_variant_X3_mRNA_1                      0.1188211 0.2665161 0.3100897 0.1178144 0.1424146 0.1531759 0.1180286 0.1386692 0.2288652 0.1180296 0.1484153 0.1387929 0.1406703 0.1559104 0.0000000 0.2283202 0.1678384 0.1877286 0.1340951 0.3711819 0.1266952 0.3798841 0.3641557 0.3641049 0.1994679 0.2174533 0.1472117 0.1919543 0.1526753 0.3446814 0.2664001 0.2414159 0.2242481 0.3050942 0.2631485 0.3090902 0.2645695 0.2771786 0.2323167 0.2311750 0.1780170 0.1969618 0.1713424 0.1507481 0.1460542 0.1453300 0.1427624 0.1411710 0.1405850 0.1402355 0.1402922 0.1394452 0.1395649 0.1415267 0.1424146 0.1398868 0.1499978 0.1502346 0.1341826 0.1493767 0.1519987 0.1451125 0.1436537 0.1396277 0.1371141 0.1389184 0.1389312 0.1343030 0.1453365 0.1341822 0.1363193 0.1549927 0.1529479 0.1534627 0.1513541 0.1517807 0.1525590 0.1533953 0.1574717 0.1601978 0.1365711 0.1396385 0.1396069 0.1390308 0.1354885 0.1346174 0.1375454 0.1365337 0.1351830 0.1372662 0.1363614 0.1356412 0.1329681 0.1339438 0.1344002 0.1341064 0.2340956 0.1907499 0.1805667 0.1648069 0.1404474 0.1397267 0.1394756 0.1674673 0.1634288 0.1500958 0.1483487 0.1497648 0.1591858 0.1722538 0.1825697 0.1592078 0.1607814 0.1578576 0.1426971 0.1351708 0.2651097 0.1296648 0.2983401 0.1215515 0.1191864 0.1181033 0.1207283 0.1209601 0.1196825 0.1208677 0.1226599 0.1289169 0.1187939 0.1182519 0.1168485 0.1184660 0.1190958 0.1256381 0.1444157 0.1264269 0.1225846 0.1657634 0.1076704 0.1107000 0.1493832 0.1569854 0.2146483 0.1718355 0.1485822 0.1528287 0.1738301 0.5943344 0.5808465 0.1245983 0.1457538 0.1447657 
XM_027402162_2_PREDICTED_Cricetulus_griseus_REV3_like_DNA_directed_polymerase_zeta_catalytic_subunit_Rev3l_transcript_variant_X5_mRNA_1                    0.1978985 0.1384218 0.1753109 0.2006550 0.2229819 0.2376361 0.1974736 0.2286897 0.0446476 0.2004466 0.2257341 0.2137623 0.2228615 0.2509185 0.2283202 0.0000000 0.2168089 0.1537734 0.2178578 0.4649259 0.2067173 0.4786316 0.4704501 0.4608770 0.2729696 0.2887726 0.2209277 0.2429020 0.1939506 0.1656260 0.1384290 0.0971911 0.2192656 0.1731040 0.1382193 0.1604324 0.1359968 0.1060372 0.0870624 0.0874715 0.2350231 0.2222810 0.2277659 0.2134487 0.2121859 0.2051646 0.2038055 0.2233978 0.2153302 0.2163609 0.2158121 0.2232168 0.2139843 0.2156199 0.2229819 0.2137017 0.2239538 0.2273772 0.2148983 0.2227916 0.2295108 0.2254437 0.2240115 0.2133974 0.2166084 0.2181172 0.2183605 0.2120123 0.2225212 0.2126751 0.2134942 0.2367743 0.2368574 0.2379962 0.2446163 0.2359275 0.2385825 0.2381314 0.2417850 0.2445496 0.2180212 0.2216337 0.2290077 0.2209149 0.2241978 0.2184415 0.2233331 0.2229394 0.2221842 0.2234497 0.2235195 0.2244190 0.2210849 0.2204099 0.2205536 0.2188447 0.3128277 0.2908260 0.2617161 0.2457876 0.2216697 0.2241959 0.2292723 0.2310813 0.2287819 0.2343470 0.2307619 0.2301914 0.2482043 0.2527805 0.2528277 0.2575391 0.2442500 0.2498572 0.2246334 0.2193394 0.3490976 0.2174337 0.3766311 0.2026938 0.2003320 0.2007021 0.2004435 0.2014125 0.2006807 0.2027943 0.2017921 0.2102349 0.1996184 0.1972701 0.1980598 0.2003628 0.1998164 0.2009527 0.2187585 0.2050616 0.2030255 0.2499844 0.1876403 0.1933395 0.2340948 0.2354466 0.3094301 0.2564645 0.2425590 0.2322986 0.2632515 0.7006133 0.6835900 0.2105495 0.2189922 0.2279308 
XM_013069186_2_PREDICTED_Heterocephalus_glaber_REV3_like_DNA_directed_polymerase_zeta_catalytic_subunit_Rev3l_transcript_variant_X1_mRNA_1                 0.1396760 0.2561516 0.2968460 0.1403719 0.1589489 0.1722690 0.1389345 0.1625937 0.2187981 0.1408256 0.1646988 0.1540583 0.1575553 0.1790020 0.1678384 0.2168089 0.0000000 0.1793755 0.1537944 0.3786460 0.1502010 0.3914681 0.3780251 0.3720024 0.2100019 0.2246299 0.1659476 0.1972614 0.1457550 0.3281389 0.2573752 0.2265132 0.2146970 0.2914455 0.2562658 0.2991672 0.2531165 0.2548533 0.2218658 0.2200822 0.0840747 0.0955645 0.0560368 0.1513128 0.1485114 0.1452309 0.1417592 0.1607489 0.1570211 0.1572122 0.1579321 0.1615179 0.1553717 0.1568621 0.1593752 0.1556686 0.1647390 0.1662714 0.1516011 0.1618642 0.1682181 0.1608240 0.1588343 0.1566877 0.1518654 0.1545238 0.1543143 0.1515599 0.1606750 0.1514824 0.1522904 0.1741555 0.1733261 0.1725641 0.1769634 0.1715217 0.1742973 0.1741594 0.1771926 0.1787536 0.1578347 0.1603712 0.1653333 0.1605903 0.1587468 0.1558708 0.1595978 0.1600757 0.1566165 0.1593120 0.1585617 0.1591378 0.1552297 0.1563627 0.1553766 0.1554637 0.2467431 0.2203955 0.1960424 0.1769190 0.1575588 0.1602535 0.1590308 0.1864147 0.1809216 0.1699781 0.1695709 0.1673769 0.1799858 0.1834225 0.1949276 0.1835676 0.1731017 0.1751708 0.1608607 0.1552382 0.2755511 0.1530661 0.3077723 0.1433236 0.1420071 0.1407825 0.1421740 0.1437877 0.1417674 0.1422302 0.1423030 0.1492035 0.1407195 0.1391639 0.1386413 0.1370637 0.1375162 0.1489579 0.1654283 0.1487137 0.1470360 0.1897561 0.1278372 0.1298486 0.1680761 0.1760983 0.2485868 0.1936812 0.1740621 0.1755317 0.1983448 0.6053573 0.5972232 0.1448455 0.1619880 0.1662218 
XM_008852401_2_PREDICTED_Nannospalax_galili_REV3_like_DNA_directed_polymerase_zeta_catalytic_subunit_Rev3l_transcript_variant_X1_mRNA_1                    0.1586130 0.1873898 0.2290728 0.1642248 0.1792608 0.1990063 0.1573568 0.1865242 0.1555881 0.1644613 0.1814297 0.1758843 0.1820083 0.2035160 0.1877286 0.1537734 0.1793755 0.0000000 0.1792951 0.4078475 0.1677194 0.4182127 0.4131407 0.4050250 0.2300104 0.2441527 0.1803155 0.2002491 0.1551500 0.2369162 0.1864216 0.1704826 0.1854165 0.2239621 0.1887981 0.2317232 0.1857390 0.1973236 0.1556210 0.1561850 0.1910592 0.2038912 0.1874711 0.1647818 0.1639489 0.1575147 0.1563366 0.1848241 0.1797201 0.1800469 0.1791220 0.1838149 0.1790546 0.1799672 0.1792608 0.1764836 0.1815242 0.1830187 0.1725677 0.1858123 0.1917759 0.1814296 0.1790250 0.1771027 0.1754257 0.1769414 0.1771673 0.1703050 0.1803270 0.1708152 0.1715006 0.1975675 0.1982907 0.1993300 0.2036407 0.1963569 0.1988822 0.1980794 0.1998011 0.2048310 0.1780777 0.1822011 0.1867155 0.1819845 0.1782726 0.1765233 0.1784220 0.1776765 0.1770563 0.1783006 0.1773706 0.1782249 0.1751857 0.1748611 0.1762292 0.1767616 0.2718588 0.2448356 0.2190005 0.2084633 0.1818143 0.1830621 0.1853000 0.2094016 0.2031112 0.1867639 0.1864723 0.1894524 0.2024040 0.2022384 0.2164980 0.2083126 0.2002376 0.2011280 0.1822331 0.1811311 0.3049910 0.1740316 0.3406445 0.1674348 0.1643771 0.1644103 0.1655975 0.1651564 0.1647190 0.1653741 0.1653233 0.1732261 0.1610166 0.1580259 0.1615612 0.1616354 0.1610748 0.1665693 0.1845660 0.1694352 0.1647065 0.2207163 0.1491437 0.1516146 0.1928205 0.1981417 0.2705003 0.2162581 0.1968741 0.1942244 0.2156013 0.6292783 0.6133958 0.1701544 0.1768700 0.1869479 
XM_023650934_1_PREDICTED_Equus_caballus_REV3_like_DNA_directed_polymerase_zeta_catalytic_subunit_REV3L_transcript_variant_X1_mRNA_1                        0.1061947 0.2484351 0.2879346 0.1079767 0.0953634 0.1102240 0.1050441 0.0998138 0.2155991 0.1085549 0.1025323 0.0892465 0.0926826 0.1125755 0.1340951 0.2178578 0.1537944 0.1792951 0.0000000 0.3386814 0.1191013 0.3419524 0.3336233 0.3305569 0.1845599 0.1971913 0.1408057 0.1929913 0.1402569 0.3149741 0.2499299 0.2226225 0.2168430 0.2847484 0.2475358 0.2928543 0.2473647 0.2572622 0.2116761 0.2130643 0.1663218 0.1830114 0.1656441 0.1413332 0.1416884 0.1381111 0.1352781 0.0950870 0.0924181 0.0911716 0.0917873 0.0947777 0.0922179 0.0927156 0.0953634 0.0906513 0.0993211 0.1022924 0.0859700 0.0964976 0.1012579 0.0988919 0.0970190 0.0908078 0.0876635 0.0891219 0.0893039 0.0852907 0.0915033 0.0857895 0.0860943 0.1071370 0.1110947 0.1104583 0.1121388 0.1088606 0.1094960 0.1086328 0.1123925 0.1146795 0.0929594 0.0936270 0.0963399 0.0927224 0.0893881 0.0868584 0.0892441 0.0896868 0.0881580 0.0890732 0.0897254 0.0898378 0.0867360 0.0873067 0.0863834 0.0865288 0.1820726 0.1563961 0.1399352 0.1230559 0.0926583 0.0931930 0.0912034 0.1160828 0.1149878 0.1049972 0.1014090 0.1041534 0.1115863 0.1209467 0.1280130 0.1164003 0.1081013 0.1089267 0.0958188 0.0035061 0.2035415 0.1198106 0.2324073 0.1108543 0.1092604 0.1090702 0.1097498 0.1111220 0.1096311 0.1099053 0.1104917 0.1164839 0.1086682 0.1048642 0.1072805 0.1082934 0.1090724 0.1203062 0.1316129 0.1190958 0.1150875 0.1639325 0.0998192 0.0992564 0.1348635 0.1322409 0.1949336 0.1432573 0.1281767 0.1261367 0.1466130 0.5537834 0.5478995 0.0587658 0.0968895 0.1177623 
XM_007484437_2_PREDICTED_Monodelphis_domestica_REV3_like_DNA_directed_polymerase_zeta_catalytic_subunit_REV3L_transcript_variant_X1_mRNA_1                 0.3430255 0.4992706 0.5417666 0.3404560 0.3451451 0.3540281 0.3420602 0.3400340 0.4686287 0.3405236 0.3427074 0.3405086 0.3444020 0.3755122 0.3711819 0.4649259 0.3786460 0.4078475 0.3386814 0.0000000 0.3549085 0.1077351 0.0924068 0.0897388 0.4207217 0.4432062 0.3718118 0.4344588 0.3782332 0.6406460 0.5030755 0.4660438 0.4564028 0.5367327 0.4937200 0.5610542 0.4975927 0.5225756 0.4544735 0.4563732 0.3997548 0.4152863 0.4005049 0.3881917 0.3732060 0.3670698 0.3683762 0.3420380 0.3333811 0.3326310 0.3319928 0.3422068 0.3320008 0.3329517 0.3454227 0.3437099 0.3450175 0.3435297 0.3321952 0.3440304 0.3454942 0.3482776 0.3459868 0.3427035 0.3312752 0.3341451 0.3329177 0.3345546 0.3469071 0.3323311 0.3357847 0.3521792 0.3550158 0.3545234 0.3635215 0.3528922 0.3566054 0.3598648 0.3581186 0.3585052 0.3403544 0.3395598 0.3495255 0.3377229 0.3373300 0.3326752 0.3382850 0.3373246 0.3361275 0.3384931 0.3385793 0.3374112 0.3338818 0.3343556 0.3310675 0.3316715 0.4495701 0.4205244 0.3784737 0.3561743 0.3428325 0.3431285 0.3489731 0.3798393 0.3728390 0.3533772 0.3524186 0.3623750 0.3767184 0.3678542 0.3885479 0.3740347 0.3609064 0.3683511 0.3460128 0.3399819 0.4753835 0.3692131 0.5264481 0.3462328 0.3397917 0.3435033 0.3430224 0.3437652 0.3402398 0.3455565 0.3453062 0.3549015 0.3478612 0.3418359 0.3424718 0.3420377 0.3423123 0.3545806 0.3973423 0.3544654 0.3506667 0.3967018 0.3337738 0.3391616 0.3678836 0.3463706 0.4246073 0.3508932 0.3474246 0.3428901 0.3683338 0.4809449 0.4781829 0.3282331 0.3398840 0.3365164 
XM_035296530_1_PREDICTED_Callithrix_jacchus_REV3_like_DNA_directed_polymerase_zeta_catalytic_subunit_REV3L_transcript_variant_X1_mRNA_1                    0.0445021 0.2450298 0.2848072 0.0458577 0.1223077 0.1324531 0.0439878 0.1251227 0.2080767 0.0460242 0.1299461 0.1177613 0.1222618 0.1401770 0.1266952 0.2067173 0.1502010 0.1677194 0.1191013 0.3549085 0.0000000 0.3596694 0.3486073 0.3474867 0.1794609 0.1932880 0.1277087 0.1796144 0.1355649 0.3129161 0.2452449 0.2191084 0.2015911 0.2791154 0.2467338 0.2927602 0.2478169 0.2497310 0.2128906 0.2107889 0.1590716 0.1704259 0.1614661 0.1373653 0.1372104 0.1345903 0.1309485 0.1251522 0.1220424 0.1217976 0.1217224 0.1250669 0.1209866 0.1219122 0.1223077 0.1191447 0.1280960 0.1299415 0.1157544 0.1262715 0.1308228 0.1252077 0.1234151 0.1193040 0.1180355 0.1178374 0.1184217 0.1146411 0.1228176 0.1142239 0.1151138 0.1344903 0.1327719 0.1327095 0.1357659 0.1315875 0.1315353 0.1358376 0.1365928 0.1393917 0.1187090 0.1213661 0.1251502 0.1206066 0.1162099 0.1134271 0.1180539 0.1157987 0.1160823 0.1158074 0.1168104 0.1165745 0.1139768 0.1153760 0.1147162 0.1141311 0.2057030 0.1808252 0.1612924 0.1410866 0.1218186 0.1226740 0.1223912 0.1450750 0.1434668 0.1306846 0.1301798 0.1284373 0.1407905 0.1475082 0.1572830 0.1443057 0.1364037 0.1375922 0.1224111 0.1193343 0.2449905 0.1116736 0.2750390 0.0496911 0.0476446 0.0463251 0.0465492 0.0480653 0.0470684 0.0482530 0.0485689 0.0546059 0.0447328 0.0441552 0.0442836 0.0434208 0.0448383 0.0248326 0.0279035 0.0247887 0.0228614 0.1437991 0.0836380 0.0880140 0.1204657 0.1446726 0.2008822 0.1568046 0.1394884 0.1350314 0.1582286 0.5680086 0.5529650 0.1077013 0.1263888 0.1283606 
XM_031964400_1_PREDICTED_Sarcophilus_harrisii_REV3_like_DNA_directed_polymerase_zeta_catalytic_subunit_REV3L_transcript_variant_X1_mRNA_1                  0.3485456 0.5143747 0.5631232 0.3486913 0.3513245 0.3640005 0.3472595 0.3533772 0.4742617 0.3490408 0.3502620 0.3455994 0.3515009 0.3851450 0.3798841 0.4786316 0.3914681 0.4182127 0.3419524 0.1077351 0.3596694 0.0000000 0.0820878 0.0784425 0.4315354 0.4534286 0.3713526 0.4409655 0.3775152 0.6605797 0.5112284 0.4720528 0.4559284 0.5594826 0.5096366 0.5764169 0.5136751 0.5267464 0.4668746 0.4687795 0.4138105 0.4268643 0.4217224 0.3949993 0.3872753 0.3769901 0.3741189 0.3570649 0.3453957 0.3438510 0.3449618 0.3576923 0.3440263 0.3446615 0.3516659 0.3495987 0.3537138 0.3507725 0.3403033 0.3546859 0.3532250 0.3540638 0.3515073 0.3485862 0.3393114 0.3416016 0.3400889 0.3408833 0.3520836 0.3389193 0.3432759 0.3612445 0.3641016 0.3645076 0.3752634 0.3621431 0.3665833 0.3678737 0.3685277 0.3692454 0.3491566 0.3526360 0.3657393 0.3502594 0.3472718 0.3423629 0.3451390 0.3469077 0.3453594 0.3462437 0.3484519 0.3470636 0.3409133 0.3427685 0.3394940 0.3406585 0.4519438 0.4276329 0.3844471 0.3623520 0.3492351 0.3487433 0.3539627 0.3806020 0.3807260 0.3621639 0.3619900 0.3626853 0.3820844 0.3735823 0.3959610 0.3868102 0.3706680 0.3804183 0.3500109 0.3424286 0.4943455 0.3810044 0.5400192 0.3528043 0.3470163 0.3508337 0.3500160 0.3516951 0.3486985 0.3484070 0.3493475 0.3590727 0.3528444 0.3470353 0.3506653 0.3512022 0.3520974 0.3596266 0.4046744 0.3603946 0.3582073 0.4043569 0.3377610 0.3382886 0.3737677 0.3524974 0.4366990 0.3593704 0.3565011 0.3411390 0.3772018 0.4910899 0.4803034 0.3321175 0.3495675 0.3404053 
XM_036766364_1_PREDICTED_Trichosurus_vulpecula_REV3_like_DNA_directed_polymerase_zeta_catalytic_subunit_REV3L_transcript_variant_X1_mRNA_1                 0.3359825 0.4964218 0.5392166 0.3350266 0.3331290 0.3519406 0.3350327 0.3346715 0.4711652 0.3353679 0.3374768 0.3322637 0.3402280 0.3703106 0.3641557 0.4704501 0.3780251 0.4131407 0.3336233 0.0924068 0.3486073 0.0820878 0.0000000 0.0557760 0.4220112 0.4486682 0.3624381 0.4339801 0.3646090 0.6443513 0.4941739 0.4641597 0.4480117 0.5354803 0.4941999 0.5644014 0.4941333 0.5172443 0.4635345 0.4611074 0.3962306 0.4124727 0.3991700 0.3808752 0.3714981 0.3602769 0.3604702 0.3422586 0.3323711 0.3308655 0.3322647 0.3428669 0.3301700 0.3328598 0.3331290 0.3357855 0.3382292 0.3371856 0.3241990 0.3401949 0.3400105 0.3369769 0.3340563 0.3359963 0.3236417 0.3264537 0.3249755 0.3250301 0.3393402 0.3234416 0.3256594 0.3478583 0.3526385 0.3524322 0.3619954 0.3505601 0.3548282 0.3545514 0.3520308 0.3529275 0.3340770 0.3351353 0.3461311 0.3328194 0.3330902 0.3316533 0.3329824 0.3340702 0.3319612 0.3334724 0.3352114 0.3329044 0.3285520 0.3296208 0.3289253 0.3285046 0.4554715 0.4200345 0.3760241 0.3540254 0.3380230 0.3370573 0.3461977 0.3734180 0.3685072 0.3527158 0.3516129 0.3560871 0.3730271 0.3620516 0.3839273 0.3718986 0.3566350 0.3655634 0.3423211 0.3352741 0.4720754 0.3591952 0.5206021 0.3393928 0.3346469 0.3367734 0.3369498 0.3370995 0.3359533 0.3361564 0.3379905 0.3466664 0.3410688 0.3354180 0.3369103 0.3370415 0.3388144 0.3481066 0.3976846 0.3484787 0.3470450 0.3872091 0.3244208 0.3309542 0.3621472 0.3358829 0.4208107 0.3490949 0.3447869 0.3356242 0.3630911 0.4770516 0.4678718 0.3210117 0.3344984 0.3267433 
