127
NM_001372078_1_Homo_sapiens_REV3_like_DNA_directed_polymerase_zeta_catalytic_subunit_REV3L_transcript_variant_4_mRNA_1                                     0.0000000 0.0153709 0.0234205 0.0112339 0.0363177 0.0317736 0.0036887 0.0317170 0.0398813 0.0112339 0.0317715 0.0275591 0.0276080 0.0498428 0.0192524 0.0399987 0.0273735 0.0234917 0.0414692 0.0112339 0.0992299 0.1087989 0.1039329 0.0917093 0.0194383 0.0234893 0.0276974 0.0153709 0.0273753 0.0451406 0.0193798 0.0232625 0.0234981 0.0234205 0.0572231 0.0194116 0.0191898 0.0314518 0.0232641 0.0232641 0.0404137 0.0318764 0.0318764 0.0234593 0.0276080 0.0237770 0.0234593 0.0278450 0.0367756 0.0278450 0.0278450 0.0317736 0.0321059 0.0360566 0.0317715 0.0359943 0.0368289 0.0364420 0.0360043 0.0360043 0.0321059 0.0360590 0.0360590 0.0317715 0.0359943 0.0402749 0.0317170 0.0363177 0.0317170 0.0359321 0.0402049 0.0402749 0.0359321 0.0234578 0.0234578 0.0317237 0.0317237 0.0359398 0.0359398 0.0275649 0.0367651 0.0537529 0.0368433 0.0408674 0.0276080 0.0317736 0.0407925 0.0451277 0.0502430 0.0495967 0.0495824 0.0402222 0.0276022 0.0404323 0.0408015 0.0497613 0.0452867 0.0453604 0.0276061 0.0460455 0.0398728 0.0320955 0.0314584 0.0151035 0.0036887 0.0113592 0.0112339 0.0112339 0.0074400 0.0112339 0.0112339 0.0074400 0.0372336 0.0192191 0.0152701 0.0317258 0.0278419 0.0407133 0.0363214 0.0275591 0.0360067 0.0363238 0.0912261 0.1019124 0.0360590 0.0193798 0.0317736 
NM_011264_3_Mus_musculus_REV3_like_DNA_directed_polymerase_zeta_catalytic_subunit_Rev3l_mRNA_1                                                             0.0153709 0.0000000 0.0153475 0.0193461 0.0362638 0.0317272 0.0114291 0.0316708 0.0355285 0.0193461 0.0317251 0.0275191 0.0275679 0.0497671 0.0192250 0.0356322 0.0273341 0.0234578 0.0361966 0.0193461 0.0805312 0.0896289 0.0849875 0.0739591 0.0194104 0.0234554 0.0276570 0.0000010 0.0314553 0.0362802 0.0036841 0.0191905 0.0234642 0.0153475 0.0438935 0.0114487 0.0191626 0.0272421 0.0272880 0.0272880 0.0403539 0.0318297 0.0318297 0.0234255 0.0275679 0.0237423 0.0234255 0.0278041 0.0367203 0.0278041 0.0320044 0.0317272 0.0320585 0.0360036 0.0317251 0.0359414 0.0367735 0.0363877 0.0359514 0.0359514 0.0320585 0.0360060 0.0360060 0.0317251 0.0359414 0.0402154 0.0316708 0.0362638 0.0316708 0.0358794 0.0401456 0.0402154 0.0358794 0.0234239 0.0234239 0.0316775 0.0316775 0.0358871 0.0358871 0.0275249 0.0367099 0.0536720 0.0367878 0.0408061 0.0275679 0.0317272 0.0407315 0.0450599 0.0501661 0.0495217 0.0495075 0.0401629 0.0275621 0.0403724 0.0407404 0.0496859 0.0452184 0.0452919 0.0275660 0.0405784 0.0398146 0.0320481 0.0314129 0.0234182 0.0114291 0.0195730 0.0193461 0.0193461 0.0153699 0.0193461 0.0193461 0.0153699 0.0278419 0.0191918 0.0152486 0.0316796 0.0278011 0.0406525 0.0277534 0.0275191 0.0359538 0.0362700 0.0805653 0.0909231 0.0360060 0.0193521 0.0317272 
XM_006256524_2_PREDICTED_Rattus_norvegicus_REV3_like_DNA_directed_polymerase_zeta_catalytic_subunit_Rev3l_transcript_variant_X1_mRNA_1                     0.0234205 0.0153475 0.0000000 0.0193440 0.0362597 0.0317237 0.0193480 0.0316673 0.0355246 0.0193440 0.0317216 0.0275162 0.0275649 0.0407925 0.0192230 0.0356283 0.0273312 0.0234553 0.0414012 0.0193440 0.0879924 0.0974311 0.0926197 0.0809467 0.0194084 0.0234529 0.0276540 0.0153475 0.0314518 0.0362761 0.0114291 0.0191885 0.0234617 0.0000010 0.0395607 0.0114475 0.0191606 0.0272392 0.0272851 0.0272851 0.0403493 0.0318262 0.0318262 0.0234230 0.0275649 0.0237397 0.0234230 0.0278011 0.0367162 0.0278011 0.0320008 0.0317237 0.0320549 0.0359996 0.0317216 0.0359374 0.0367693 0.0363836 0.0275180 0.0275180 0.0320549 0.0360020 0.0360020 0.0317216 0.0359374 0.0402109 0.0316673 0.0362597 0.0316673 0.0358755 0.0401411 0.0402109 0.0358755 0.0234214 0.0234214 0.0316740 0.0316740 0.0358831 0.0358831 0.0275219 0.0456206 0.0536658 0.0367837 0.0408015 0.0275649 0.0317237 0.0407269 0.0450548 0.0501602 0.0405942 0.0495018 0.0401584 0.0275591 0.0317825 0.0320606 0.0407269 0.0363915 0.0364498 0.0275630 0.0459694 0.0398101 0.0320445 0.0314095 0.0234157 0.0193480 0.0278466 0.0275132 0.0275132 0.0153683 0.0193440 0.0193440 0.0153683 0.0371726 0.0191898 0.0152470 0.0316761 0.0277980 0.0406479 0.0277503 0.0275162 0.0359498 0.0313563 0.0805549 0.0909111 0.0360020 0.0193500 0.0317237 
XM_028847034_1_PREDICTED_Macaca_mulatta_REV3_like_DNA_directed_polymerase_zeta_catalytic_subunit_REV3L_transcript_variant_X1_mRNA_1                        0.0112339 0.0193461 0.0193440 0.0000000 0.0319872 0.0275534 0.0074276 0.0275047 0.0355778 0.0000010 0.0275515 0.0234118 0.0234529 0.0452666 0.0152681 0.0356818 0.0232578 0.0194023 0.0369650 0.0074262 0.0935330 0.1030369 0.0981974 0.0862559 0.0154128 0.0194004 0.0235282 0.0193461 0.0232593 0.0406594 0.0153668 0.0192165 0.0194076 0.0193440 0.0526691 0.0153918 0.0152189 0.0272795 0.0192178 0.0192178 0.0360449 0.0276417 0.0276417 0.0193758 0.0234529 0.0196359 0.0193758 0.0236500 0.0323833 0.0236500 0.0236500 0.0275534 0.0278360 0.0317627 0.0275515 0.0317083 0.0324298 0.0320957 0.0317170 0.0317170 0.0278360 0.0317648 0.0317648 0.0275515 0.0317083 0.0359221 0.0275047 0.0319872 0.0275047 0.0316540 0.0358602 0.0359221 0.0316540 0.0193745 0.0193745 0.0275104 0.0275104 0.0316607 0.0316607 0.0234166 0.0411498 0.0491697 0.0324424 0.0364420 0.0234529 0.0275534 0.0363758 0.0406479 0.0456212 0.0450448 0.0450320 0.0358755 0.0234481 0.0360614 0.0363836 0.0451932 0.0407899 0.0408557 0.0234513 0.0414572 0.0355703 0.0278271 0.0272851 0.0036878 0.0074276 0.0152475 0.0150769 0.0150769 0.0036878 0.0074262 0.0074262 0.0036878 0.0327791 0.0152419 0.0113535 0.0275123 0.0236474 0.0363058 0.0319905 0.0234118 0.0317191 0.0319926 0.0858203 0.0963383 0.0317648 0.0153668 0.0275534 
XM_024996589_1_PREDICTED_Bos_taurus_REV3_like_DNA_directed_polymerase_zeta_catalytic_subunit_REV3L_transcript_variant_X1_mRNA_1                            0.0363177 0.0362638 0.0362597 0.0319872 0.0000000 0.0320415 0.0319940 0.0231401 0.0489631 0.0319872 0.0320394 0.0277865 0.0231834 0.0359892 0.0317704 0.0491101 0.0403497 0.0278332 0.0365059 0.0319872 0.1088164 0.1182973 0.1134904 0.1010251 0.0320972 0.0363696 0.0408557 0.0362638 0.0447001 0.0594051 0.0319975 0.0317117 0.0321026 0.0362597 0.0670656 0.0320516 0.0316641 0.0402094 0.0317138 0.0317138 0.0542789 0.0452659 0.0452659 0.0320483 0.0363774 0.0324934 0.0320483 0.0280775 0.0371000 0.0280775 0.0323247 0.0320415 0.0323799 0.0363672 0.0320394 0.0363037 0.0320361 0.0317106 0.0363139 0.0363139 0.0323799 0.0363696 0.0363696 0.0320394 0.0363037 0.0112982 0.0037090 0.0000010 0.0037090 0.0074696 0.0112798 0.0112982 0.0074696 0.0113181 0.0113181 0.0113012 0.0113012 0.0151701 0.0151701 0.0151960 0.0451024 0.0575306 0.0451984 0.0492027 0.0231834 0.0272320 0.0359324 0.0358741 0.0406463 0.0401482 0.0401370 0.0271445 0.0313881 0.0272815 0.0275125 0.0359324 0.0317173 0.0317672 0.0152180 0.0409329 0.0402180 0.0456032 0.0317205 0.0363098 0.0319940 0.0411644 0.0406410 0.0406410 0.0277894 0.0319872 0.0319872 0.0277894 0.0513915 0.0317138 0.0275545 0.0355076 0.0316620 0.0445379 0.0401430 0.0313394 0.0397935 0.0401456 0.0950186 0.1056286 0.0363696 0.0151960 0.0355608 
XM_014118216_3_PREDICTED_Canis_lupus_familiaris_REV3_like_DNA_directed_polymerase_zeta_catalytic_subunit_REV3L_transcript_variant_X1_mRNA_1                0.0317736 0.0317272 0.0317237 0.0275534 0.0320415 0.0000000 0.0275591 0.0193726 0.0530174 0.0275534 0.0150770 0.0036834 0.0234919 0.0453455 0.0273726 0.0531760 0.0357446 0.0318216 0.0370296 0.0275534 0.1049863 0.1032572 0.0984083 0.0864361 0.0190351 0.0229945 0.0361814 0.0317272 0.0399920 0.0542247 0.0275621 0.0356811 0.0234958 0.0317237 0.0572170 0.0276080 0.0272824 0.0442233 0.0356834 0.0356834 0.0492755 0.0404848 0.0404848 0.0234570 0.0276052 0.0237746 0.0234570 0.0113211 0.0193455 0.0113211 0.0151971 0.0000010 0.0074960 0.0190026 0.0150770 0.0112144 0.0234482 0.0232206 0.0036841 0.0036841 0.0074960 0.0112332 0.0112332 0.0074271 0.0112144 0.0359829 0.0275506 0.0320415 0.0275506 0.0317071 0.0359208 0.0359829 0.0317071 0.0194064 0.0194064 0.0275563 0.0275563 0.0317138 0.0317138 0.0234554 0.0503054 0.0583935 0.0413101 0.0453556 0.0234919 0.0275994 0.0364382 0.0407180 0.0457015 0.0451230 0.0451101 0.0359361 0.0318183 0.0361226 0.0364461 0.0452718 0.0408604 0.0409265 0.0194064 0.0415302 0.0231920 0.0407763 0.0232276 0.0317669 0.0275591 0.0364458 0.0359943 0.0359943 0.0234529 0.0275534 0.0275534 0.0234529 0.0462933 0.0273246 0.0232602 0.0360006 0.0321005 0.0451832 0.0407153 0.0317683 0.0403549 0.0407180 0.0966869 0.1075364 0.0190038 0.0153919 0.0360553 
XM_016956167_2_PREDICTED_Pan_troglodytes_REV3_like_DNA_directed_polymerase_zeta_catalytic_subunit_REV3L_transcript_variant_X1_mRNA_1                       0.0036887 0.0114291 0.0193480 0.0074276 0.0319940 0.0275591 0.0000000 0.0275104 0.0355853 0.0074276 0.0275573 0.0234166 0.0234578 0.0452766 0.0152711 0.0356893 0.0232625 0.0194063 0.0369732 0.0074276 0.0935571 0.1030634 0.0982227 0.0862774 0.0154159 0.0194044 0.0235331 0.0114291 0.0232641 0.0406683 0.0153699 0.0192204 0.0194116 0.0193480 0.0526806 0.0153949 0.0152219 0.0272851 0.0192217 0.0192217 0.0360526 0.0276475 0.0276475 0.0193798 0.0234578 0.0196400 0.0193798 0.0236549 0.0323903 0.0236549 0.0236549 0.0275591 0.0278419 0.0317694 0.0275573 0.0317150 0.0324368 0.0321026 0.0317237 0.0317237 0.0278419 0.0317715 0.0317715 0.0275573 0.0317150 0.0359298 0.0275104 0.0319940 0.0275104 0.0316607 0.0358678 0.0359298 0.0316607 0.0193785 0.0193785 0.0275162 0.0275162 0.0316673 0.0316673 0.0234214 0.0323811 0.0491806 0.0324494 0.0364498 0.0234578 0.0275591 0.0363836 0.0406568 0.0456314 0.0450548 0.0450419 0.0358831 0.0234529 0.0360691 0.0363915 0.0452032 0.0407988 0.0408647 0.0234562 0.0414664 0.0355778 0.0278330 0.0272908 0.0112339 0.0000010 0.0075091 0.0074276 0.0074276 0.0036885 0.0074276 0.0074276 0.0036885 0.0327863 0.0152450 0.0113558 0.0275180 0.0236524 0.0363136 0.0319973 0.0234166 0.0317258 0.0319994 0.0858416 0.0963625 0.0317715 0.0153699 0.0275591 
XM_021091238_1_PREDICTED_Sus_scrofa_REV3_like_DNA_directed_polymerase_zeta_catalytic_subunit_REV3L_transcript_variant_X1_mRNA_1                            0.0317170 0.0316708 0.0316673 0.0275047 0.0231401 0.0193726 0.0275104 0.0000000 0.0440865 0.0275047 0.0275488 0.0153643 0.0229945 0.0356745 0.0273246 0.0356223 0.0356811 0.0234481 0.0361811 0.0275047 0.0911947 0.0897955 0.0851459 0.0740933 0.0275976 0.0317616 0.0361163 0.0316708 0.0399204 0.0541237 0.0275134 0.0272750 0.0276022 0.0316673 0.0617168 0.0275591 0.0272347 0.0355592 0.0272768 0.0272768 0.0491851 0.0404114 0.0404114 0.0275563 0.0317683 0.0279321 0.0275563 0.0236476 0.0323799 0.0236476 0.0277865 0.0193726 0.0195643 0.0317595 0.0275488 0.0234079 0.0317584 0.0314389 0.0234143 0.0234143 0.0195643 0.0234490 0.0234490 0.0193713 0.0234079 0.0189664 0.0189676 0.0231401 0.0189676 0.0229125 0.0269090 0.0269538 0.0229125 0.0112310 0.0112310 0.0189714 0.0189714 0.0229171 0.0229171 0.0150770 0.0359882 0.0481119 0.0360630 0.0399964 0.0229945 0.0270060 0.0356187 0.0272365 0.0317191 0.0313466 0.0231455 0.0269200 0.0311223 0.0270546 0.0272815 0.0356187 0.0314455 0.0314945 0.0150986 0.0405608 0.0272403 0.0407018 0.0272824 0.0317104 0.0275104 0.0363796 0.0359298 0.0359298 0.0234118 0.0275047 0.0275047 0.0234118 0.0416876 0.0272768 0.0232198 0.0352019 0.0272806 0.0398492 0.0355644 0.0310745 0.0394440 0.0397891 0.0888272 0.0991416 0.0317616 0.0150770 0.0270097 
XM_040758199_1_PREDICTED_Mesocricetus_auratus_REV3_like_DNA_directed_polymerase_zeta_catalytic_subunit_Rev3l_transcript_variant_X1_mRNA_1                  0.0398813 0.0355285 0.0355246 0.0355778 0.0489631 0.0530174 0.0355853 0.0440865 0.0000000 0.0355778 0.0530141 0.0485183 0.0486061 0.0629618 0.0395261 0.0229695 0.0481583 0.0356335 0.0640043 0.0355778 0.1144931 0.1240053 0.1191925 0.1064718 0.0399375 0.0442329 0.0487666 0.0355285 0.0437763 0.0489852 0.0313597 0.0229665 0.0442498 0.0355246 0.0701276 0.0272505 0.0393950 0.0150599 0.0229680 0.0229680 0.0622260 0.0531927 0.0531927 0.0441752 0.0486061 0.0447884 0.0441752 0.0490604 0.0588270 0.0490604 0.0445767 0.0530174 0.0536146 0.0575843 0.0530141 0.0574825 0.0589141 0.0582461 0.0574987 0.0574987 0.0536146 0.0575878 0.0575878 0.0530141 0.0574825 0.0529095 0.0440865 0.0489631 0.0440865 0.0484233 0.0528168 0.0529095 0.0484233 0.0355817 0.0355817 0.0355210 0.0355210 0.0397377 0.0397377 0.0313597 0.0588099 0.0668235 0.0589376 0.0629761 0.0486061 0.0530174 0.0628586 0.0580535 0.0634941 0.0626497 0.0626317 0.0440198 0.0485956 0.0531174 0.0536242 0.0628586 0.0582592 0.0583544 0.0398746 0.0689025 0.0523607 0.0535965 0.0524517 0.0398728 0.0355853 0.0447319 0.0441675 0.0441675 0.0314095 0.0355778 0.0355778 0.0314095 0.0596132 0.0394563 0.0352724 0.0355233 0.0490547 0.0627341 0.0489683 0.0485183 0.0575023 0.0489714 0.1058585 0.1167641 0.0575878 0.0398146 0.0530174 
XM_015448392_1_PREDICTED_Macaca_fascicularis_REV3_like_DNA_directed_polymerase_zeta_catalytic_subunit_REV3L_transcript_variant_X1_mRNA_1                   0.0112339 0.0193461 0.0193440 0.0000010 0.0319872 0.0275534 0.0074276 0.0275047 0.0355778 0.0000000 0.0275515 0.0234118 0.0234529 0.0452666 0.0152681 0.0356818 0.0232578 0.0194023 0.0369650 0.0074262 0.0935330 0.1030369 0.0981974 0.0862559 0.0154128 0.0194004 0.0235282 0.0193461 0.0232593 0.0406594 0.0153668 0.0192165 0.0194076 0.0193440 0.0526691 0.0153918 0.0152189 0.0272795 0.0192178 0.0192178 0.0360449 0.0276417 0.0276417 0.0193758 0.0234529 0.0196359 0.0193758 0.0236500 0.0323833 0.0236500 0.0236500 0.0275534 0.0278360 0.0317627 0.0275515 0.0317083 0.0324298 0.0320957 0.0317170 0.0317170 0.0278360 0.0317648 0.0317648 0.0275515 0.0317083 0.0359221 0.0275047 0.0319872 0.0275047 0.0316540 0.0358602 0.0359221 0.0316540 0.0193745 0.0193745 0.0275104 0.0275104 0.0316607 0.0316607 0.0234166 0.0411498 0.0491697 0.0324424 0.0364420 0.0234529 0.0275534 0.0363758 0.0406479 0.0456212 0.0450448 0.0450320 0.0358755 0.0234481 0.0360614 0.0363836 0.0451932 0.0407899 0.0408557 0.0234513 0.0414572 0.0355703 0.0278271 0.0272851 0.0036878 0.0074276 0.0152475 0.0150769 0.0150769 0.0036878 0.0074262 0.0074262 0.0036878 0.0327791 0.0152419 0.0113535 0.0275123 0.0236474 0.0363058 0.0319905 0.0234118 0.0317191 0.0319926 0.0858203 0.0963383 0.0317648 0.0153668 0.0275534 
XM_004753515_2_PREDICTED_Mustela_putorius_furo_REV3_like_polymerase_DNA_directed_zeta_catalytic_subunit_REV3L_transcript_variant_X1_mRNA_1                 0.0317715 0.0317251 0.0317216 0.0275515 0.0320394 0.0150770 0.0275573 0.0275488 0.0530141 0.0275515 0.0000000 0.0112144 0.0234903 0.0453425 0.0273708 0.0531726 0.0357423 0.0276475 0.0370271 0.0275515 0.0937101 0.1032306 0.0983829 0.0864145 0.0190338 0.0229930 0.0361790 0.0317251 0.0399894 0.0542213 0.0275603 0.0356787 0.0234942 0.0317216 0.0572135 0.0276061 0.0272806 0.0442205 0.0356811 0.0356811 0.0404069 0.0404822 0.0404822 0.0234554 0.0194064 0.0237730 0.0234554 0.0113203 0.0193442 0.0113203 0.0151960 0.0150770 0.0152205 0.0036873 0.0000010 0.0036824 0.0153883 0.0152440 0.0189752 0.0189752 0.0152205 0.0112310 0.0112310 0.0074257 0.0036824 0.0359805 0.0275488 0.0320394 0.0275488 0.0317050 0.0359184 0.0275430 0.0317050 0.0194051 0.0194051 0.0275545 0.0275545 0.0317117 0.0317117 0.0234538 0.0503021 0.0492517 0.0413074 0.0453526 0.0234903 0.0194051 0.0364357 0.0407153 0.0456985 0.0451200 0.0363074 0.0275116 0.0318162 0.0361203 0.0364436 0.0452689 0.0408577 0.0409238 0.0194051 0.0415274 0.0313998 0.0320948 0.0232261 0.0317648 0.0275573 0.0364433 0.0359919 0.0359919 0.0234513 0.0275515 0.0275515 0.0234513 0.0462902 0.0273228 0.0232587 0.0359983 0.0236854 0.0363655 0.0320427 0.0234490 0.0403523 0.0407153 0.0966812 0.1075303 0.0036875 0.0153908 0.0275976 
XM_034668992_1_PREDICTED_Ailuropoda_melanoleuca_REV3_like_DNA_directed_polymerase_zeta_catalytic_subunit_REV3L_transcript_variant_X1_mRNA_1                0.0275591 0.0275191 0.0275162 0.0234118 0.0277865 0.0036834 0.0234166 0.0153643 0.0485183 0.0234118 0.0112144 0.0000000 0.0194064 0.0408514 0.0232618 0.0486625 0.0315001 0.0276004 0.0326082 0.0234118 0.0992118 0.0976074 0.0927878 0.0810895 0.0151016 0.0190026 0.0318786 0.0275191 0.0356834 0.0496024 0.0234191 0.0314446 0.0194097 0.0275162 0.0526751 0.0234578 0.0231857 0.0398576 0.0314466 0.0314466 0.0447708 0.0361155 0.0361155 0.0193779 0.0234554 0.0196380 0.0193779 0.0074841 0.0153429 0.0074841 0.0113019 0.0036834 0.0037159 0.0150760 0.0112144 0.0074148 0.0193707 0.0191861 0.0074167 0.0074167 0.0037159 0.0074271 0.0074271 0.0036831 0.0074148 0.0317050 0.0234094 0.0277865 0.0234094 0.0275019 0.0316508 0.0317050 0.0275019 0.0153908 0.0153908 0.0234143 0.0234143 0.0275077 0.0275077 0.0193766 0.0456875 0.0537438 0.0368370 0.0408604 0.0194064 0.0234506 0.0320993 0.0363177 0.0411644 0.0406525 0.0406410 0.0316641 0.0275976 0.0318272 0.0321062 0.0407856 0.0364436 0.0365021 0.0153908 0.0370271 0.0191626 0.0363693 0.0191918 0.0275534 0.0234166 0.0321059 0.0317150 0.0317150 0.0193745 0.0234118 0.0234118 0.0193745 0.0416876 0.0232213 0.0192185 0.0317205 0.0278372 0.0407064 0.0363153 0.0275545 0.0360006 0.0363177 0.0912100 0.1018944 0.0150770 0.0114445 0.0317683 
XM_015600069_2_PREDICTED_Pteropus_alecto_REV3_like_DNA_directed_polymerase_zeta_catalytic_subunit_REV3L_transcript_variant_X1_mRNA_1                       0.0276080 0.0275679 0.0275649 0.0234529 0.0231834 0.0234919 0.0234578 0.0229945 0.0486061 0.0234529 0.0234903 0.0194064 0.0000000 0.0357433 0.0233024 0.0487508 0.0315559 0.0276494 0.0277417 0.0234529 0.0756082 0.0951619 0.0904826 0.0791839 0.0235317 0.0276466 0.0319357 0.0275679 0.0357470 0.0496944 0.0234603 0.0315001 0.0235356 0.0275649 0.0573179 0.0234991 0.0232261 0.0399290 0.0315022 0.0315022 0.0448526 0.0361807 0.0361807 0.0234967 0.0276524 0.0238154 0.0234967 0.0196009 0.0281761 0.0196009 0.0236896 0.0234919 0.0237292 0.0276447 0.0234903 0.0275976 0.0234879 0.0232595 0.0276052 0.0276052 0.0237292 0.0194390 0.0194390 0.0234903 0.0275976 0.0270042 0.0190026 0.0231834 0.0190026 0.0229550 0.0269593 0.0270042 0.0229550 0.0112514 0.0112514 0.0190064 0.0190064 0.0229596 0.0229596 0.0151046 0.0447759 0.0481982 0.0361280 0.0400683 0.0000010 0.0036937 0.0192192 0.0356299 0.0403591 0.0314064 0.0398576 0.0269703 0.0151242 0.0271054 0.0273332 0.0356873 0.0315056 0.0315548 0.0151262 0.0319872 0.0314553 0.0364354 0.0232665 0.0276022 0.0234578 0.0321640 0.0317715 0.0317715 0.0194084 0.0234529 0.0234529 0.0194084 0.0417660 0.0232618 0.0192518 0.0270170 0.0232245 0.0272806 0.0313978 0.0229976 0.0311372 0.0313998 0.0837891 0.0939744 0.0276466 0.0074396 0.0270566 
XM_005883745_2_PREDICTED_Myotis_brandtii_REV3_like_polymerase_DNA_directed_zeta_catalytic_subunit_REV3L_transcript_variant_X1_mRNA_1                       0.0498428 0.0497671 0.0407925 0.0452666 0.0359892 0.0453455 0.0452766 0.0356745 0.0629618 0.0452666 0.0453425 0.0408514 0.0357433 0.0000000 0.0449358 0.0631548 0.0539638 0.0409218 0.0501267 0.0364395 0.1208339 0.1187828 0.1139596 0.1014333 0.0454265 0.0499159 0.0546786 0.0497671 0.0585287 0.0743133 0.0452819 0.0448508 0.0409308 0.0407925 0.0721404 0.0453604 0.0447817 0.0537712 0.0448537 0.0448537 0.0687779 0.0593119 0.0489172 0.0453556 0.0499271 0.0460036 0.0453556 0.0413057 0.0509852 0.0413057 0.0457740 0.0453455 0.0458543 0.0499127 0.0453425 0.0498231 0.0453377 0.0448490 0.0408541 0.0408541 0.0458543 0.0499159 0.0499159 0.0453425 0.0498231 0.0356112 0.0314389 0.0359892 0.0314389 0.0356112 0.0398391 0.0399078 0.0356112 0.0232595 0.0232595 0.0314455 0.0314455 0.0356187 0.0356187 0.0273275 0.0590921 0.0624009 0.0544924 0.0539736 0.0357433 0.0399879 0.0492823 0.0492002 0.0543909 0.0447059 0.0536720 0.0398561 0.0443660 0.0152975 0.0154202 0.0151298 0.0112723 0.0037065 0.0273680 0.0548060 0.0537832 0.0597891 0.0448635 0.0498316 0.0452766 0.0551243 0.0543840 0.0543840 0.0408557 0.0452666 0.0452666 0.0408557 0.0612558 0.0448537 0.0404875 0.0486680 0.0447788 0.0491939 0.0536806 0.0442957 0.0531821 0.0536840 0.1008613 0.1116726 0.0499159 0.0273275 0.0487427 
XM_006157005_3_PREDICTED_Tupaia_chinensis_REV3_like_DNA_directed_polymerase_zeta_catalytic_subunit_REV3L_transcript_variant_X3_mRNA_1                      0.0192524 0.0192250 0.0192230 0.0152681 0.0317704 0.0273726 0.0152711 0.0273246 0.0395261 0.0152681 0.0273708 0.0232618 0.0233024 0.0449358 0.0000000 0.0396413 0.0231099 0.0192805 0.0367026 0.0152681 0.0926206 0.0911708 0.0972265 0.0854582 0.0153181 0.0192786 0.0233767 0.0192250 0.0271442 0.0403705 0.0152727 0.0230700 0.0192857 0.0192230 0.0522814 0.0152974 0.0151267 0.0311819 0.0230715 0.0230715 0.0357969 0.0274597 0.0274597 0.0192544 0.0233024 0.0154746 0.0192544 0.0234967 0.0321606 0.0234967 0.0276052 0.0273726 0.0234942 0.0315493 0.0273708 0.0314956 0.0322065 0.0235333 0.0315043 0.0315043 0.0234942 0.0315514 0.0315514 0.0273708 0.0314956 0.0356758 0.0273246 0.0317704 0.0273246 0.0314421 0.0356148 0.0356758 0.0314421 0.0192531 0.0192531 0.0273302 0.0273302 0.0314487 0.0314487 0.0232665 0.0408530 0.0488075 0.0322189 0.0361878 0.0233024 0.0273726 0.0361226 0.0403591 0.0452844 0.0447175 0.0447048 0.0356299 0.0232976 0.0358131 0.0361304 0.0448635 0.0404989 0.0405638 0.0233008 0.0411553 0.0353293 0.0276424 0.0271081 0.0192485 0.0152711 0.0235347 0.0232593 0.0232593 0.0113737 0.0152681 0.0152681 0.0113737 0.0325505 0.0151494 0.0112861 0.0273321 0.0234942 0.0360537 0.0317736 0.0232618 0.0315063 0.0317757 0.0850339 0.0954141 0.0315514 0.0152727 0.0192531 
XM_027402162_2_PREDICTED_Cricetulus_griseus_REV3_like_DNA_directed_polymerase_zeta_catalytic_subunit_Rev3l_transcript_variant_X5_mRNA_1                    0.0399987 0.0356322 0.0356283 0.0356818 0.0491101 0.0531760 0.0356893 0.0356223 0.0229695 0.0356818 0.0531726 0.0486625 0.0487508 0.0631548 0.0396413 0.0000000 0.0396446 0.0273696 0.0642042 0.0356818 0.1092593 0.1187729 0.1139502 0.1014256 0.0315514 0.0357394 0.0316105 0.0356322 0.0353819 0.0582465 0.0314507 0.0230317 0.0357529 0.0356283 0.0703372 0.0273291 0.0395094 0.0151020 0.0230332 0.0230332 0.0532604 0.0444481 0.0444481 0.0356933 0.0400005 0.0361829 0.0356933 0.0492079 0.0497613 0.0492079 0.0447099 0.0531760 0.0537769 0.0577575 0.0531726 0.0576551 0.0590958 0.0584235 0.0576715 0.0576715 0.0537769 0.0577610 0.0577610 0.0531726 0.0576551 0.0442138 0.0442166 0.0491101 0.0442166 0.0485669 0.0529742 0.0530674 0.0485669 0.0356857 0.0356857 0.0356247 0.0356247 0.0398543 0.0398543 0.0314507 0.0589910 0.0577482 0.0498540 0.0538828 0.0487508 0.0531760 0.0630510 0.0582297 0.0636906 0.0628408 0.0535908 0.0529974 0.0487402 0.0532765 0.0537866 0.0630510 0.0584367 0.0585324 0.0399920 0.0691192 0.0615249 0.0447715 0.0526067 0.0399901 0.0356893 0.0404278 0.0442981 0.0442981 0.0315009 0.0356818 0.0356818 0.0315009 0.0504063 0.0311819 0.0353745 0.0530940 0.0447864 0.0583212 0.0447077 0.0486625 0.0576750 0.0582297 0.0798300 0.0900547 0.0577610 0.0399315 0.0443031 
XM_013069186_2_PREDICTED_Heterocephalus_glaber_REV3_like_DNA_directed_polymerase_zeta_catalytic_subunit_Rev3l_transcript_variant_X1_mRNA_1                 0.0273735 0.0273341 0.0273312 0.0232578 0.0403497 0.0357446 0.0232625 0.0356811 0.0481583 0.0232578 0.0357423 0.0315001 0.0315559 0.0539638 0.0231099 0.0396446 0.0000000 0.0192819 0.0456134 0.0232578 0.0926150 0.1131811 0.1028395 0.0960863 0.0153191 0.0192800 0.0153450 0.0273341 0.0271462 0.0492240 0.0232650 0.0312304 0.0192871 0.0273312 0.0612443 0.0233031 0.0230349 0.0395744 0.0312324 0.0312324 0.0192779 0.0114091 0.0037444 0.0192557 0.0233040 0.0195124 0.0192557 0.0318297 0.0321632 0.0318297 0.0360606 0.0357446 0.0361216 0.0400560 0.0357423 0.0399868 0.0409211 0.0404875 0.0399980 0.0399980 0.0361216 0.0400586 0.0400586 0.0357423 0.0399868 0.0442878 0.0356811 0.0403497 0.0356811 0.0399179 0.0442110 0.0442878 0.0399179 0.0273746 0.0273746 0.0356886 0.0356886 0.0399264 0.0399264 0.0315067 0.0408504 0.0488044 0.0196669 0.0235733 0.0315559 0.0357446 0.0448606 0.0492100 0.0544022 0.0536983 0.0536829 0.0442301 0.0315493 0.0444605 0.0448704 0.0538760 0.0493829 0.0494630 0.0315538 0.0502197 0.0353271 0.0194349 0.0271063 0.0273678 0.0232625 0.0276522 0.0314967 0.0314967 0.0192498 0.0232578 0.0232578 0.0192498 0.0368940 0.0151504 0.0190959 0.0356909 0.0318262 0.0447737 0.0403539 0.0315001 0.0400005 0.0317736 0.0748177 0.0849024 0.0400586 0.0232650 0.0357446 
XM_008852401_2_PREDICTED_Nannospalax_galili_REV3_like_DNA_directed_polymerase_zeta_catalytic_subunit_Rev3l_transcript_variant_X1_mRNA_1                    0.0234917 0.0234578 0.0234553 0.0194023 0.0278332 0.0318216 0.0194063 0.0234481 0.0356335 0.0194023 0.0276475 0.0276004 0.0276494 0.0409218 0.0192805 0.0273696 0.0192819 0.0000000 0.0415346 0.0194023 0.0994053 0.1089896 0.1041161 0.0918670 0.0114987 0.0154385 0.0195031 0.0234578 0.0232983 0.0452109 0.0194084 0.0192459 0.0154442 0.0234553 0.0573113 0.0194402 0.0192178 0.0273217 0.0192472 0.0192472 0.0318708 0.0235676 0.0235676 0.0154190 0.0194410 0.0156249 0.0154190 0.0278871 0.0281771 0.0278871 0.0321005 0.0318216 0.0321549 0.0318743 0.0276475 0.0318195 0.0325463 0.0322098 0.0360590 0.0360590 0.0321549 0.0361139 0.0361139 0.0318195 0.0318195 0.0317581 0.0234481 0.0278332 0.0234481 0.0275476 0.0317037 0.0317581 0.0275476 0.0154159 0.0154159 0.0234529 0.0234529 0.0275534 0.0275534 0.0194084 0.0368222 0.0538370 0.0282283 0.0322167 0.0276494 0.0276494 0.0408557 0.0363796 0.0412359 0.0407222 0.0407107 0.0275591 0.0276436 0.0318807 0.0321606 0.0408557 0.0365060 0.0365647 0.0194370 0.0461188 0.0399331 0.0196279 0.0315054 0.0234868 0.0194063 0.0237290 0.0275974 0.0275974 0.0154143 0.0194023 0.0194023 0.0154143 0.0328375 0.0113729 0.0152923 0.0317736 0.0278840 0.0407763 0.0363771 0.0276004 0.0360614 0.0363796 0.0808464 0.0912435 0.0318764 0.0194084 0.0318216 
XM_023650934_1_PREDICTED_Equus_caballus_REV3_like_DNA_directed_polymerase_zeta_catalytic_subunit_REV3L_transcript_variant_X1_mRNA_1                        0.0414692 0.0361966 0.0414012 0.0369650 0.0365059 0.0370296 0.0369732 0.0361811 0.0640043 0.0369650 0.0370271 0.0326082 0.0277417 0.0501267 0.0367026 0.0642042 0.0456134 0.0415346 0.0000000 0.0369650 0.0897955 0.0884448 0.0838733 0.0730373 0.0370958 0.0415302 0.0462090 0.0361966 0.0501321 0.0655766 0.0319387 0.0455286 0.0371022 0.0414012 0.0685485 0.0370417 0.0365764 0.0546216 0.0455316 0.0455316 0.0601733 0.0507936 0.0507936 0.0370377 0.0415395 0.0375673 0.0370377 0.0329637 0.0326682 0.0329637 0.0373714 0.0370296 0.0374371 0.0415274 0.0370271 0.0414527 0.0370231 0.0366316 0.0414647 0.0414647 0.0374371 0.0415302 0.0415302 0.0370271 0.0414527 0.0404871 0.0318747 0.0365059 0.0318747 0.0361158 0.0361158 0.0404871 0.0361158 0.0235680 0.0235680 0.0318815 0.0318815 0.0361236 0.0361236 0.0276981 0.0540925 0.0540716 0.0507155 0.0548220 0.0277417 0.0319319 0.0410110 0.0499594 0.0552644 0.0545349 0.0545190 0.0318312 0.0362441 0.0406463 0.0410200 0.0500442 0.0455369 0.0456115 0.0277398 0.0036767 0.0454602 0.0511915 0.0366434 0.0414599 0.0369732 0.0465756 0.0459590 0.0459590 0.0326117 0.0369650 0.0369650 0.0326117 0.0512899 0.0366354 0.0323244 0.0405073 0.0365740 0.0499449 0.0453730 0.0361864 0.0449604 0.0453760 0.1029024 0.1140362 0.0415302 0.0194682 0.0405696 
XM_035296530_1_PREDICTED_Callithrix_jacchus_REV3_like_DNA_directed_polymerase_zeta_catalytic_subunit_REV3L_transcript_variant_X1_mRNA_1                    0.0112339 0.0193461 0.0193440 0.0074262 0.0319872 0.0275534 0.0074276 0.0275047 0.0355778 0.0074262 0.0275515 0.0234118 0.0234529 0.0364395 0.0152681 0.0356818 0.0232578 0.0194023 0.0369650 0.0000000 0.0935330 0.0920484 0.0872623 0.0758338 0.0154128 0.0194004 0.0235282 0.0193461 0.0232593 0.0406594 0.0153668 0.0192165 0.0194076 0.0193440 0.0526691 0.0153918 0.0152189 0.0272795 0.0192178 0.0192178 0.0360449 0.0276417 0.0276417 0.0193758 0.0234529 0.0196359 0.0193758 0.0236500 0.0323833 0.0236500 0.0236500 0.0275534 0.0278360 0.0317627 0.0275515 0.0317083 0.0324298 0.0320957 0.0317170 0.0317170 0.0278360 0.0317648 0.0317648 0.0275515 0.0317083 0.0359221 0.0275047 0.0319872 0.0275047 0.0316540 0.0358602 0.0359221 0.0316540 0.0193745 0.0193745 0.0275104 0.0275104 0.0316607 0.0316607 0.0234166 0.0411498 0.0491697 0.0324424 0.0364420 0.0234529 0.0275534 0.0363758 0.0406479 0.0456212 0.0450448 0.0450320 0.0358755 0.0234481 0.0360614 0.0363836 0.0451932 0.0407899 0.0408557 0.0234513 0.0414572 0.0355703 0.0278271 0.0272851 0.0112317 0.0074276 0.0152475 0.0150769 0.0150769 0.0036878 0.0074262 0.0074262 0.0036878 0.0327791 0.0152419 0.0113535 0.0275123 0.0236474 0.0277863 0.0319905 0.0234118 0.0317191 0.0319926 0.0858203 0.0963383 0.0317648 0.0153668 0.0275534 
XM_007484437_2_PREDICTED_Monodelphis_domestica_REV3_like_DNA_directed_polymerase_zeta_catalytic_subunit_REV3L_transcript_variant_X1_mRNA_1                 0.0992299 0.0805312 0.0879924 0.0935330 0.1088164 0.1049863 0.0935571 0.0911947 0.1144931 0.0935330 0.0937101 0.0992118 0.0756082 0.1208339 0.0926206 0.1092593 0.0926150 0.0994053 0.0897955 0.0935330 0.0000000 0.0402951 0.0539058 0.0358333 0.0939050 0.0993932 0.1054139 0.0805312 0.1092530 0.1061930 0.0754636 0.0924258 0.0939222 0.0879924 0.1197362 0.0828416 0.0922663 0.1032838 0.1034909 0.1034909 0.0993794 0.0995953 0.0939050 0.0937401 0.0883174 0.0952670 0.0937401 0.1006715 0.0994191 0.1006715 0.1063366 0.1049863 0.1065484 0.0993872 0.0937101 0.0991860 0.1108437 0.1092397 0.1106597 0.1106597 0.1065484 0.0883119 0.0883119 0.0937101 0.0991860 0.0964518 0.1018270 0.1088164 0.1018270 0.1018270 0.1072469 0.0964518 0.1018270 0.0911947 0.0911947 0.1018528 0.1018528 0.1072742 0.1072742 0.0965003 0.1077000 0.1021894 0.1052348 0.1094953 0.0756082 0.0806668 0.0980221 0.1146946 0.1224861 0.1088861 0.1033044 0.1127930 0.0755899 0.1134580 0.1149194 0.1206136 0.1149194 0.1151289 0.0966656 0.0951564 0.1146946 0.1034767 0.1035177 0.0881459 0.0935571 0.0950923 0.1047793 0.1047793 0.0881459 0.0935330 0.0935330 0.0881459 0.0926081 0.0924314 0.0871234 0.0910397 0.0745218 0.0794891 0.0743815 0.0857955 0.1074990 0.1088359 0.0958936 0.1066080 0.0883119 0.0858167 0.0859673 
XM_031964400_1_PREDICTED_Sarcophilus_harrisii_REV3_like_DNA_directed_polymerase_zeta_catalytic_subunit_REV3L_transcript_variant_X1_mRNA_1                  0.1087989 0.0896289 0.0974311 0.1030369 0.1182973 0.1032572 0.1030634 0.0897955 0.1240053 0.1030369 0.1032306 0.0976074 0.0951619 0.1187828 0.0911708 0.1187729 0.1131811 0.1089896 0.0884448 0.0920484 0.0402951 0.0000000 0.0357081 0.0190811 0.1034436 0.1089764 0.1150729 0.0896289 0.1187663 0.1159566 0.0845076 0.1017934 0.1034622 0.0974311 0.1292404 0.0922417 0.1016190 0.1127323 0.1129563 0.1129563 0.1205160 0.1207781 0.1148431 0.1032633 0.0977885 0.0991835 0.1032633 0.1104043 0.1090047 0.1104043 0.1161119 0.1032572 0.0989976 0.1089701 0.1032306 0.0975825 0.1205183 0.1187520 0.1088076 0.1088076 0.0989976 0.0869301 0.0869301 0.0922196 0.0975825 0.1057102 0.1111217 0.1182973 0.1111217 0.1111217 0.1165706 0.1057102 0.1111217 0.1004165 0.1004165 0.1111497 0.1111497 0.1166001 0.1166001 0.1057632 0.1170580 0.1005670 0.1148797 0.1190269 0.0951619 0.1004165 0.1074715 0.1242209 0.1322157 0.1183725 0.1127549 0.1221447 0.1059221 0.1228557 0.1244614 0.1301746 0.1244614 0.1246852 0.1059427 0.0937006 0.1127838 0.1129408 0.1129853 0.1087707 0.1030634 0.1163617 0.1143875 0.1143875 0.0976000 0.1030369 0.1030369 0.0976000 0.1019922 0.1017993 0.0964446 0.1002472 0.0834345 0.0783314 0.0832781 0.0949551 0.1057692 0.1070541 0.1215094 0.1326759 0.1089764 0.0949786 0.0951439 
XM_036766364_1_PREDICTED_Trichosurus_vulpecula_REV3_like_DNA_directed_polymerase_zeta_catalytic_subunit_REV3L_transcript_variant_X1_mRNA_1                 0.1039329 0.0849875 0.0926197 0.0981974 0.1134904 0.0984083 0.0982227 0.0851459 0.1191925 0.0981974 0.0983829 0.0927878 0.0904826 0.1139596 0.0972265 0.1139502 0.1028395 0.1041161 0.0838733 0.0872623 0.0539058 0.0357081 0.0000000 0.0231628 0.0985869 0.1041035 0.1101700 0.0849875 0.1139438 0.1228735 0.0798915 0.0970227 0.0986048 0.0926197 0.1244419 0.0874463 0.0968557 0.1079334 0.1081492 0.1081492 0.1156143 0.1158675 0.1043145 0.0984142 0.0929609 0.1000155 0.0984142 0.1054565 0.1041306 0.1054565 0.1111509 0.0984083 0.0998284 0.1040973 0.0983829 0.0927641 0.1156165 0.1139300 0.1039411 0.1039411 0.0998284 0.0821627 0.0821627 0.0874250 0.0927641 0.1009997 0.1063993 0.1134904 0.1063993 0.1063993 0.1118412 0.1009997 0.1063993 0.0957194 0.0957194 0.1064262 0.1064262 0.1118697 0.1118697 0.1010505 0.1123120 0.1067764 0.1014333 0.1055515 0.0904826 0.0957194 0.1026752 0.1194014 0.1273095 0.1135629 0.1079550 0.1174103 0.1012033 0.1180994 0.1196344 0.1253495 0.1196344 0.1198515 0.1012230 0.0891010 0.0968991 0.1081343 0.0970720 0.1039059 0.0982227 0.1113919 0.1095093 0.1095093 0.0927808 0.0981974 0.0981974 0.0927808 0.0972133 0.0970285 0.0916929 0.1064322 0.0788857 0.0738164 0.0787375 0.0902853 0.1010563 0.1079334 0.1168151 0.1279892 0.1041035 0.0903076 0.0904656 
XM_027848601_1_PREDICTED_Vombatus_ursinus_REV3_like_DNA_directed_polymerase_zeta_catalytic_subunit_REV3L_transcript_variant_X1_mRNA_1                      0.0917093 0.0739591 0.0809467 0.0862559 0.1010251 0.0864361 0.0862774 0.0740933 0.1064718 0.0862559 0.0864145 0.0810895 0.0791839 0.1014333 0.0854582 0.1014256 0.0960863 0.0918670 0.0730373 0.0758338 0.0358333 0.0190811 0.0231628 0.0000000 0.0865892 0.0918561 0.0976058 0.0739591 0.1014197 0.0982793 0.0690824 0.0852832 0.0866047 0.0809467 0.1005424 0.0759897 0.0851400 0.0957123 0.0958990 0.0958990 0.1028255 0.1030449 0.0974137 0.0864414 0.0812373 0.0878059 0.0864414 0.0929790 0.0918793 0.0929790 0.0984083 0.0864361 0.0876147 0.0918505 0.0864145 0.0810695 0.1028272 0.1014077 0.0917160 0.0917160 0.0876147 0.0709462 0.0709462 0.0759714 0.0810695 0.0892545 0.0944216 0.1010251 0.0944216 0.0944216 0.0996325 0.0892545 0.0944216 0.0841970 0.0841970 0.0944448 0.0944448 0.0996571 0.0996571 0.0892981 0.1000421 0.0843213 0.0974443 0.1016386 0.0791839 0.0841970 0.1014333 0.1066542 0.1139872 0.1010878 0.0957306 0.1049606 0.0894304 0.1055638 0.1068578 0.1012543 0.1068578 0.1070475 0.0894470 0.0780308 0.0957545 0.0958862 0.0959230 0.0916862 0.0862774 0.0986168 0.0970342 0.0970342 0.0810839 0.0862559 0.0862559 0.0810839 0.0854471 0.0852883 0.0801876 0.0840577 0.0682559 0.0634134 0.0586565 0.0790156 0.0998607 0.1010428 0.0938937 0.1043317 0.0918561 0.0790345 0.0791697 
XM_040983897_1_PREDICTED_Ochotona_curzoniae_REV3_like_DNA_directed_polymerase_zeta_catalytic_subunit_REV3L_transcript_variant_X1_mRNA_1                    0.0194383 0.0194104 0.0194084 0.0154128 0.0320972 0.0190351 0.0154159 0.0275976 0.0399375 0.0154128 0.0190338 0.0151016 0.0235317 0.0454265 0.0153181 0.0315514 0.0153191 0.0114987 0.0370958 0.0154128 0.0939050 0.1034436 0.0985869 0.0865892 0.0000000 0.0036989 0.0154923 0.0194104 0.0192813 0.0408015 0.0154175 0.0232945 0.0115018 0.0194084 0.0528515 0.0154427 0.0152686 0.0314956 0.0232960 0.0232960 0.0276890 0.0195006 0.0195006 0.0114832 0.0154432 0.0116354 0.0114832 0.0152471 0.0153940 0.0152471 0.0191887 0.0190351 0.0192198 0.0230311 0.0190338 0.0229930 0.0234879 0.0232595 0.0229991 0.0229991 0.0192198 0.0230326 0.0230326 0.0190338 0.0229930 0.0360452 0.0275976 0.0320972 0.0275976 0.0317616 0.0359829 0.0360452 0.0317616 0.0194390 0.0194390 0.0276034 0.0276034 0.0317683 0.0317683 0.0234951 0.0412955 0.0493423 0.0240159 0.0279845 0.0235317 0.0276466 0.0365021 0.0407899 0.0457839 0.0452032 0.0451903 0.0359983 0.0235268 0.0361855 0.0365101 0.0453526 0.0409328 0.0409991 0.0194390 0.0416051 0.0356909 0.0196260 0.0273764 0.0194343 0.0154159 0.0196314 0.0234878 0.0234878 0.0114797 0.0154128 0.0154128 0.0114797 0.0285136 0.0075301 0.0113904 0.0276052 0.0237276 0.0364317 0.0321005 0.0234903 0.0318272 0.0321026 0.0757674 0.0860196 0.0230326 0.0154175 0.0276466 
XM_004580498_1_PREDICTED_Ochotona_princeps_REV3_like_DNA_directed_polymerase_zeta_catalytic_subunit_REV3L_mRNA_1                                           0.0234893 0.0234554 0.0234529 0.0194004 0.0363696 0.0229945 0.0194044 0.0317616 0.0442329 0.0194004 0.0229930 0.0190026 0.0276466 0.0499159 0.0192786 0.0357394 0.0192800 0.0154385 0.0415302 0.0194004 0.0993932 0.1089764 0.1041035 0.0918561 0.0036989 0.0000000 0.0195012 0.0234554 0.0232960 0.0452061 0.0194064 0.0273633 0.0154427 0.0234529 0.0573052 0.0194383 0.0192159 0.0356758 0.0273651 0.0273651 0.0235260 0.0235652 0.0235652 0.0154175 0.0194390 0.0156233 0.0154175 0.0191887 0.0193766 0.0191887 0.0231834 0.0229945 0.0232213 0.0270493 0.0229930 0.0270042 0.0275948 0.0273219 0.0270115 0.0270115 0.0232213 0.0270511 0.0270511 0.0229930 0.0270042 0.0403322 0.0317616 0.0363696 0.0317616 0.0359829 0.0402620 0.0403322 0.0359829 0.0234903 0.0234903 0.0317683 0.0317683 0.0359906 0.0359906 0.0276034 0.0457627 0.0538312 0.0282253 0.0322134 0.0276466 0.0318183 0.0408514 0.0451932 0.0503174 0.0496691 0.0496548 0.0402794 0.0276408 0.0404901 0.0408604 0.0498342 0.0453526 0.0454265 0.0234903 0.0461138 0.0399290 0.0237201 0.0315022 0.0234845 0.0194044 0.0237266 0.0275946 0.0275946 0.0154128 0.0194004 0.0194004 0.0154128 0.0328340 0.0113718 0.0152908 0.0317704 0.0278812 0.0407720 0.0363734 0.0275976 0.0360577 0.0363758 0.0808370 0.0912327 0.0270511 0.0194064 0.0318183 
XM_008263376_2_PREDICTED_Oryctolagus_cuniculus_REV3_like_DNA_directed_polymerase_zeta_catalytic_subunit_REV3L_transcript_variant_X1_mRNA_1                 0.0276974 0.0276570 0.0276540 0.0235282 0.0408557 0.0361814 0.0235331 0.0361163 0.0487666 0.0235282 0.0361790 0.0318786 0.0319357 0.0546786 0.0233767 0.0316105 0.0153450 0.0195031 0.0462090 0.0235282 0.1054139 0.1150729 0.1101700 0.0976058 0.0154923 0.0195012 0.0000000 0.0276570 0.0274643 0.0498625 0.0235356 0.0316018 0.0195085 0.0276540 0.0620502 0.0235747 0.0232999 0.0400593 0.0316039 0.0316039 0.0277372 0.0195341 0.0195341 0.0194764 0.0235756 0.0197391 0.0194764 0.0322167 0.0325590 0.0322167 0.0365060 0.0361814 0.0365685 0.0405539 0.0361790 0.0404829 0.0414428 0.0409972 0.0404943 0.0404943 0.0365685 0.0405566 0.0405566 0.0361790 0.0404829 0.0448457 0.0361163 0.0408557 0.0361163 0.0404122 0.0447668 0.0448457 0.0404122 0.0276985 0.0276985 0.0361240 0.0361240 0.0404209 0.0404209 0.0318853 0.0413702 0.0494307 0.0240582 0.0280337 0.0319357 0.0361814 0.0454343 0.0498481 0.0448631 0.0544056 0.0543899 0.0447864 0.0319289 0.0450229 0.0454444 0.0545883 0.0500257 0.0501080 0.0319336 0.0508876 0.0357529 0.0196599 0.0274235 0.0276916 0.0235331 0.0279831 0.0318750 0.0318750 0.0194703 0.0235282 0.0235282 0.0194703 0.0373620 0.0153196 0.0193127 0.0361264 0.0322131 0.0453451 0.0408600 0.0318786 0.0404970 0.0408627 0.0658354 0.0757994 0.0405566 0.0235356 0.0361814 
XM_029482641_1_PREDICTED_Mus_caroli_REV3_like_DNA_directed_polymerase_zeta_catalytic_subunit_Rev3l_mRNA_1                                                  0.0153709 0.0000010 0.0153475 0.0193461 0.0362638 0.0317272 0.0114291 0.0316708 0.0355285 0.0193461 0.0317251 0.0275191 0.0275679 0.0497671 0.0192250 0.0356322 0.0273341 0.0234578 0.0361966 0.0193461 0.0805312 0.0896289 0.0849875 0.0739591 0.0194104 0.0234554 0.0276570 0.0000000 0.0314553 0.0362802 0.0036841 0.0191905 0.0234642 0.0153475 0.0438935 0.0114487 0.0191626 0.0272421 0.0272880 0.0272880 0.0403539 0.0318297 0.0318297 0.0234255 0.0275679 0.0237423 0.0234255 0.0278041 0.0367203 0.0278041 0.0320044 0.0317272 0.0320585 0.0360036 0.0317251 0.0359414 0.0367735 0.0363877 0.0359514 0.0359514 0.0320585 0.0360060 0.0360060 0.0317251 0.0359414 0.0402154 0.0316708 0.0362638 0.0316708 0.0358794 0.0401456 0.0402154 0.0358794 0.0234239 0.0234239 0.0316775 0.0316775 0.0358871 0.0358871 0.0275249 0.0367099 0.0536720 0.0367878 0.0408061 0.0275679 0.0317272 0.0407315 0.0450599 0.0501661 0.0495217 0.0495075 0.0401629 0.0275621 0.0403724 0.0407404 0.0496859 0.0452184 0.0452919 0.0275660 0.0405784 0.0398146 0.0320481 0.0314129 0.0234182 0.0114291 0.0195730 0.0193461 0.0193461 0.0153699 0.0193461 0.0193461 0.0153699 0.0278419 0.0191918 0.0152486 0.0316796 0.0278011 0.0406525 0.0277534 0.0275191 0.0359538 0.0362700 0.0805653 0.0909231 0.0360060 0.0193521 0.0317272 
