148
NM_001372078_1_Homo_sapiens_REV3_like_DNA_directed_polymerase_zeta_catalytic_subunit_REV3L_transcript_variant_4_mRNA_1                                     0.0000000 0.1545193 0.1633310 0.0151538 0.0629906 0.0804482 0.0033071 0.0736005 0.1198196 0.0134324 0.0803316 0.0671352 0.0790344 0.0689555 0.0693956 0.1157620 0.0703759 0.1006878 0.0729144 0.0330003 0.2308551 0.2426892 0.2122052 0.2164380 0.0963770 0.0890934 0.0824684 0.1599184 0.0664048 0.0976916 0.1495978 0.1423400 0.1136558 0.1705581 0.1697982 0.1594729 0.1628902 0.1187633 0.1140105 0.1166542 0.0921802 0.0734074 0.0663584 0.0633515 0.0670514 0.0670191 0.0651469 0.0699752 0.0657503 0.0677623 0.0680141 0.0657503 0.0679496 0.0804482 0.0712305 0.0675109 0.0758491 0.0650439 0.0745689 0.0853187 0.0801641 0.0759082 0.0712305 0.0717531 0.0718188 0.0718188 0.0653393 0.0672805 0.0672457 0.0651612 0.0606493 0.0629906 0.0609635 0.0573408 0.0568351 0.0629271 0.0586938 0.0565632 0.0781586 0.0701891 0.0701891 0.0625862 0.0644980 0.0666454 0.0689873 0.0685683 0.0665857 0.0665857 0.0665857 0.0647669 0.0668098 0.0646776 0.0685407 0.1196388 0.1194358 0.0852855 0.0695254 0.0769706 0.0787626 0.0768722 0.0631367 0.0710653 0.0643554 0.0670810 0.0670847 0.1855894 0.0736057 0.0688953 0.0732430 0.0712260 0.0689555 0.0724107 0.0749289 0.1454048 0.0585571 0.1443150 0.0100106 0.0134054 0.0134047 0.0151409 0.0133995 0.0133995 0.0134458 0.0134168 0.0100313 0.0016438 0.0049759 0.0049563 0.0016438 0.0275718 0.0293243 0.0293243 0.0313533 0.0745303 0.0371109 0.0533498 0.0705971 0.0938761 0.1218584 0.0934283 0.0948607 0.0833694 0.0724449 0.2911368 0.2746055 0.0654463 0.0685902 0.0743135 
NM_011264_3_Mus_musculus_REV3_like_DNA_directed_polymerase_zeta_catalytic_subunit_Rev3l_mRNA_1                                                             0.1545193 0.0000000 0.0686824 0.1613796 0.1646045 0.1910103 0.1521008 0.1734270 0.0794096 0.1588254 0.1853446 0.1666918 0.1644334 0.1695003 0.1486364 0.0735677 0.1638384 0.1476341 0.1732306 0.1568813 0.3368942 0.3209254 0.2857539 0.3016033 0.1995509 0.1859298 0.1763039 0.0065001 0.1278506 0.1730667 0.0217640 0.0981321 0.1586314 0.0693638 0.0588810 0.0604373 0.0529451 0.0834782 0.0947162 0.0950775 0.1949757 0.1630875 0.1615186 0.1545521 0.1537070 0.1509671 0.1515898 0.1828849 0.1772738 0.1797712 0.1805590 0.1772738 0.1803698 0.1910103 0.1616975 0.1815143 0.1859127 0.1727438 0.1920064 0.1870416 0.1902238 0.1847809 0.1616975 0.1822188 0.1824069 0.1824069 0.1735781 0.1783106 0.1782153 0.1730121 0.1551848 0.1646045 0.1620283 0.1611225 0.1511879 0.1557776 0.1562248 0.1532633 0.1770644 0.1651772 0.1651772 0.1687380 0.1683707 0.1637530 0.1722439 0.1660708 0.1686553 0.1686553 0.1686553 0.1718402 0.1744620 0.1689089 0.1734742 0.2038727 0.2230018 0.1844784 0.1763460 0.1670192 0.1748914 0.1737796 0.1553141 0.1596926 0.1496307 0.1624194 0.1649638 0.3252173 0.1838426 0.1769174 0.1751622 0.1778092 0.1695003 0.1820378 0.1732306 0.2480866 0.1471343 0.2456198 0.1535847 0.1584052 0.1584005 0.1588254 0.1583241 0.1583241 0.1566387 0.1512345 0.1539940 0.1516663 0.1546300 0.1516663 0.1516663 0.1519280 0.1517469 0.1517469 0.1579655 0.1733902 0.1402263 0.1574201 0.1999624 0.1890003 0.2109404 0.1817700 0.1934188 0.1888108 0.1917428 0.3580415 0.3507881 0.1802833 0.1796505 0.1792121 
XM_006256524_2_PREDICTED_Rattus_norvegicus_REV3_like_DNA_directed_polymerase_zeta_catalytic_subunit_Rev3l_transcript_variant_X1_mRNA_1                     0.1633310 0.0686824 0.0000000 0.1729546 0.1633478 0.2035848 0.1608575 0.1829404 0.0861126 0.1703237 0.1979416 0.1757737 0.1761297 0.1812515 0.1511014 0.0842942 0.1649175 0.1464382 0.1772574 0.1606379 0.3629220 0.3634281 0.3323737 0.3490099 0.2079009 0.1939747 0.1857816 0.0728143 0.1429097 0.1704253 0.0670103 0.1114850 0.1599864 0.0115231 0.0813748 0.0873789 0.0749204 0.1056572 0.0995979 0.0999819 0.1881115 0.1641704 0.1625783 0.1609392 0.1600420 0.1572381 0.1578972 0.1870971 0.1813907 0.1839241 0.1847410 0.1813907 0.1845454 0.2035848 0.1706632 0.1885068 0.1985674 0.1767526 0.1963885 0.1996911 0.2027260 0.2026186 0.1706632 0.1864068 0.1866014 0.1866014 0.1801232 0.1824105 0.1770324 0.1770298 0.1624184 0.1633478 0.1607578 0.1572408 0.1602829 0.1594944 0.1599586 0.1569426 0.1814335 0.1745014 0.1745014 0.1701245 0.1647195 0.1702128 0.1788986 0.1725701 0.1752069 0.1752069 0.1752069 0.1732638 0.1759139 0.1754735 0.1698330 0.2044982 0.2252033 0.1870296 0.1788254 0.1787937 0.1893374 0.1830014 0.1566270 0.1711790 0.1583486 0.1688793 0.1791866 0.3582012 0.1907734 0.1942109 0.1871113 0.1845926 0.1812515 0.1996121 0.1772574 0.2592986 0.1510857 0.2537408 0.1649097 0.1698604 0.1698564 0.1703237 0.1697725 0.1697725 0.1680921 0.1624971 0.1653603 0.1603876 0.1634502 0.1629736 0.1603876 0.1606680 0.1604728 0.1604728 0.1693692 0.1837065 0.1426396 0.1523219 0.1998520 0.1964405 0.2048795 0.1926404 0.2007249 0.2010308 0.1933113 0.3780951 0.3483466 0.1846839 0.1917800 0.1861752 
XM_028847034_1_PREDICTED_Macaca_mulatta_REV3_like_DNA_directed_polymerase_zeta_catalytic_subunit_REV3L_transcript_variant_X1_mRNA_1                        0.0151538 0.1613796 0.1729546 0.0000000 0.0729130 0.0779921 0.0151774 0.0795955 0.1309359 0.0016373 0.0843129 0.0669392 0.0855611 0.0728480 0.0794882 0.1268479 0.0850046 0.1136939 0.0746654 0.0383770 0.2388579 0.2506472 0.2199543 0.2241668 0.1093010 0.1017615 0.0885915 0.1668424 0.0763083 0.1062448 0.1564156 0.1526683 0.1223492 0.1803911 0.1739943 0.1713995 0.1698589 0.1355962 0.1204421 0.1278364 0.1035869 0.0883390 0.0808449 0.0692092 0.0770564 0.0770191 0.0710042 0.0759420 0.0716638 0.0736937 0.0739687 0.0716638 0.0738985 0.0779921 0.0751212 0.0692500 0.0845242 0.0729961 0.0785425 0.0893611 0.0799236 0.0756821 0.0751212 0.0756725 0.0757418 0.0757418 0.0692062 0.0711540 0.0711173 0.0690171 0.0704715 0.0729130 0.0708417 0.0672012 0.0666037 0.0728376 0.0684825 0.0662829 0.0861976 0.0781237 0.0781237 0.0680508 0.0699648 0.0721337 0.0745103 0.0740588 0.0720692 0.0720692 0.0720692 0.0702569 0.0723119 0.0701590 0.0740286 0.1146767 0.1285839 0.0909884 0.0754798 0.0834621 0.0852635 0.0849639 0.0670047 0.0749749 0.0661311 0.0709698 0.0750681 0.1982503 0.0796009 0.0747948 0.0771732 0.0751452 0.0728480 0.0808928 0.0766797 0.1447038 0.0688236 0.1462046 0.0082946 0.0066201 0.0049493 0.0066253 0.0049474 0.0049474 0.0116976 0.0116725 0.0083116 0.0134109 0.0169106 0.0134109 0.0134109 0.0328851 0.0346498 0.0346498 0.0329251 0.0763168 0.0463671 0.0631227 0.0729082 0.0929906 0.1331934 0.1065429 0.1054758 0.0852067 0.0827328 0.2990518 0.2890032 0.0693194 0.0747743 0.0866515 
XM_024996589_1_PREDICTED_Bos_taurus_REV3_like_DNA_directed_polymerase_zeta_catalytic_subunit_REV3L_transcript_variant_X1_mRNA_1                            0.0629906 0.1646045 0.1633478 0.0729130 0.0000000 0.0775887 0.0585947 0.0564691 0.1244150 0.0708393 0.0816823 0.0685454 0.0787604 0.0723000 0.0793408 0.1203390 0.0873206 0.1089177 0.0685808 0.0690243 0.2266898 0.2540151 0.2169713 0.2363621 0.1141780 0.1110984 0.0955697 0.1701274 0.0766046 0.1130915 0.1570382 0.1617212 0.1250696 0.1757465 0.1865702 0.1696516 0.1652191 0.1467978 0.1269958 0.1297247 0.1076140 0.0930020 0.0748211 0.0690413 0.0671395 0.0671071 0.0692957 0.0612505 0.0591179 0.0571055 0.0613077 0.0591179 0.0592781 0.0775887 0.0726192 0.0709263 0.0818849 0.0584918 0.0717840 0.0698168 0.0773179 0.0772804 0.0726192 0.0609812 0.0650487 0.0650487 0.0587531 0.0606564 0.0606255 0.0585957 0.0204630 0.0000010 0.0016416 0.0000010 0.0117521 0.0204280 0.0168762 0.0151138 0.0595336 0.0596987 0.0596987 0.0408422 0.0389244 0.0446445 0.0467550 0.0464802 0.0446057 0.0446057 0.0446057 0.0428372 0.0447497 0.0427987 0.0426840 0.1229319 0.1158054 0.0907795 0.0790746 0.0767045 0.0784906 0.0741147 0.0605412 0.0724238 0.0558944 0.0644539 0.0684937 0.1953196 0.0729026 0.0742316 0.0765884 0.0745767 0.0723000 0.0737777 0.0705706 0.1475218 0.0668194 0.1462053 0.0666691 0.0706802 0.0706759 0.0708393 0.0706463 0.0706463 0.0709197 0.0707463 0.0668224 0.0608536 0.0605977 0.0648545 0.0608536 0.0669722 0.0688953 0.0688953 0.0730903 0.0976304 0.0447710 0.0614415 0.0945004 0.1069882 0.1252084 0.1013490 0.0960648 0.0828873 0.0645546 0.2995102 0.2829311 0.0688632 0.0657614 0.0797831 
XM_014118216_3_PREDICTED_Canis_lupus_familiaris_REV3_like_DNA_directed_polymerase_zeta_catalytic_subunit_REV3L_transcript_variant_X1_mRNA_1                0.0804482 0.1910103 0.2035848 0.0779921 0.0775887 0.0000000 0.0783560 0.0837885 0.1478837 0.0758685 0.0499116 0.0384611 0.0905526 0.0732696 0.1006510 0.1460234 0.1062525 0.1363610 0.0799713 0.0933396 0.2261757 0.2443337 0.2182788 0.2317356 0.1275540 0.1242668 0.1056001 0.1846293 0.0969450 0.1372615 0.1895538 0.1708261 0.1329665 0.2097259 0.1988596 0.1987502 0.1943178 0.1643319 0.1494988 0.1524693 0.1281649 0.1101873 0.1018307 0.0938378 0.0935584 0.0935118 0.0892606 0.0330892 0.0294169 0.0312078 0.0313144 0.0294169 0.0312869 0.0000010 0.0384576 0.0442338 0.0500261 0.0365769 0.0388564 0.0445476 0.0033006 0.0032991 0.0384576 0.0443006 0.0443388 0.0443388 0.0330646 0.0348451 0.0348281 0.0329808 0.0772087 0.0775887 0.0754804 0.0740892 0.0752937 0.0796582 0.0793186 0.0770192 0.0804877 0.0787380 0.0787380 0.0689731 0.0709136 0.0772362 0.0731885 0.0750679 0.0730498 0.0730498 0.0730498 0.0712138 0.0692048 0.0711407 0.0709160 0.1297735 0.1237534 0.1011004 0.0823777 0.0884158 0.0902331 0.0835755 0.0716329 0.0839651 0.0685916 0.0756916 0.0735171 0.2044503 0.0800678 0.0752280 0.0776231 0.0755825 0.0732696 0.0710882 0.0820346 0.1600671 0.0845332 0.1500466 0.0694807 0.0735885 0.0777343 0.0779178 0.0777010 0.0756579 0.0760008 0.0778129 0.0737952 0.0781591 0.0804997 0.0781591 0.0781591 0.0911400 0.0931589 0.0931589 0.0939705 0.1027440 0.0649741 0.0831900 0.1033636 0.1131486 0.1265657 0.1085380 0.1020866 0.0884668 0.0768556 0.2986653 0.2819538 0.0423441 0.0732562 0.0848573 
XM_016956167_2_PREDICTED_Pan_troglodytes_REV3_like_DNA_directed_polymerase_zeta_catalytic_subunit_REV3L_transcript_variant_X1_mRNA_1                       0.0033071 0.1521008 0.1608575 0.0151774 0.0585947 0.0783560 0.0000000 0.0690046 0.1175642 0.0134533 0.0782426 0.0651239 0.0769815 0.0669423 0.0673689 0.1135149 0.0683729 0.0984934 0.0708870 0.0330522 0.2278962 0.2397285 0.2093665 0.2136006 0.0963494 0.0890680 0.0803698 0.1574723 0.0644170 0.0955249 0.1471990 0.1399705 0.1136236 0.1680269 0.1673152 0.1570338 0.1604258 0.1164913 0.1117610 0.1143875 0.0923354 0.0735277 0.0643726 0.0589273 0.0650432 0.0650119 0.0631436 0.0679300 0.0637274 0.0657313 0.0659750 0.0637274 0.0659126 0.0783560 0.0692007 0.0654879 0.0737869 0.0630437 0.0724915 0.0831911 0.0780798 0.0738441 0.0692007 0.0697077 0.0697713 0.0697713 0.0633294 0.0652646 0.0652309 0.0631573 0.0582976 0.0585947 0.0566026 0.0530155 0.0525533 0.0585368 0.0543891 0.0523045 0.0761303 0.0681909 0.0681909 0.0606098 0.0625157 0.0646497 0.0669727 0.0665668 0.0645919 0.0645919 0.0645919 0.0627756 0.0648087 0.0626896 0.0665402 0.1173077 0.1171082 0.0852610 0.0695054 0.0749266 0.0767175 0.0748314 0.0611423 0.0690410 0.0643371 0.0650718 0.0650757 0.1855282 0.0735847 0.0688757 0.0712057 0.0691965 0.0669423 0.0703981 0.0728937 0.1453640 0.0563984 0.1442749 0.0100262 0.0134263 0.0134255 0.0151644 0.0134203 0.0134203 0.0134668 0.0134377 0.0100469 0.0016464 0.0016399 0.0049639 0.0016464 0.0276151 0.0293703 0.0293703 0.0314029 0.0725061 0.0371701 0.0534368 0.0707423 0.0938493 0.1218236 0.0934011 0.0948339 0.0833459 0.0698362 0.2910507 0.2745232 0.0634331 0.0684669 0.0742921 
XM_021091238_1_PREDICTED_Sus_scrofa_REV3_like_DNA_directed_polymerase_zeta_catalytic_subunit_REV3L_transcript_variant_X1_mRNA_1                            0.0736005 0.1734270 0.1829404 0.0795955 0.0564691 0.0837885 0.0690046 0.0000000 0.1493160 0.0774765 0.0885475 0.0834519 0.0898036 0.0831023 0.0975165 0.1451193 0.1003262 0.1280754 0.0899091 0.0905090 0.2436934 0.2780155 0.2396728 0.2500744 0.1165127 0.1157298 0.0983997 0.1790882 0.0918151 0.1359533 0.1720056 0.1733563 0.1343259 0.1932823 0.1988923 0.1889642 0.1821901 0.1580335 0.1507875 0.1537444 0.1249160 0.1061984 0.0917390 0.0840710 0.0841928 0.0841514 0.0843887 0.0775062 0.0732379 0.0752612 0.0755409 0.0732379 0.0754695 0.0837885 0.0876907 0.0817474 0.0887709 0.0730089 0.0865006 0.0866556 0.0834945 0.0792481 0.0876907 0.0757147 0.0799588 0.0799588 0.0774770 0.0773357 0.0731437 0.0772627 0.0561847 0.0564691 0.0544935 0.0530174 0.0504814 0.0544885 0.0542641 0.0521855 0.0698277 0.0659999 0.0659999 0.0584449 0.0564103 0.0584727 0.0585286 0.0603632 0.0584209 0.0584209 0.0584209 0.0605868 0.0626019 0.0565660 0.0583667 0.1431913 0.1381491 0.1016996 0.0895964 0.0834395 0.0874679 0.0891367 0.0710268 0.0790522 0.0661192 0.0792101 0.0833807 0.2117070 0.0774183 0.0850779 0.0875489 0.0854818 0.0831023 0.0850378 0.0919978 0.1535152 0.0815081 0.1593991 0.0732093 0.0772997 0.0772951 0.0774765 0.0772622 0.0772622 0.0775656 0.0773728 0.0733802 0.0713762 0.0710717 0.0713762 0.0713762 0.0840573 0.0839675 0.0839675 0.0888811 0.1085764 0.0645795 0.0826605 0.0999069 0.1168633 0.1378681 0.1058409 0.1143741 0.0963357 0.0800497 0.2936899 0.2836919 0.0796194 0.0845662 0.0952823 
XM_040758199_1_PREDICTED_Mesocricetus_auratus_REV3_like_DNA_directed_polymerase_zeta_catalytic_subunit_Rev3l_transcript_variant_X1_mRNA_1                  0.1198196 0.0794096 0.0861126 0.1309359 0.1244150 0.1478837 0.1175642 0.1493160 0.0000000 0.1285514 0.1432367 0.1311272 0.1314532 0.1358461 0.1198728 0.0150164 0.1284838 0.1026607 0.1296767 0.1174299 0.3047928 0.3055298 0.2676285 0.2929835 0.1558163 0.1438288 0.1284210 0.0837019 0.0890853 0.1319150 0.0757346 0.0539585 0.1145280 0.0912106 0.1026001 0.1052253 0.0832677 0.0445114 0.0438856 0.0458931 0.1533426 0.1259370 0.1192668 0.1151756 0.1145927 0.1121280 0.1125657 0.1358087 0.1307871 0.1330853 0.1336296 0.1307871 0.1334945 0.1478837 0.1193689 0.1373541 0.1436410 0.1268224 0.1389341 0.1444148 0.1473132 0.1472375 0.1193689 0.1376567 0.1377923 0.1377923 0.1273963 0.1295325 0.1294633 0.1270127 0.1259885 0.1244150 0.1220579 0.1185542 0.1192691 0.1257304 0.1214874 0.1188375 0.1411779 0.1346908 0.1346908 0.1283479 0.1280909 0.1309211 0.1339290 0.1284137 0.1307949 0.1307949 0.1307949 0.1310821 0.1334826 0.1331794 0.1327811 0.1737861 0.1713747 0.1490381 0.1301053 0.1291272 0.1338632 0.1193398 0.1193093 0.1260173 0.1187247 0.1214060 0.1268978 0.2790675 0.1441430 0.1427941 0.1410197 0.1387153 0.1358461 0.1453233 0.1319539 0.2054224 0.1125592 0.2144514 0.1236952 0.1235825 0.1282257 0.1285514 0.1281669 0.1281669 0.1287076 0.1283580 0.1240075 0.1172498 0.1199008 0.1218066 0.1172498 0.1174467 0.1195299 0.1195299 0.1252229 0.1435785 0.0959069 0.1063658 0.1286479 0.1660646 0.1687375 0.1450453 0.1633174 0.1516338 0.1413889 0.3519770 0.3307287 0.1364889 0.1453731 0.1447980 
XM_015448392_1_PREDICTED_Macaca_fascicularis_REV3_like_DNA_directed_polymerase_zeta_catalytic_subunit_REV3L_transcript_variant_X1_mRNA_1                   0.0134324 0.1588254 0.1703237 0.0016373 0.0708393 0.0758685 0.0134533 0.0774765 0.1285514 0.0000000 0.0821574 0.0689329 0.0834186 0.0707767 0.0773724 0.1244740 0.0828787 0.1113750 0.0766797 0.0365298 0.2356838 0.2474657 0.2169200 0.2211319 0.1070014 0.0995152 0.0864142 0.1642559 0.0742354 0.1039756 0.1538850 0.1501382 0.1199956 0.1776941 0.1713791 0.1687968 0.1672513 0.1331513 0.1180900 0.1254407 0.1012953 0.0861686 0.0787396 0.0671445 0.0749614 0.0749252 0.0689369 0.0738283 0.0695756 0.0715961 0.0718624 0.0695756 0.0717943 0.0758685 0.0730322 0.0671836 0.0823624 0.0709198 0.0764024 0.0871625 0.0777944 0.0735762 0.0730322 0.0735671 0.0736343 0.0736343 0.0671412 0.0690818 0.0690461 0.0669583 0.0684212 0.0708393 0.0687793 0.0651460 0.0645683 0.0707665 0.0664411 0.0642581 0.0840853 0.0760469 0.0760469 0.0660235 0.0679305 0.0700845 0.0724404 0.0720025 0.0700220 0.0700220 0.0700220 0.0682131 0.0702569 0.0681187 0.0719734 0.1169569 0.1261313 0.0887949 0.0775169 0.0813300 0.0831294 0.0828389 0.0649562 0.0728909 0.0641112 0.0689036 0.0729816 0.1950809 0.0774818 0.0727162 0.0750745 0.0730557 0.0707767 0.0787854 0.0787012 0.1470177 0.0626921 0.1485102 0.0066173 0.0049513 0.0032904 0.0049552 0.0032891 0.0032891 0.0099986 0.0099772 0.0066308 0.0117018 0.0151770 0.0117018 0.0117018 0.0310669 0.0328251 0.0328251 0.0311048 0.0742432 0.0444576 0.0610897 0.0702994 0.0907888 0.1307592 0.1042213 0.1032239 0.0830751 0.0805725 0.2955734 0.2855671 0.0672508 0.0726960 0.0844792 
XM_004753515_2_PREDICTED_Mustela_putorius_furo_REV3_like_polymerase_DNA_directed_zeta_catalytic_subunit_REV3L_transcript_variant_X1_mRNA_1                 0.0803316 0.1853446 0.1979416 0.0843129 0.0816823 0.0499116 0.0782426 0.0885475 0.1432367 0.0821574 0.0000000 0.0365931 0.0904210 0.0814502 0.1004601 0.1390265 0.1017174 0.1219858 0.0820270 0.1019954 0.2406793 0.2496339 0.2230620 0.2366944 0.1289697 0.1256871 0.1093927 0.1842488 0.0882045 0.1345144 0.1839609 0.1479893 0.1328824 0.2040106 0.2046965 0.1799671 0.1944155 0.1541505 0.1300801 0.1328941 0.1184818 0.1100221 0.1017228 0.0873280 0.0848055 0.0847636 0.0828295 0.0482293 0.0443693 0.0462331 0.0463952 0.0443693 0.0463534 0.0499116 0.0421117 0.0221341 0.0066504 0.0439310 0.0485011 0.0501114 0.0497464 0.0459373 0.0421117 0.0480247 0.0480663 0.0480663 0.0441035 0.0459193 0.0458968 0.0439902 0.0729866 0.0816823 0.0795553 0.0781866 0.0751863 0.0774264 0.0812475 0.0789371 0.0804050 0.0745253 0.0745253 0.0812699 0.0790827 0.0813094 0.0838026 0.0832844 0.0812352 0.0812352 0.0812352 0.0836055 0.0857524 0.0751682 0.0790854 0.1383212 0.1356571 0.1032742 0.0887147 0.0882875 0.0858539 0.0726376 0.0756596 0.0817482 0.0726818 0.0776967 0.0714611 0.2035787 0.0884176 0.0834310 0.0858995 0.0838282 0.0814502 0.0876361 0.0840976 0.1600314 0.0915971 0.1586493 0.0798664 0.0798295 0.0840320 0.0842322 0.0839957 0.0819274 0.0843304 0.0841173 0.0800557 0.0780463 0.0803829 0.0822530 0.0780463 0.0953414 0.0973692 0.0973692 0.0982203 0.1138328 0.0689476 0.0873937 0.1148003 0.1084683 0.1210607 0.1167438 0.0968255 0.0991196 0.0831037 0.3153276 0.2912428 0.0238901 0.0772748 0.0829756 
XM_034668992_1_PREDICTED_Ailuropoda_melanoleuca_REV3_like_DNA_directed_polymerase_zeta_catalytic_subunit_REV3L_transcript_variant_X1_mRNA_1                0.0671352 0.1666918 0.1757737 0.0669392 0.0685454 0.0384611 0.0651239 0.0834519 0.1311272 0.0689329 0.0365931 0.0000000 0.0765173 0.0683558 0.0907182 0.1270337 0.1006451 0.1114756 0.0667771 0.0879605 0.2297905 0.2434568 0.2234997 0.2341433 0.1213588 0.1181838 0.0972618 0.1657411 0.0789109 0.1183124 0.1652559 0.1560734 0.1214132 0.1814614 0.1939338 0.1689687 0.1748970 0.1413497 0.1254227 0.1281535 0.1218627 0.1043708 0.0919870 0.0779395 0.0755303 0.0754935 0.0735966 0.0329669 0.0293088 0.0310929 0.0311988 0.0293088 0.0311714 0.0384611 0.0133129 0.0327707 0.0366749 0.0325932 0.0368108 0.0424426 0.0383357 0.0346578 0.0133129 0.0364583 0.0364892 0.0364892 0.0291362 0.0308859 0.0308711 0.0290635 0.0661606 0.0685454 0.0665043 0.0650826 0.0623361 0.0684757 0.0681898 0.0660013 0.0755345 0.0697551 0.0697551 0.0682087 0.0661206 0.0723017 0.0746848 0.0742313 0.0722369 0.0722369 0.0722369 0.0704206 0.0724807 0.0623219 0.0661227 0.1162232 0.1199186 0.0911197 0.0690238 0.0744765 0.0807755 0.0763881 0.0667562 0.0746934 0.0659142 0.0666634 0.0666671 0.1887935 0.0749731 0.0702776 0.0726012 0.0706030 0.0683558 0.0702707 0.0687652 0.1529512 0.0766504 0.1420977 0.0667574 0.0667273 0.0707701 0.0709339 0.0707404 0.0707404 0.0710145 0.0708406 0.0669112 0.0649655 0.0671767 0.0690111 0.0649655 0.0815698 0.0835396 0.0835396 0.0800325 0.1066915 0.0563494 0.0693492 0.0998018 0.1049982 0.1157957 0.1084710 0.0920854 0.0832238 0.0738639 0.3110676 0.2940041 0.0309579 0.0643401 0.0779140 
XM_015600069_2_PREDICTED_Pteropus_alecto_REV3_like_DNA_directed_polymerase_zeta_catalytic_subunit_REV3L_transcript_variant_X1_mRNA_1                       0.0790344 0.1644334 0.1761297 0.0855611 0.0787604 0.0905526 0.0769815 0.0898036 0.1314532 0.0834186 0.0904210 0.0765173 0.0000000 0.0619181 0.1038681 0.1320816 0.1088055 0.1116888 0.0807066 0.0987241 0.2200762 0.2552844 0.2269532 0.2344001 0.1217155 0.1115192 0.1039339 0.1699486 0.0851074 0.1322944 0.1629864 0.1580744 0.1294690 0.1862028 0.1916018 0.1796359 0.1726138 0.1458506 0.1349970 0.1378068 0.1292695 0.1098903 0.0957039 0.0906850 0.0838811 0.0881109 0.0861885 0.0883670 0.0839613 0.0860359 0.0863612 0.0839613 0.0862785 0.0905526 0.0806577 0.0835671 0.0879928 0.0666568 0.0847292 0.0978607 0.0902312 0.0858994 0.0806577 0.0733648 0.0693021 0.0693021 0.0710211 0.0729688 0.0729311 0.0708270 0.0721994 0.0787604 0.0766676 0.0752967 0.0723740 0.0745446 0.0783465 0.0760795 0.0879281 0.0840007 0.0840007 0.0783679 0.0762182 0.0784055 0.0850466 0.0845248 0.0824889 0.0824889 0.0824889 0.0806593 0.0827715 0.0742833 0.0803512 0.1258617 0.1353369 0.1066480 0.0856293 0.0049638 0.0205207 0.0578516 0.0583207 0.0617933 0.0634396 0.0582401 0.0660930 0.1807460 0.0643505 0.0598752 0.0660574 0.0640984 0.0619181 0.0693827 0.0827416 0.1653071 0.0859100 0.1638668 0.0811392 0.0769283 0.0852781 0.0854798 0.0852416 0.0852416 0.0855787 0.0811467 0.0813300 0.0767916 0.0790840 0.0767916 0.0767916 0.0921784 0.0899011 0.0899011 0.0949911 0.1223710 0.0683089 0.0818722 0.1104359 0.1026223 0.1201928 0.1012676 0.1051467 0.0887122 0.0811643 0.3043388 0.2912119 0.0814358 0.0787200 0.0843538 
XM_005883745_2_PREDICTED_Myotis_brandtii_REV3_like_polymerase_DNA_directed_zeta_catalytic_subunit_REV3L_transcript_variant_X1_mRNA_1                       0.0689555 0.1695003 0.1812515 0.0728480 0.0723000 0.0732696 0.0669423 0.0831023 0.1358461 0.0707767 0.0814502 0.0683558 0.0619181 0.0000000 0.0839627 0.1364972 0.0980994 0.1124420 0.0726413 0.0813747 0.2213774 0.2573620 0.2207701 0.2340433 0.1084896 0.1130724 0.1018124 0.1750756 0.0826397 0.1231948 0.1707850 0.1565238 0.1272466 0.1885145 0.1916568 0.1848302 0.1777653 0.1466385 0.1372123 0.1400365 0.1271427 0.1106456 0.0915602 0.0881790 0.0856821 0.0856403 0.0837302 0.0752934 0.0710564 0.0730676 0.0733379 0.0710564 0.0732688 0.0732696 0.0724172 0.0707285 0.0816516 0.0603500 0.0757159 0.0821618 0.0730156 0.0688785 0.0724172 0.0623289 0.0623843 0.0623843 0.0646038 0.0665221 0.0664881 0.0644297 0.0698841 0.0723000 0.0702480 0.0667997 0.0660502 0.0722259 0.0678870 0.0657098 0.0732679 0.0694465 0.0694465 0.0719443 0.0698419 0.0760587 0.0784686 0.0779921 0.0759906 0.0759906 0.0759906 0.0741765 0.0762474 0.0679338 0.0738974 0.1252694 0.1201947 0.1038352 0.0810382 0.0599564 0.0617127 0.0634408 0.0408218 0.0482589 0.0440545 0.0407654 0.0388875 0.1785539 0.0256244 0.0150604 0.0033005 0.0049645 0.0000010 0.0405292 0.0746471 0.1510410 0.0763002 0.1545213 0.0685940 0.0645219 0.0726118 0.0727798 0.0725813 0.0725813 0.0687943 0.0686269 0.0687519 0.0667795 0.0689981 0.0667795 0.0667795 0.0792318 0.0770425 0.0770425 0.0776925 0.1062743 0.0600303 0.0751236 0.1067073 0.1135187 0.1251276 0.1103101 0.1025657 0.0800404 0.0703113 0.2888716 0.2797188 0.0686717 0.0680651 0.0859824 
XM_006157005_3_PREDICTED_Tupaia_chinensis_REV3_like_DNA_directed_polymerase_zeta_catalytic_subunit_REV3L_transcript_variant_X3_mRNA_1                      0.0693956 0.1486364 0.1511014 0.0794882 0.0793408 0.1006510 0.0673689 0.0975165 0.1198728 0.0773724 0.1004601 0.0907182 0.1038681 0.0839627 0.0000000 0.1179730 0.1029582 0.1073621 0.0929661 0.0903844 0.2769209 0.2830624 0.2454949 0.2610083 0.1074241 0.1086647 0.0931471 0.1490580 0.0807176 0.0982105 0.1411954 0.1516916 0.1242541 0.1603435 0.1704449 0.1366918 0.1595404 0.1371030 0.1210043 0.1284355 0.1268909 0.1059862 0.0942520 0.0883340 0.0858322 0.0857902 0.0838772 0.0939898 0.0894648 0.0915882 0.0919415 0.0894648 0.0918519 0.1006510 0.0907100 0.0933606 0.1007213 0.0863858 0.0966480 0.1058668 0.1002852 0.0957977 0.0907100 0.0936458 0.0937339 0.0937339 0.0888934 0.0909191 0.0908712 0.0886413 0.0814571 0.0793408 0.0772319 0.0758552 0.0729044 0.0750923 0.0747751 0.0725222 0.0912768 0.0810579 0.0810579 0.0814792 0.0834607 0.0857216 0.0798146 0.0834993 0.0814444 0.0814444 0.0814444 0.0838221 0.0859752 0.0836985 0.0877111 0.1371670 0.1266249 0.1124516 0.1018583 0.1016671 0.1011506 0.0878601 0.0774047 0.0813263 0.0744504 0.0772965 0.0863277 0.2070291 0.0997622 0.0945425 0.0884632 0.0863725 0.0839627 0.0939942 0.0907657 0.1829433 0.0716110 0.1891026 0.0731119 0.0771962 0.0771915 0.0773724 0.0771587 0.0771587 0.0774613 0.0772690 0.0732823 0.0672040 0.0694388 0.0712813 0.0672040 0.0839428 0.0838532 0.0838532 0.0844892 0.1048414 0.0565075 0.0740454 0.0945821 0.1340097 0.1464493 0.1235173 0.1195775 0.1093454 0.0942863 0.3179065 0.2846939 0.0911541 0.0860696 0.1046995 
XM_027402162_2_PREDICTED_Cricetulus_griseus_REV3_like_DNA_directed_polymerase_zeta_catalytic_subunit_Rev3l_transcript_variant_X5_mRNA_1                    0.1157620 0.0735677 0.0842942 0.1268479 0.1203390 0.1460234 0.1135149 0.1451193 0.0150164 0.1244740 0.1390265 0.1270337 0.1320816 0.1364972 0.1179730 0.0000000 0.1265871 0.1052186 0.1255623 0.1133867 0.2998626 0.3074328 0.2721353 0.2976930 0.1589243 0.1467897 0.1312228 0.0778043 0.0915128 0.1347698 0.0699020 0.0483534 0.1172047 0.0893699 0.0985941 0.0990916 0.0773994 0.0371774 0.0421481 0.0441474 0.1513676 0.1240128 0.1173758 0.1087298 0.1081839 0.1057539 0.1061649 0.1316321 0.1266380 0.1289293 0.1294559 0.1266380 0.1293249 0.1460234 0.1199306 0.1331948 0.1394176 0.1227336 0.1396163 0.1401699 0.1405590 0.1453844 0.1199306 0.1334879 0.1336195 0.1336195 0.1232884 0.1254230 0.1253558 0.1229180 0.1219287 0.1203390 0.1179928 0.1144719 0.1152306 0.1238408 0.1174419 0.1148145 0.1370921 0.1306150 0.1306150 0.1242770 0.1240292 0.1268343 0.1298134 0.1243413 0.1267120 0.1267120 0.1267120 0.1269885 0.1293785 0.1290859 0.1287004 0.1694016 0.1722564 0.1398427 0.1354663 0.1297431 0.1345052 0.1199010 0.1198702 0.1266131 0.1192801 0.1219773 0.1297007 0.2738593 0.1448447 0.1434826 0.1417012 0.1393844 0.1364972 0.1460264 0.1278326 0.2093272 0.1027756 0.2126430 0.1196443 0.1241650 0.1241593 0.1244740 0.1241025 0.1241025 0.1246253 0.1242878 0.1199457 0.1132122 0.1112578 0.1132122 0.1132122 0.1134026 0.1154835 0.1154835 0.1211211 0.1416918 0.0940544 0.1089432 0.1380057 0.1617641 0.1718922 0.1431590 0.1590874 0.1475549 0.1420199 0.3463652 0.3251328 0.1323575 0.1412260 0.1380662 
XM_013069186_2_PREDICTED_Heterocephalus_glaber_REV3_like_DNA_directed_polymerase_zeta_catalytic_subunit_Rev3l_transcript_variant_X1_mRNA_1                 0.0703759 0.1638384 0.1649175 0.0850046 0.0873206 0.1062525 0.0683729 0.1003262 0.1284838 0.0828787 0.1017174 0.1006451 0.1088055 0.0980994 0.1029582 0.1265871 0.0000000 0.0935693 0.1006974 0.0832109 0.2464288 0.2375398 0.2280431 0.2441203 0.1105986 0.1075963 0.1036437 0.1669015 0.0721501 0.1133691 0.1597462 0.1469158 0.1046712 0.1746246 0.1913180 0.1689358 0.1672300 0.1325284 0.1226747 0.1253751 0.0606616 0.0441596 0.0308666 0.0724997 0.0742249 0.0741894 0.0723254 0.0996146 0.0950665 0.0971936 0.0975679 0.0950665 0.0974732 0.1062525 0.1050498 0.0946139 0.0969614 0.0855225 0.1046828 0.1070573 0.1058676 0.1058149 0.1050498 0.0926957 0.0927820 0.0927820 0.0901722 0.0921839 0.0921357 0.0899182 0.0847588 0.0873206 0.0851806 0.0838509 0.0849674 0.0808394 0.0868902 0.0845513 0.1031530 0.1034606 0.1034606 0.0869630 0.0889431 0.0870395 0.0938317 0.0932495 0.0911733 0.0911733 0.0911733 0.0893286 0.0914905 0.0934711 0.0932082 0.1482190 0.1385117 0.1017806 0.0896622 0.1066147 0.1040536 0.0977547 0.0877728 0.0983085 0.0866058 0.0941203 0.0811997 0.2330335 0.1075581 0.1001221 0.1027383 0.1006083 0.0980994 0.0972582 0.1028294 0.1656301 0.0781628 0.1641075 0.0744653 0.0826898 0.0826850 0.0828787 0.0826499 0.0826499 0.0829737 0.0827676 0.0787755 0.0682076 0.0704191 0.0722375 0.0682076 0.0832679 0.0872438 0.0872438 0.0900719 0.1059044 0.0598948 0.0754507 0.0966754 0.1309579 0.1299988 0.1178460 0.1210249 0.1043475 0.0978923 0.3113585 0.2947884 0.0924204 0.1067845 0.1040973 
XM_008852401_2_PREDICTED_Nannospalax_galili_REV3_like_DNA_directed_polymerase_zeta_catalytic_subunit_Rev3l_transcript_variant_X1_mRNA_1                    0.1006878 0.1476341 0.1464382 0.1136939 0.1089177 0.1363610 0.0984934 0.1280754 0.1026607 0.1113750 0.1219858 0.1114756 0.1116888 0.1124420 0.1073621 0.1052186 0.0935693 0.0000000 0.1174616 0.1163954 0.2723679 0.2463062 0.2415222 0.2538564 0.1229119 0.1098162 0.1079277 0.1528808 0.0751706 0.1103548 0.1484814 0.1378313 0.1115846 0.1605401 0.1757357 0.1658386 0.1575536 0.1261487 0.1035828 0.1106178 0.1252557 0.1108267 0.0869789 0.0828699 0.0824701 0.0801999 0.0805046 0.1244379 0.1195324 0.1217927 0.1222850 0.1195324 0.1221620 0.1363610 0.1206383 0.1189418 0.1201125 0.1092045 0.1226757 0.1373891 0.1310326 0.1309656 0.1206383 0.1170696 0.1171831 0.1171831 0.1165103 0.1186283 0.1185648 0.1161636 0.1037105 0.1089177 0.1066309 0.1031057 0.1039757 0.1019690 0.1082523 0.1057039 0.1207503 0.1165534 0.1165534 0.1082366 0.1080273 0.1128142 0.1111231 0.1149023 0.1127071 0.1127071 0.1127071 0.1108123 0.1131179 0.1083453 0.1125413 0.1639681 0.1644095 0.1300295 0.1211666 0.1094333 0.1134835 0.1173966 0.0965561 0.1059418 0.1055500 0.1015588 0.1022855 0.2635837 0.1200775 0.1190365 0.1173038 0.1150973 0.1124420 0.1245416 0.1196790 0.2044130 0.0771391 0.1999886 0.1066718 0.1065762 0.1110977 0.1113750 0.1110476 0.1110476 0.1115095 0.1112127 0.1069365 0.0982359 0.0962927 0.1026625 0.0982359 0.1073544 0.1115718 0.1115718 0.1079139 0.1332482 0.0797560 0.0938530 0.1309179 0.1460180 0.1781224 0.1405634 0.1416260 0.1283552 0.1202478 0.3187260 0.3022082 0.1165919 0.1220968 0.1157259 
XM_023650934_1_PREDICTED_Equus_caballus_REV3_like_DNA_directed_polymerase_zeta_catalytic_subunit_REV3L_transcript_variant_X1_mRNA_1                        0.0729144 0.1732306 0.1772574 0.0746654 0.0685808 0.0799713 0.0708870 0.0899091 0.1296767 0.0766797 0.0820270 0.0667771 0.0807066 0.0726413 0.0929661 0.1255623 0.1006974 0.1174616 0.0000000 0.0832564 0.2349177 0.2346623 0.2161291 0.2294268 0.1263896 0.1206543 0.1113527 0.1788893 0.0873376 0.1206132 0.1630013 0.1530999 0.1373943 0.1874273 0.1904063 0.1743626 0.1660806 0.1384936 0.1226737 0.1278960 0.1301184 0.1022573 0.0920347 0.0929421 0.0861250 0.0860828 0.0884155 0.0716562 0.0694430 0.0673712 0.0696344 0.0694430 0.0696344 0.0799713 0.0667707 0.0726112 0.0822313 0.0627043 0.0783124 0.0848048 0.0796906 0.0796517 0.0667707 0.0693242 0.0693871 0.0693871 0.0690104 0.0709520 0.0709154 0.0688224 0.0702326 0.0685808 0.0665386 0.0629231 0.0663789 0.0725887 0.0722843 0.0700629 0.0797840 0.0759021 0.0759021 0.0682437 0.0661545 0.0723389 0.0747234 0.0702206 0.0722740 0.0722740 0.0722740 0.0704569 0.0725180 0.0663634 0.0701923 0.1330256 0.1269503 0.0970997 0.0788726 0.0786455 0.0850144 0.0805371 0.0663506 0.0738857 0.0679723 0.0662589 0.0748535 0.2206628 0.0793699 0.0745818 0.0769514 0.0749301 0.0726413 0.0806594 0.0016320 0.1420579 0.0744300 0.1468635 0.0766153 0.0765804 0.0743946 0.0766079 0.0743921 0.0784853 0.0809766 0.0807759 0.0767934 0.0707138 0.0729597 0.0747936 0.0707138 0.0832658 0.0810549 0.0810549 0.0859557 0.1088342 0.0603037 0.0780412 0.0971851 0.1069181 0.1187520 0.1034164 0.1008142 0.0845873 0.0780722 0.3113538 0.3011051 0.0752636 0.0598986 0.0801201 
XM_035296530_1_PREDICTED_Callithrix_jacchus_REV3_like_DNA_directed_polymerase_zeta_catalytic_subunit_REV3L_transcript_variant_X1_mRNA_1                    0.0330003 0.1568813 0.1606379 0.0383770 0.0690243 0.0933396 0.0330522 0.0905090 0.1174299 0.0365298 0.1019954 0.0879605 0.0987241 0.0813747 0.0903844 0.1133867 0.0832109 0.1163954 0.0832564 0.0000000 0.2401496 0.2465309 0.2160442 0.2261562 0.1165806 0.1066861 0.0954400 0.1623028 0.0828010 0.1111082 0.1519446 0.1456731 0.1204974 0.1729314 0.1772975 0.1668453 0.1602078 0.1312170 0.1184671 0.1211426 0.1039185 0.0908034 0.0832158 0.0840710 0.0878420 0.0877990 0.0858843 0.0868255 0.0824103 0.0844913 0.0848121 0.0824103 0.0847305 0.0933396 0.0922563 0.0884606 0.1022597 0.0815118 0.0916947 0.0939990 0.0930053 0.0929593 0.0922563 0.0886068 0.0886892 0.0886892 0.0818898 0.0838819 0.0838381 0.0816613 0.0706853 0.0690243 0.0669677 0.0633295 0.0668058 0.0771769 0.0686902 0.0664832 0.0948699 0.0908769 0.0908769 0.0788524 0.0808141 0.0830764 0.0855783 0.0850500 0.0830007 0.0830007 0.0830007 0.0811604 0.0832869 0.0852519 0.0850135 0.1292258 0.1266758 0.1049003 0.0904312 0.0965602 0.0983735 0.0936883 0.0712863 0.0835567 0.0744366 0.0794730 0.0836599 0.2194077 0.0904280 0.0833534 0.0858188 0.0837498 0.0813747 0.0895778 0.0853120 0.1575528 0.0602827 0.1466062 0.0328402 0.0364539 0.0364516 0.0365298 0.0364373 0.0364373 0.0365682 0.0364859 0.0329104 0.0311240 0.0348891 0.0311240 0.0311240 0.0117242 0.0134129 0.0134129 0.0187090 0.0827796 0.0522665 0.0653660 0.0890169 0.1162264 0.1407461 0.1138393 0.1147892 0.0982601 0.0893927 0.2812590 0.2714710 0.0862907 0.0918192 0.1000023 
XM_007484437_2_PREDICTED_Monodelphis_domestica_REV3_like_DNA_directed_polymerase_zeta_catalytic_subunit_REV3L_transcript_variant_X1_mRNA_1                 0.2308551 0.3368942 0.3629220 0.2388579 0.2266898 0.2261757 0.2278962 0.2436934 0.3047928 0.2356838 0.2406793 0.2297905 0.2200762 0.2213774 0.2769209 0.2998626 0.2464288 0.2723679 0.2349177 0.2401496 0.0000000 0.0938034 0.0752677 0.0764118 0.2808824 0.2625651 0.2497098 0.3418661 0.2592048 0.2657977 0.3371688 0.3497316 0.2831576 0.3801563 0.3771509 0.3315517 0.3528405 0.3215180 0.3054376 0.3101106 0.2752157 0.2428256 0.2403212 0.2616435 0.2475320 0.2537821 0.2543499 0.2178265 0.2220628 0.2220628 0.2229122 0.2220628 0.2209144 0.2261757 0.2299245 0.2386766 0.2415537 0.2251872 0.2288063 0.2417892 0.2224210 0.2283657 0.2299245 0.2307527 0.2248612 0.2248612 0.2265579 0.2171951 0.2229826 0.2256985 0.2178728 0.2266898 0.2235766 0.2160639 0.2221748 0.2352591 0.2339632 0.2300293 0.2341797 0.2351345 0.2351345 0.2265225 0.2306732 0.2266489 0.2339617 0.2293513 0.2324503 0.2324503 0.2265223 0.2304123 0.2275672 0.2316835 0.2247308 0.3124936 0.3048356 0.2551805 0.2316096 0.2204468 0.2345083 0.2341102 0.2160300 0.2332081 0.2058644 0.2140226 0.2272220 0.4594388 0.2259492 0.2179524 0.2221433 0.2193203 0.2213774 0.2342907 0.2378052 0.3067713 0.2731686 0.3036563 0.2256595 0.2287671 0.2349135 0.2385845 0.2347777 0.2347777 0.2360162 0.2290277 0.2297754 0.2270934 0.2248864 0.2331199 0.2270934 0.2494710 0.2520662 0.2520662 0.2579728 0.2626460 0.1995508 0.2226448 0.2410843 0.2526947 0.2728923 0.2476007 0.2584022 0.2541772 0.2360058 0.3095022 0.2932707 0.2355073 0.2451857 0.2234353 
XM_031964400_1_PREDICTED_Sarcophilus_harrisii_REV3_like_DNA_directed_polymerase_zeta_catalytic_subunit_REV3L_transcript_variant_X1_mRNA_1                  0.2426892 0.3209254 0.3634281 0.2506472 0.2540151 0.2443337 0.2397285 0.2780155 0.3055298 0.2474657 0.2496339 0.2434568 0.2552844 0.2573620 0.2830624 0.3074328 0.2375398 0.2463062 0.2346623 0.2465309 0.0938034 0.0000000 0.0579126 0.0553891 0.2870840 0.2750879 0.2515565 0.3257101 0.2555341 0.2669778 0.3210328 0.3333234 0.2939625 0.3878277 0.3508209 0.3391483 0.3459690 0.3265282 0.2993802 0.3039595 0.2875696 0.2429969 0.2466811 0.2520560 0.2412568 0.2473714 0.2449808 0.2287708 0.2281622 0.2310132 0.2290310 0.2281622 0.2318959 0.2443337 0.2436038 0.2475624 0.2505410 0.2372715 0.2410863 0.2539911 0.2404675 0.2464834 0.2436038 0.2429845 0.2370748 0.2370748 0.2385777 0.2291535 0.2349572 0.2376700 0.2357731 0.2540151 0.2508173 0.2432259 0.2492301 0.2503309 0.2612736 0.2571400 0.2552825 0.2563404 0.2563404 0.2521757 0.2486102 0.2523152 0.2599571 0.2550727 0.2582656 0.2582656 0.2521775 0.2562805 0.2533684 0.2497115 0.2426068 0.3185906 0.3282898 0.2644404 0.2407226 0.2557152 0.2491662 0.2433434 0.2339496 0.2452716 0.2265733 0.2278004 0.2361507 0.4651068 0.2627931 0.2475867 0.2645725 0.2616483 0.2573620 0.2556540 0.2375096 0.3175364 0.2620294 0.3131269 0.2373764 0.2404925 0.2466554 0.2503640 0.2465131 0.2465131 0.2478106 0.2407633 0.2415536 0.2388810 0.2367116 0.2449162 0.2388810 0.2551392 0.2577052 0.2577052 0.2666109 0.2504316 0.2027854 0.2240380 0.2560859 0.2637631 0.2787816 0.2539599 0.2517227 0.2634759 0.2483718 0.3158682 0.2961984 0.2417854 0.2601780 0.2233424 
XM_036766364_1_PREDICTED_Trichosurus_vulpecula_REV3_like_DNA_directed_polymerase_zeta_catalytic_subunit_REV3L_transcript_variant_X1_mRNA_1                 0.2122052 0.2857539 0.3323737 0.2199543 0.2169713 0.2182788 0.2093665 0.2396728 0.2676285 0.2169200 0.2230620 0.2234997 0.2269532 0.2207701 0.2454949 0.2721353 0.2280431 0.2415222 0.2161291 0.2160442 0.0752677 0.0579126 0.0000000 0.0329012 0.2647857 0.2473023 0.2304224 0.2902201 0.2204521 0.2370979 0.2856928 0.3028505 0.2593361 0.3485327 0.3312698 0.3089919 0.3088033 0.2896536 0.2836234 0.2849546 0.2609600 0.2067749 0.2223012 0.2278649 0.2236044 0.2234782 0.2210933 0.2088921 0.2083543 0.2111473 0.2091295 0.2083543 0.2119356 0.2182788 0.2236273 0.2212639 0.2238420 0.2173435 0.2075244 0.2212169 0.2205769 0.2204539 0.2236273 0.2227205 0.2229732 0.2229732 0.2186444 0.2094808 0.2151596 0.2178309 0.2060633 0.2169713 0.2139550 0.2066284 0.2126460 0.2193332 0.2240899 0.2203106 0.2333663 0.2283236 0.2283236 0.2183441 0.2150290 0.2184648 0.2255847 0.2211171 0.2241485 0.2241485 0.2183434 0.2221201 0.2193310 0.2159344 0.2093115 0.2933347 0.2893054 0.2356200 0.2132389 0.2273328 0.2272255 0.2215798 0.2039778 0.2206185 0.1998884 0.2094317 0.2147202 0.4344502 0.2256363 0.2115631 0.2274814 0.2246827 0.2207701 0.2334657 0.2189039 0.2949677 0.2323854 0.2969996 0.2073893 0.2103628 0.2162411 0.2197079 0.2161205 0.2161205 0.2172194 0.2105973 0.2112523 0.2086615 0.2123791 0.2144361 0.2086615 0.2239924 0.2265005 0.2265005 0.2318597 0.2224835 0.1771877 0.2059589 0.2206145 0.2282614 0.2563311 0.2242887 0.2282054 0.2303199 0.2231552 0.2633822 0.2515367 0.2215124 0.2351505 0.2009418 
XM_027848601_1_PREDICTED_Vombatus_ursinus_REV3_like_DNA_directed_polymerase_zeta_catalytic_subunit_REV3L_transcript_variant_X1_mRNA_1                      0.2164380 0.3016033 0.3490099 0.2241668 0.2363621 0.2317356 0.2136006 0.2500744 0.2929835 0.2211319 0.2366944 0.2341433 0.2344001 0.2340433 0.2610083 0.2976930 0.2441203 0.2538564 0.2294268 0.2261562 0.0764118 0.0553891 0.0329012 0.0000000 0.2773080 0.2595363 0.2426306 0.3061720 0.2381691 0.2497922 0.3015183 0.3293345 0.2780801 0.3655085 0.3437963 0.3251554 0.3253281 0.3127258 0.2801946 0.2751047 0.2745644 0.2258369 0.2323851 0.2373177 0.2269103 0.2328562 0.2304896 0.2223500 0.2217659 0.2245928 0.2226024 0.2217659 0.2254428 0.2317356 0.2371252 0.2347636 0.2375360 0.2307286 0.2284142 0.2410687 0.2340226 0.2338928 0.2371252 0.2363174 0.2304638 0.2304638 0.2292845 0.2227998 0.2285524 0.2253544 0.2247657 0.2363621 0.2332702 0.2258525 0.2318268 0.2387395 0.2435113 0.2395737 0.2348387 0.2357769 0.2357769 0.2316277 0.2282369 0.2317551 0.2390328 0.2344320 0.2375075 0.2375075 0.2316280 0.2355067 0.2326869 0.2292112 0.2224427 0.2948222 0.2975134 0.2555641 0.2264787 0.2347905 0.2345877 0.2289202 0.2170534 0.2280573 0.2128325 0.2225705 0.2219945 0.4314743 0.2390813 0.2246836 0.2408942 0.2380662 0.2340433 0.2408684 0.2322327 0.2988421 0.2457970 0.2854524 0.2115855 0.2145599 0.2204399 0.2239170 0.2203172 0.2203172 0.2156419 0.2090808 0.2154667 0.2128811 0.2166150 0.2186548 0.2128811 0.2282198 0.2367772 0.2367772 0.2393965 0.2358798 0.1897502 0.2132821 0.2363002 0.2422503 0.2663612 0.2362941 0.2401492 0.2395119 0.2306544 0.2767339 0.2585731 0.2350247 0.2425228 0.2126344 
