150
NM_001372078_1_Homo_sapiens_REV3_like_DNA_directed_polymerase_zeta_catalytic_subunit_REV3L_transcript_variant_4_mRNA_1                                     0.0000000 0.3000366 0.3521009 0.0242459 0.1512585 0.1288179 0.0039087 0.1378041 0.2465814 0.0221494 0.1608419 0.1315146 0.1522858 0.1320139 0.1480678 0.2420892 0.1919753 0.2440270 0.1338736 0.0391284 0.4814822 0.5519542 0.4763051 0.4830708 0.2587692 0.2604963 0.1179930 0.3045868 0.1683390 0.2242593 0.2825683 0.2690201 0.2302866 0.3589520 0.3088618 0.3191710 0.2978536 0.2698209 0.2702823 0.2622172 0.1759433 0.1925291 0.1825009 0.1734110 0.1763396 0.1710924 0.1762617 0.1341818 0.1366209 0.1390571 0.1341818 0.1366181 0.1288179 0.1290616 0.1580631 0.1628024 0.1306276 0.1336319 0.1420513 0.1333092 0.1307436 0.1290616 0.1357145 0.1357145 0.1407275 0.1364585 0.1365405 0.1344409 0.1319024 0.1518929 0.1486997 0.1512585 0.1514438 0.1481073 0.1468444 0.1511656 0.1520594 0.1538944 0.1357153 0.1213824 0.1238031 0.1213824 0.1371560 0.1352636 0.1348861 0.1470308 0.1397824 0.1481321 0.1397824 0.1369820 0.1428562 0.1450868 0.1430461 0.1274083 0.2803853 0.2432091 0.1968206 0.1559365 0.1560339 0.1424126 0.1369696 0.1268215 0.1404324 0.1458571 0.1314010 0.1265006 0.1508499 0.1507675 0.1427348 0.1394387 0.1351246 0.1357392 0.1310503 0.1367903 0.2904998 0.1346306 0.2994798 0.0284193 0.0263568 0.0242377 0.0241895 0.0283639 0.0242133 0.0221930 0.0242796 0.0263319 0.0019513 0.0058694 0.0098125 0.0118460 0.0179614 0.0285862 0.0347999 0.0327582 0.0285291 0.1599816 0.1244722 0.1134862 0.1275261 0.1399614 0.1768492 0.1579661 0.1364805 0.1386137 0.1722381 0.6098073 0.6515715 0.1552099 0.1172563 0.1166511 
NM_011264_3_Mus_musculus_REV3_like_DNA_directed_polymerase_zeta_catalytic_subunit_Rev3l_mRNA_1                                                             0.3000366 0.0000000 0.1854498 0.2997599 0.3106587 0.3224604 0.2926321 0.3382815 0.1789707 0.2956767 0.3476923 0.3109154 0.3378310 0.3058585 0.3523833 0.1663597 0.3175714 0.2383464 0.3253648 0.2980624 0.6453227 0.7216533 0.6198164 0.5947062 0.4498178 0.4363329 0.2991760 0.0268107 0.2717455 0.4011194 0.0418840 0.1878595 0.3040395 0.1797178 0.1070437 0.1067443 0.1071924 0.1949992 0.2075375 0.2083113 0.3135657 0.3219767 0.3027419 0.3411400 0.3440593 0.3407366 0.3416456 0.3003491 0.3036526 0.3003414 0.3003491 0.2970734 0.3224604 0.3007899 0.3468708 0.3530159 0.3360173 0.3017652 0.3244940 0.3281700 0.3278313 0.3007899 0.3399738 0.3469687 0.3542524 0.3212271 0.3178657 0.3191171 0.3219214 0.3190201 0.3103878 0.3106587 0.3144410 0.3032355 0.3153459 0.3102997 0.3193661 0.3076481 0.3026041 0.3100168 0.3133999 0.3100168 0.3255566 0.3412047 0.3258192 0.3325485 0.3295557 0.3392249 0.3295557 0.3250586 0.3419060 0.3375801 0.3459891 0.3288973 0.4880890 0.4383083 0.3947005 0.3375207 0.3368884 0.3327776 0.3239023 0.3034003 0.3024228 0.3201780 0.3087895 0.3027722 0.3418316 0.3374878 0.3253570 0.3046744 0.3046970 0.3096446 0.3063913 0.3301865 0.4644915 0.3199626 0.4598404 0.3003982 0.3004826 0.2996850 0.2987771 0.3062302 0.2925833 0.2965654 0.3003580 0.3034843 0.2958794 0.2956679 0.2956604 0.3040877 0.3093380 0.2863799 0.2967206 0.3074039 0.2837945 0.3084950 0.3159679 0.3173412 0.3118062 0.2966150 0.4096993 0.3516666 0.2968287 0.3047154 0.3330268 0.8647146 0.9200710 0.3424566 0.3223920 0.2983487 
XM_006256524_2_PREDICTED_Rattus_norvegicus_REV3_like_DNA_directed_polymerase_zeta_catalytic_subunit_Rev3l_transcript_variant_X1_mRNA_1                     0.3521009 0.1854498 0.0000000 0.3474573 0.3952956 0.4090911 0.3439825 0.3979777 0.2325635 0.3429895 0.4325703 0.3848862 0.4063948 0.3593481 0.4282344 0.2199814 0.4113223 0.3303351 0.3826513 0.3652355 0.7213598 0.8227518 0.7226380 0.7016048 0.4968345 0.5065270 0.3703006 0.1820049 0.3586071 0.4298013 0.1863525 0.2585779 0.3870853 0.0276969 0.2017786 0.1858114 0.1834823 0.2515715 0.2806663 0.2784169 0.3919576 0.3952238 0.4033174 0.4275286 0.4284545 0.4248301 0.4282562 0.3728249 0.3764524 0.3764318 0.3728249 0.3692316 0.4090911 0.3701209 0.4277072 0.4342647 0.3972550 0.3719395 0.4001057 0.4218287 0.4091118 0.3701209 0.4016015 0.4091587 0.4133367 0.3962095 0.3891363 0.3881241 0.3974296 0.4049404 0.3949441 0.3952956 0.3996530 0.3826347 0.4082562 0.4021968 0.4017003 0.3920245 0.3389829 0.3530242 0.3565654 0.3530242 0.3783981 0.3938498 0.3717730 0.3857534 0.3827057 0.3970659 0.3827057 0.3745005 0.3960100 0.3913194 0.3929579 0.3805497 0.5973288 0.5533135 0.4687313 0.4129475 0.4057770 0.4053106 0.3831062 0.3846106 0.3901050 0.4072605 0.4019860 0.3902782 0.4108903 0.4165674 0.4026061 0.3778389 0.3574769 0.3561642 0.3916853 0.3918070 0.5233572 0.3804041 0.5173366 0.3482291 0.3483436 0.3473767 0.3462655 0.3543287 0.3397212 0.3512083 0.3481800 0.3514846 0.3474759 0.3472159 0.3472066 0.3565797 0.3708992 0.3450033 0.3599202 0.3644482 0.3565167 0.3922827 0.4005154 0.3990034 0.3896214 0.3791682 0.4654874 0.4522319 0.3998232 0.3785187 0.4047340 0.8446573 0.9028777 0.4226853 0.3844980 0.3834464 
XM_028847034_1_PREDICTED_Macaca_mulatta_REV3_like_DNA_directed_polymerase_zeta_catalytic_subunit_REV3L_transcript_variant_X1_mRNA_1                        0.0242459 0.2997599 0.3474573 0.0000000 0.1538789 0.1385601 0.0200989 0.1528360 0.2487411 0.0019733 0.1637244 0.1363414 0.1525259 0.1318753 0.1465010 0.2442141 0.1869575 0.2538458 0.1377421 0.0484609 0.4776886 0.5496565 0.4780741 0.4849566 0.2588328 0.2652805 0.1172390 0.3109278 0.1716148 0.2143999 0.2851582 0.2645507 0.2391186 0.3543690 0.3055396 0.3148111 0.2943706 0.2623579 0.2726807 0.2645396 0.1842440 0.2037588 0.1910241 0.1753028 0.1811059 0.1757736 0.1781910 0.1389696 0.1414637 0.1439545 0.1389696 0.1414608 0.1385601 0.1338299 0.1608858 0.1657140 0.1369434 0.1408557 0.1420075 0.1431554 0.1405055 0.1338299 0.1371361 0.1421319 0.1472410 0.1388317 0.1389166 0.1367824 0.1367522 0.1596318 0.1512697 0.1538789 0.1540711 0.1506956 0.1544487 0.1588507 0.1598116 0.1565678 0.1378256 0.1299811 0.1324540 0.1299811 0.1470327 0.1501941 0.1447091 0.1572009 0.1497490 0.1584087 0.1497490 0.1468423 0.1529559 0.1552350 0.1531638 0.1419910 0.2925786 0.2567158 0.1984990 0.1571927 0.1563394 0.1449663 0.1393731 0.1301217 0.1390782 0.1470371 0.1349475 0.1335838 0.1484469 0.1509311 0.1399646 0.1369020 0.1350350 0.1356591 0.1431805 0.1407248 0.2925918 0.1385952 0.3016443 0.0119719 0.0059600 0.0039586 0.0039510 0.0079411 0.0039547 0.0099484 0.0079555 0.0099553 0.0221445 0.0221331 0.0221327 0.0242943 0.0307057 0.0375966 0.0439756 0.0418888 0.0375194 0.1732333 0.1315091 0.1194667 0.1322154 0.1474507 0.1806447 0.1652728 0.1438262 0.1475831 0.1802679 0.6005395 0.6324029 0.1579707 0.1260016 0.1283041 
XM_024996589_1_PREDICTED_Bos_taurus_REV3_like_DNA_directed_polymerase_zeta_catalytic_subunit_REV3L_transcript_variant_X1_mRNA_1                            0.1512585 0.3106587 0.3952956 0.1538789 0.0000000 0.1510062 0.1483895 0.1292355 0.3043116 0.1510385 0.1676753 0.1534722 0.1503519 0.1699517 0.1910076 0.2996944 0.2764062 0.3288726 0.1591766 0.1661534 0.4685663 0.5740340 0.5000746 0.4574280 0.3178564 0.3161453 0.1758166 0.3222884 0.2176598 0.2952936 0.3125330 0.3153802 0.2894166 0.4098674 0.3410218 0.3736324 0.3198647 0.3162325 0.3167976 0.3083604 0.2456571 0.2802825 0.2515343 0.2323780 0.2364128 0.2336704 0.2355563 0.1359855 0.1384201 0.1408516 0.1359855 0.1384173 0.1510062 0.1459952 0.1648737 0.1696209 0.1428363 0.1359513 0.1518631 0.1555531 0.1579423 0.1459952 0.1480096 0.1530289 0.1531105 0.1436918 0.1437787 0.1416765 0.1489689 0.0359612 0.0019310 0.0000010 0.0038733 0.0000010 0.0196454 0.0276784 0.0359935 0.0338158 0.1052895 0.1078683 0.1102119 0.1078683 0.1097526 0.1120388 0.1071059 0.1116425 0.1094254 0.1171541 0.1094254 0.1068430 0.1169302 0.1143776 0.1123606 0.1046182 0.3106186 0.2627978 0.2172535 0.1881750 0.1540903 0.1611851 0.1498181 0.1523152 0.1636317 0.1696884 0.1515829 0.1464912 0.1642863 0.1770211 0.1737464 0.1752861 0.1760526 0.1742221 0.1535362 0.1596932 0.2991684 0.2046825 0.3052312 0.1541444 0.1567411 0.1538347 0.1534693 0.1588658 0.1486131 0.1513942 0.1541283 0.1565758 0.1508628 0.1507743 0.1507713 0.1565338 0.1652854 0.1508289 0.1579662 0.1557537 0.1479730 0.2474921 0.1902079 0.1812676 0.1915382 0.1739881 0.2367992 0.2005633 0.1675831 0.1535451 0.1941053 0.6147131 0.6161452 0.1619948 0.1467848 0.1666743 
XM_014118216_3_PREDICTED_Canis_lupus_familiaris_REV3_like_DNA_directed_polymerase_zeta_catalytic_subunit_REV3L_transcript_variant_X1_mRNA_1                0.1288179 0.3224604 0.4090911 0.1385601 0.1510062 0.0000000 0.1309272 0.1354413 0.2751180 0.1357663 0.1057798 0.0645380 0.1394059 0.1308272 0.1918707 0.2798454 0.2456075 0.2688920 0.1390178 0.1461065 0.4390047 0.5239549 0.4344870 0.4264715 0.3223749 0.3174100 0.1792343 0.3417789 0.2109789 0.3021045 0.3249874 0.3129417 0.2850665 0.4080892 0.3523251 0.3576845 0.3273518 0.3042236 0.2795074 0.2821573 0.2363013 0.2518031 0.2368712 0.2209469 0.2128474 0.2186863 0.2240980 0.0760232 0.0763324 0.0760217 0.0760232 0.0782676 0.0000010 0.0601459 0.0986720 0.1077564 0.0719384 0.0847129 0.0830380 0.0155337 0.0135602 0.0601459 0.0765083 0.0765083 0.0810739 0.0733994 0.0734408 0.0713898 0.0735488 0.1447014 0.1484132 0.1510062 0.1511936 0.1507147 0.1415224 0.1490142 0.1499089 0.1543050 0.1197006 0.1036953 0.1060871 0.1036953 0.1273878 0.1279408 0.1196827 0.1342252 0.1269918 0.1352317 0.1269918 0.1297104 0.1349624 0.1322445 0.1326558 0.1200553 0.2860730 0.2471440 0.1768770 0.1485973 0.1380134 0.1501361 0.1217579 0.1183389 0.1294715 0.1296087 0.1131836 0.1173934 0.1378655 0.1522516 0.1400309 0.1333866 0.1389079 0.1321737 0.1250529 0.1344109 0.2755350 0.1698731 0.2680508 0.1387992 0.1413756 0.1354059 0.1356578 0.1435257 0.1333472 0.1411245 0.1387848 0.1412260 0.1284826 0.1332993 0.1332858 0.1364438 0.1449462 0.1359260 0.1380483 0.1408478 0.1331131 0.2231735 0.1835410 0.1718262 0.1856329 0.1578440 0.2232580 0.1904649 0.1678677 0.1337515 0.1810049 0.6258874 0.6729837 0.0961750 0.1237087 0.1463679 
XM_016956167_2_PREDICTED_Pan_troglodytes_REV3_like_DNA_directed_polymerase_zeta_catalytic_subunit_REV3L_transcript_variant_X1_mRNA_1                       0.0039087 0.2926321 0.3439825 0.0200989 0.1483895 0.1309272 0.0000000 0.1399063 0.2400346 0.0180275 0.1578773 0.1335926 0.1493936 0.1268829 0.1426596 0.2355573 0.1861551 0.2403700 0.1316397 0.0390475 0.4755269 0.5452503 0.4704393 0.4771702 0.2520225 0.2597751 0.1127841 0.2973557 0.1627434 0.2176316 0.2755747 0.2622654 0.2238091 0.3507585 0.3016991 0.3116876 0.2907757 0.2630462 0.2634975 0.2554966 0.1702809 0.1893127 0.1767393 0.1677716 0.1705898 0.1653915 0.1705873 0.1362649 0.1387053 0.1411425 0.1362649 0.1387025 0.1309272 0.1311376 0.1551208 0.1598353 0.1327278 0.1357075 0.1392280 0.1354146 0.1328460 0.1311376 0.1329120 0.1378197 0.1428361 0.1336830 0.1337629 0.1316700 0.1339865 0.1490092 0.1458481 0.1483895 0.1485702 0.1452271 0.1439934 0.1482990 0.1491714 0.1510066 0.1329115 0.1234852 0.1259072 0.1234852 0.1343626 0.1373634 0.1321033 0.1441751 0.1369691 0.1452495 0.1369691 0.1341927 0.1400122 0.1422336 0.1401975 0.1294958 0.2763818 0.2365676 0.1935113 0.1529566 0.1530972 0.1395810 0.1366524 0.1265270 0.1351861 0.1455075 0.1310949 0.1262125 0.1504920 0.1454096 0.1374719 0.1342341 0.1299414 0.1305294 0.1307520 0.1395205 0.2866414 0.1293813 0.2955601 0.0242310 0.0221845 0.0200921 0.0200525 0.0241841 0.0200721 0.0180628 0.0201267 0.0221637 0.0019475 0.0019465 0.0097934 0.0118228 0.0179257 0.0285278 0.0347284 0.0326910 0.0284710 0.1596005 0.1194231 0.1085018 0.1223339 0.1347344 0.1709957 0.1524728 0.1313218 0.1357840 0.1691814 0.6072232 0.6385743 0.1522912 0.1193290 0.1163901 
XM_021091238_1_PREDICTED_Sus_scrofa_REV3_like_DNA_directed_polymerase_zeta_catalytic_subunit_REV3L_transcript_variant_X1_mRNA_1                            0.1378041 0.3382815 0.3979777 0.1528360 0.1292355 0.1354413 0.1399063 0.0000000 0.2873045 0.1499756 0.1344894 0.1186425 0.1317980 0.1562423 0.1764569 0.3001912 0.2643163 0.2970243 0.1537830 0.1553539 0.4877912 0.5770791 0.4831232 0.4727288 0.3235154 0.3250764 0.1941613 0.3414905 0.2067595 0.3036898 0.3245870 0.3063021 0.2880415 0.4089875 0.3620699 0.3855785 0.3435925 0.3168537 0.3108998 0.3024127 0.2452766 0.2549474 0.2307613 0.2075098 0.2144597 0.2117676 0.2105613 0.1261114 0.1285531 0.1309925 0.1261114 0.1285504 0.1354413 0.1162080 0.1367657 0.1364858 0.1075084 0.1255933 0.1339620 0.1375086 0.1348927 0.1162080 0.1172551 0.1172551 0.1221721 0.1211085 0.1260177 0.1190650 0.1213737 0.1153883 0.1267624 0.1292355 0.1293889 0.1259411 0.1200563 0.1172430 0.1250670 0.1269434 0.1086252 0.1045706 0.1069331 0.1045706 0.0967298 0.0871783 0.0987454 0.0986497 0.0964425 0.1040203 0.0964425 0.0939140 0.1038221 0.1013162 0.1039557 0.0848938 0.2995003 0.2621636 0.2052267 0.1659265 0.1378436 0.1392914 0.1387126 0.1486943 0.1626367 0.1527408 0.1353652 0.1233440 0.1400684 0.1708765 0.1624464 0.1640365 0.1647583 0.1574555 0.1400973 0.1491414 0.2705585 0.1985557 0.2675050 0.1582242 0.1498999 0.1527916 0.1524258 0.1578625 0.1525999 0.1503316 0.1479984 0.1555529 0.1374446 0.1422899 0.1422754 0.1454988 0.1541238 0.1450978 0.1522786 0.1500466 0.1397373 0.2117911 0.1876960 0.1812931 0.1925813 0.1653856 0.2244067 0.1919640 0.1718490 0.1531447 0.2014956 0.6811761 0.6759051 0.1340107 0.1308389 0.1505460 
XM_040758199_1_PREDICTED_Mesocricetus_auratus_REV3_like_DNA_directed_polymerase_zeta_catalytic_subunit_Rev3l_transcript_variant_X1_mRNA_1                  0.2465814 0.1789707 0.2325635 0.2487411 0.3043116 0.2751180 0.2400346 0.2873045 0.0000000 0.2451886 0.2885751 0.2591401 0.2787816 0.2696522 0.3225655 0.0474539 0.2868403 0.1914880 0.2794266 0.2382158 0.6373346 0.7457090 0.6421483 0.6250277 0.3914970 0.4016250 0.2717149 0.1912101 0.2322070 0.3382750 0.1664552 0.1037434 0.2859922 0.2265715 0.1795575 0.1827034 0.1595479 0.1116076 0.1127816 0.1136597 0.2867125 0.2939865 0.2811690 0.3017222 0.2869976 0.2903834 0.3021218 0.2658426 0.2688999 0.2719421 0.2658426 0.2628092 0.2751180 0.2589908 0.2832122 0.2950849 0.2790433 0.2511706 0.2777041 0.2865368 0.2877811 0.2589908 0.2794057 0.2856327 0.2920844 0.2745744 0.2686486 0.2725060 0.2752356 0.2869310 0.3009421 0.3043116 0.3047951 0.3021804 0.2929228 0.2946049 0.3031029 0.2983546 0.2704676 0.2709127 0.2739946 0.2709127 0.2778737 0.2918459 0.2751476 0.2904681 0.2814307 0.2930995 0.2814307 0.2774737 0.2860826 0.2823038 0.2960478 0.2809082 0.4751414 0.4069631 0.3674581 0.3180500 0.2776238 0.2835221 0.2762462 0.2696412 0.2716176 0.2885260 0.2781194 0.2679830 0.2921750 0.3014062 0.2857236 0.2854126 0.2775948 0.2727967 0.2570062 0.2868402 0.4428427 0.2784650 0.4425756 0.2522661 0.2492830 0.2486766 0.2479945 0.2515217 0.2453935 0.2518373 0.2432507 0.2520239 0.2429652 0.2428040 0.2486679 0.2531150 0.2569976 0.2211523 0.2372295 0.2466927 0.2403136 0.3087835 0.2652733 0.2687575 0.2808041 0.2645170 0.3170700 0.3160512 0.2900942 0.2652503 0.2964438 0.8361723 0.8906547 0.2856477 0.2686163 0.2727618 
XM_015448392_1_PREDICTED_Macaca_fascicularis_REV3_like_DNA_directed_polymerase_zeta_catalytic_subunit_REV3L_transcript_variant_X1_mRNA_1                   0.0221494 0.2956767 0.3429895 0.0019733 0.1510385 0.1357663 0.0180275 0.1499756 0.2451886 0.0000000 0.1607915 0.1336017 0.1496744 0.1291517 0.1436556 0.2406729 0.1869575 0.2502746 0.1349695 0.0461886 0.4720743 0.5433776 0.4724866 0.4793381 0.2551662 0.2616057 0.1144941 0.3068938 0.1685931 0.2108940 0.2812969 0.2608857 0.2355604 0.3498541 0.3016068 0.3107473 0.2904932 0.2587002 0.2689809 0.2608808 0.1842440 0.2037588 0.1910241 0.1722848 0.1780074 0.1727056 0.1751520 0.1362117 0.1386915 0.1411683 0.1362117 0.1386887 0.1357663 0.1311054 0.1579740 0.1627796 0.1341890 0.1380984 0.1392226 0.1403434 0.1377111 0.1311054 0.1343772 0.1393447 0.1444233 0.1360776 0.1361605 0.1340319 0.1340022 0.1567478 0.1484456 0.1510385 0.1512261 0.1478423 0.1515954 0.1559840 0.1569233 0.1537098 0.1350492 0.1272572 0.1297161 0.1272572 0.1442188 0.1473505 0.1419047 0.1543282 0.1469160 0.1555084 0.1469160 0.1440326 0.1500926 0.1523635 0.1502958 0.1392060 0.2886203 0.2530135 0.1952789 0.1542771 0.1534451 0.1421571 0.1366053 0.1301217 0.1363180 0.1441787 0.1321956 0.1308642 0.1456012 0.1480711 0.1371832 0.1341478 0.1322809 0.1328903 0.1404131 0.1379266 0.2888888 0.1358002 0.2978862 0.0099429 0.0039599 0.0019727 0.0019689 0.0059358 0.0019708 0.0079319 0.0059466 0.0079374 0.0200628 0.0200525 0.0200521 0.0221935 0.0285593 0.0353822 0.0417331 0.0396533 0.0353100 0.1702611 0.1287947 0.1168168 0.1294357 0.1446272 0.1775115 0.1683508 0.1410431 0.1447563 0.1772251 0.5933277 0.6250406 0.1550814 0.1233301 0.1256223 
XM_004753515_2_PREDICTED_Mustela_putorius_furo_REV3_like_polymerase_DNA_directed_zeta_catalytic_subunit_REV3L_transcript_variant_X1_mRNA_1                 0.1608419 0.3476923 0.4325703 0.1637244 0.1676753 0.1057798 0.1578773 0.1344894 0.2885751 0.1607915 0.0000000 0.0709607 0.1535115 0.1560487 0.1997084 0.2902540 0.2566073 0.2934001 0.1638760 0.1815375 0.5109097 0.5810257 0.5095461 0.4877158 0.3178914 0.3195354 0.1973783 0.3648445 0.2216367 0.3217288 0.3373956 0.3025669 0.3295048 0.4313011 0.3683066 0.3721177 0.3532003 0.3003151 0.3070786 0.3019322 0.2391161 0.2439685 0.2391310 0.2374677 0.2380481 0.2352845 0.2407008 0.0985426 0.1036089 0.1031757 0.0985426 0.1008573 0.1057798 0.0709223 0.0177100 0.0077695 0.0762134 0.1089834 0.1058396 0.1054697 0.1030531 0.0709223 0.0740490 0.0785463 0.0831153 0.0666061 0.0710401 0.0690008 0.0755876 0.1614152 0.1650325 0.1676753 0.1678870 0.1676036 0.1580966 0.1606138 0.1667264 0.1737125 0.1359928 0.1345395 0.1370220 0.1345395 0.1494994 0.1494670 0.1515384 0.1513825 0.1490262 0.1576384 0.1490262 0.1461355 0.1573191 0.1544832 0.1549703 0.1413074 0.3104871 0.2682322 0.2021964 0.1771777 0.1522037 0.1644470 0.1485962 0.1665764 0.1676475 0.1738653 0.1506960 0.1393652 0.1682220 0.1733222 0.1629313 0.1612401 0.1593851 0.1572588 0.1517200 0.1644165 0.2748415 0.1965733 0.2702933 0.1588205 0.1640398 0.1603564 0.1632795 0.1688353 0.1583089 0.1663815 0.1639954 0.1665009 0.1604127 0.1603168 0.1653960 0.1662398 0.1693825 0.1709034 0.1730184 0.1760065 0.1678876 0.2480937 0.1936607 0.1872329 0.1922945 0.1763679 0.2315851 0.1926655 0.1737762 0.1574081 0.1931124 0.7155055 0.7253651 0.0156895 0.1430432 0.1637371 
XM_034668992_1_PREDICTED_Ailuropoda_melanoleuca_REV3_like_DNA_directed_polymerase_zeta_catalytic_subunit_REV3L_transcript_variant_X1_mRNA_1                0.1315146 0.3109154 0.3848862 0.1363414 0.1534722 0.0645380 0.1335926 0.1186425 0.2591401 0.1336017 0.0709607 0.0000000 0.1274773 0.1269034 0.1699314 0.2636442 0.2242977 0.2548767 0.1324163 0.1386644 0.4516802 0.5146543 0.4510068 0.4284300 0.3126570 0.3078721 0.1785978 0.3282414 0.1827171 0.2665144 0.3023326 0.2911103 0.2727961 0.3919648 0.3129089 0.3433738 0.3049684 0.2765865 0.2769671 0.2688835 0.2141415 0.2204222 0.2156986 0.1951146 0.1929463 0.1957953 0.1980815 0.0618030 0.0664030 0.0661393 0.0618030 0.0639688 0.0645380 0.0157564 0.0642978 0.0685420 0.0428458 0.0724027 0.0685289 0.0643571 0.0599741 0.0157564 0.0492579 0.0492579 0.0535643 0.0403306 0.0445285 0.0383582 0.0362522 0.1423166 0.1509094 0.1534722 0.1536605 0.1532170 0.1441114 0.1465598 0.1474243 0.1542492 0.1208085 0.1067731 0.1091393 0.1067731 0.1210299 0.1161974 0.1230561 0.1277562 0.1206600 0.1286974 0.1206600 0.1179704 0.1284454 0.1257932 0.1261749 0.1086048 0.2812201 0.2337371 0.1791659 0.1512201 0.1260434 0.1329232 0.1150816 0.1266475 0.1328242 0.1355203 0.1118769 0.1028255 0.1235134 0.1349955 0.1271782 0.1342566 0.1348338 0.1281920 0.1188796 0.1278821 0.2386010 0.1565849 0.2373333 0.1365726 0.1391018 0.1332529 0.1359839 0.1412185 0.1312246 0.1388587 0.1365587 0.1389571 0.1311767 0.1359353 0.1359217 0.1390548 0.1450229 0.1336400 0.1357285 0.1384710 0.1308847 0.2065207 0.1726384 0.1611910 0.1717500 0.1378108 0.2031902 0.1738680 0.1447673 0.1315353 0.1726316 0.6437968 0.6966097 0.0663570 0.1128037 0.1245588 
XM_015600069_2_PREDICTED_Pteropus_alecto_REV3_like_DNA_directed_polymerase_zeta_catalytic_subunit_REV3L_transcript_variant_X1_mRNA_1                       0.1522858 0.3378310 0.4063948 0.1525259 0.1503519 0.1394059 0.1493936 0.1317980 0.2787816 0.1496744 0.1535115 0.1274773 0.0000000 0.1132978 0.1793821 0.2884345 0.2313980 0.2975970 0.1384581 0.1626378 0.4603435 0.5220266 0.4526843 0.4390959 0.3013006 0.3094751 0.1611877 0.3482007 0.2091190 0.2688979 0.3248252 0.3011951 0.2934948 0.4174869 0.3477175 0.3693430 0.3337747 0.2958152 0.2941892 0.2890507 0.2171939 0.2377803 0.2243065 0.2143895 0.2181027 0.2153924 0.2146821 0.1249583 0.1273734 0.1297864 0.1249583 0.1273709 0.1394059 0.1178152 0.1457687 0.1554801 0.1265971 0.1319668 0.1233602 0.1464624 0.1388548 0.1178152 0.1194516 0.1243083 0.1243735 0.1155560 0.1156245 0.1135262 0.1254081 0.1385112 0.1477723 0.1503519 0.1505376 0.1443483 0.1458858 0.1427804 0.1461158 0.1405354 0.1241835 0.1172578 0.1196778 0.1172578 0.1293236 0.1292815 0.1264768 0.1312304 0.1289224 0.1371626 0.1289224 0.1261626 0.1319353 0.1341727 0.1296310 0.1262996 0.3340586 0.2519333 0.1898856 0.1340496 0.0059078 0.0406570 0.1112291 0.1227687 0.1265325 0.1285348 0.1151785 0.1057440 0.1119240 0.1192913 0.1140447 0.1229103 0.1162994 0.1143549 0.1031361 0.1439596 0.2746484 0.1606282 0.2656858 0.1527904 0.1553992 0.1524816 0.1521175 0.1575375 0.1472366 0.1500287 0.1477020 0.1552344 0.1518847 0.1517951 0.1517919 0.1601334 0.1690045 0.1625219 0.1646285 0.1675562 0.1570118 0.2313105 0.1586519 0.1549414 0.1911493 0.1545998 0.2011040 0.1895322 0.1585196 0.1376723 0.1766424 0.6307159 0.6671611 0.1380325 0.1208948 0.1328280 
XM_005883745_2_PREDICTED_Myotis_brandtii_REV3_like_polymerase_DNA_directed_zeta_catalytic_subunit_REV3L_transcript_variant_X1_mRNA_1                       0.1320139 0.3058585 0.3593481 0.1318753 0.1699517 0.1308272 0.1268829 0.1562423 0.2696522 0.1291517 0.1560487 0.1269034 0.1132978 0.0000000 0.1812504 0.2650836 0.2303689 0.2836545 0.1378297 0.1392424 0.5005153 0.5409685 0.4832365 0.4691832 0.2949023 0.2997821 0.1489380 0.3168024 0.1972952 0.2635466 0.2942908 0.2958785 0.2826343 0.3522202 0.2939207 0.3317044 0.2874960 0.2873315 0.2661560 0.2702245 0.2217242 0.2339019 0.2234166 0.2218353 0.2313907 0.2258307 0.2249670 0.1223137 0.1247165 0.1271173 0.1223137 0.1247140 0.1308272 0.1220470 0.1457298 0.1580166 0.1308717 0.1386439 0.1372921 0.1353120 0.1327451 0.1220470 0.1285836 0.1334823 0.1384876 0.1245863 0.1198736 0.1225643 0.1296854 0.1629855 0.1673036 0.1699517 0.1701667 0.1669080 0.1654506 0.1621933 0.1682795 0.1649956 0.1383524 0.1288289 0.1312782 0.1288289 0.1436410 0.1411154 0.1407052 0.1479811 0.1431911 0.1516532 0.1431911 0.1403523 0.1463126 0.1485617 0.1439982 0.1355815 0.3198810 0.2287093 0.2010040 0.1518013 0.1165762 0.1233933 0.1033137 0.0932096 0.0947122 0.0989245 0.0860278 0.0730265 0.1186975 0.0384127 0.0300303 0.0217696 0.0138222 0.0059109 0.0794857 0.1407795 0.2715989 0.1649183 0.2596953 0.1296332 0.1346196 0.1318360 0.1315298 0.1367415 0.1267789 0.1319137 0.1296200 0.1320075 0.1292911 0.1292166 0.1292140 0.1371714 0.1455868 0.1366962 0.1387937 0.1415647 0.1314485 0.2296853 0.1631566 0.1593716 0.1736115 0.1533220 0.2001783 0.1834321 0.1428458 0.1495305 0.1830459 0.6225718 0.6491959 0.1479267 0.1179978 0.1298335 
XM_006157005_3_PREDICTED_Tupaia_chinensis_REV3_like_DNA_directed_polymerase_zeta_catalytic_subunit_REV3L_transcript_variant_X3_mRNA_1                      0.1480678 0.3523833 0.4282344 0.1465010 0.1910076 0.1918707 0.1426596 0.1764569 0.3225655 0.1436556 0.1997084 0.1699314 0.1793821 0.1812504 0.0000000 0.3079311 0.2342876 0.2813942 0.1683182 0.1558981 0.5191807 0.5649390 0.5000208 0.4773503 0.3283288 0.3280318 0.1839162 0.3617918 0.2227585 0.2864155 0.3391653 0.3235715 0.2947530 0.4355963 0.3637565 0.3930954 0.3518849 0.3269198 0.3221208 0.3134580 0.2196059 0.2377436 0.2388965 0.1935769 0.1854212 0.1773515 0.1910850 0.1808518 0.1781836 0.1862242 0.1808518 0.1835373 0.1918707 0.1672274 0.1966147 0.2017018 0.1734831 0.1880316 0.1789161 0.1912352 0.1883137 0.1672274 0.1737361 0.1790853 0.1845760 0.1700558 0.1754477 0.1679737 0.1757679 0.1810846 0.1882026 0.1910076 0.1912630 0.1880330 0.1863482 0.1828374 0.1866405 0.1858101 0.1605913 0.1523152 0.1549023 0.1523152 0.1701761 0.1701872 0.1703993 0.1808297 0.1730512 0.1822713 0.1730512 0.1725936 0.1765120 0.1788562 0.1794488 0.1675253 0.3320508 0.2606446 0.2373391 0.1852434 0.1863459 0.1857468 0.1733266 0.1632197 0.1726177 0.1791022 0.1605319 0.1533360 0.1745371 0.1833020 0.1771755 0.1814193 0.1795446 0.1826134 0.1665702 0.1741940 0.3162477 0.1702345 0.3129386 0.1467563 0.1493686 0.1464577 0.1461070 0.1515264 0.1412097 0.1439967 0.1467408 0.1492092 0.1451803 0.1450933 0.1501447 0.1509369 0.1565530 0.1557847 0.1553337 0.1582694 0.1554073 0.2317328 0.1675070 0.1495112 0.1745515 0.1775608 0.2320411 0.2121535 0.1761763 0.1715936 0.2146681 0.7415043 0.7456384 0.1934284 0.1613773 0.1542581 
XM_027402162_2_PREDICTED_Cricetulus_griseus_REV3_like_DNA_directed_polymerase_zeta_catalytic_subunit_Rev3l_transcript_variant_X5_mRNA_1                    0.2420892 0.1663597 0.2199814 0.2442141 0.2996944 0.2798454 0.2355573 0.3001912 0.0474539 0.2406729 0.2902540 0.2636442 0.2884345 0.2650836 0.3079311 0.0000000 0.2784313 0.1979609 0.2812734 0.2366395 0.6322706 0.7301956 0.6471081 0.6151011 0.3829339 0.3931132 0.2575090 0.1788648 0.2246933 0.3333121 0.1614737 0.0972825 0.2804908 0.2140613 0.1675623 0.1784448 0.1579154 0.1027051 0.0988555 0.1019565 0.2749309 0.2918649 0.2742294 0.2843206 0.2759066 0.2729320 0.2846881 0.2704269 0.2735159 0.2765893 0.2704269 0.2673622 0.2798454 0.2574341 0.2848590 0.2968103 0.2837771 0.2525793 0.2855638 0.2993636 0.2958325 0.2574341 0.2841485 0.2904406 0.2969625 0.2792410 0.2732569 0.2771665 0.2799212 0.2886072 0.2963281 0.2996944 0.3001703 0.2975115 0.2946399 0.2963253 0.3048941 0.3034914 0.2767323 0.2726368 0.2757418 0.2726368 0.2794893 0.2935662 0.2767470 0.2921712 0.2830733 0.2915818 0.2830733 0.2790847 0.2941294 0.2902807 0.2978023 0.2825446 0.4859110 0.3984127 0.3829009 0.3318922 0.2873171 0.2916611 0.2764589 0.2680162 0.2700193 0.2943113 0.2796926 0.2725750 0.2971006 0.2968452 0.2812056 0.2808327 0.2677737 0.2681832 0.2646238 0.2807810 0.4455800 0.2826153 0.4453100 0.2446915 0.2447463 0.2441500 0.2434800 0.2500354 0.2378720 0.2473065 0.2387189 0.2474906 0.2384863 0.2383278 0.2441891 0.2456260 0.2494692 0.2195406 0.2356560 0.2451450 0.2387487 0.2931962 0.2620706 0.2611621 0.2760515 0.2623567 0.3261691 0.3138661 0.2879592 0.2760533 0.2981552 0.8483028 0.8845817 0.2873075 0.2732238 0.2706343 
XM_013069186_2_PREDICTED_Heterocephalus_glaber_REV3_like_DNA_directed_polymerase_zeta_catalytic_subunit_Rev3l_transcript_variant_X1_mRNA_1                 0.1919753 0.3175714 0.4113223 0.1869575 0.2764062 0.2456075 0.1861551 0.2643163 0.2868403 0.1869575 0.2566073 0.2242977 0.2313980 0.2303689 0.2342876 0.2784313 0.0000000 0.2931618 0.2411380 0.2036459 0.5505746 0.5952533 0.5181394 0.5265679 0.3417452 0.3338639 0.2420654 0.3282310 0.2228592 0.2878670 0.3115949 0.2969550 0.2817617 0.4034209 0.3221483 0.3542245 0.3076299 0.3042195 0.2945212 0.2861268 0.1201376 0.1204659 0.0873137 0.2215424 0.2190291 0.2134142 0.2190010 0.2298123 0.2326672 0.2355107 0.2298123 0.2269778 0.2456075 0.2214255 0.2544222 0.2656636 0.2341325 0.2331601 0.2409494 0.2505633 0.2445605 0.2214255 0.2287502 0.2344823 0.2346408 0.2368112 0.2369696 0.2347757 0.2374082 0.2715226 0.2732505 0.2764062 0.2768184 0.2709207 0.2773679 0.2760019 0.2778888 0.2616593 0.2443138 0.2305016 0.2333861 0.2305016 0.2627744 0.2670445 0.2631602 0.2747690 0.2661419 0.2740756 0.2661419 0.2624096 0.2704740 0.2729167 0.2534043 0.2568428 0.4009018 0.3418063 0.3026368 0.2453321 0.2332768 0.2355444 0.2220246 0.2246418 0.2382930 0.2527980 0.2312359 0.2206196 0.2245777 0.2493699 0.2436033 0.2306070 0.2249434 0.2329360 0.2273945 0.2442194 0.4137848 0.2339519 0.4087954 0.1958919 0.1932336 0.1837879 0.1895486 0.1954224 0.1897751 0.1928785 0.1904088 0.1930187 0.1888183 0.1887013 0.1886972 0.1914737 0.1974792 0.1952598 0.2001434 0.2033364 0.1947632 0.2658283 0.2324173 0.2119821 0.2446288 0.2389065 0.2927252 0.2416485 0.2409019 0.2326030 0.2540201 0.6698256 0.7056923 0.2538392 0.2155914 0.2197598 
XM_008852401_2_PREDICTED_Nannospalax_galili_REV3_like_DNA_directed_polymerase_zeta_catalytic_subunit_Rev3l_transcript_variant_X1_mRNA_1                    0.2440270 0.2383464 0.3303351 0.2538458 0.3288726 0.2688920 0.2403700 0.2970243 0.1914880 0.2502746 0.2934001 0.2548767 0.2975970 0.2836545 0.2813942 0.1979609 0.2931618 0.0000000 0.2834704 0.2384799 0.6200231 0.6948458 0.6056434 0.6031101 0.4053379 0.4192396 0.2713457 0.2478481 0.2518662 0.3359993 0.2420273 0.2320761 0.2862023 0.3268034 0.2556379 0.2724791 0.2421462 0.2455450 0.2339261 0.2319405 0.2679024 0.2812139 0.2795282 0.2735225 0.2657273 0.2627902 0.2738680 0.2582777 0.2552631 0.2643517 0.2582777 0.2552570 0.2688920 0.2547295 0.2864159 0.2984410 0.2775669 0.2556597 0.2732115 0.2709579 0.2707091 0.2547295 0.2748538 0.2810775 0.2875236 0.2669856 0.2671742 0.2649013 0.2678502 0.3077321 0.3253838 0.3288726 0.3294126 0.3269550 0.3172179 0.3091133 0.3145449 0.3194046 0.2766322 0.2663632 0.2694431 0.2663632 0.2794093 0.2903534 0.2829910 0.2920832 0.2829910 0.2867581 0.2829910 0.2790050 0.2940396 0.2901936 0.2977098 0.2793923 0.4860771 0.3945112 0.3742945 0.3174530 0.2962574 0.2993971 0.2673553 0.2734757 0.2737877 0.2932308 0.2757828 0.2757464 0.2905537 0.2984580 0.2914770 0.2934107 0.2884695 0.2899678 0.2598345 0.2909464 0.4347200 0.2689320 0.4382360 0.2543413 0.2543996 0.2537809 0.2530839 0.2477278 0.2474714 0.2509564 0.2543103 0.2571412 0.2433024 0.2431409 0.2490082 0.2534596 0.2617040 0.2242994 0.2464064 0.2499706 0.2435608 0.3124850 0.2546104 0.2460838 0.2728790 0.2851006 0.3479700 0.3266272 0.2951567 0.2529375 0.2952762 0.8015847 0.8196607 0.2888768 0.2671931 0.2714241 
XM_023650934_1_PREDICTED_Equus_caballus_REV3_like_DNA_directed_polymerase_zeta_catalytic_subunit_REV3L_transcript_variant_X1_mRNA_1                        0.1338736 0.3253648 0.3826513 0.1377421 0.1591766 0.1390178 0.1316397 0.1537830 0.2794266 0.1349695 0.1638760 0.1324163 0.1384581 0.1378297 0.1683182 0.2812734 0.2411380 0.2834704 0.0000000 0.1466992 0.4732012 0.5383408 0.4764564 0.4677130 0.2990049 0.2926313 0.1553172 0.3288807 0.1918320 0.2799835 0.3093623 0.3073771 0.2905286 0.3972184 0.3302950 0.3536377 0.3023706 0.3044377 0.2917231 0.2896467 0.2092008 0.2241179 0.2223631 0.2171271 0.2146693 0.2176928 0.2202805 0.1227952 0.1252526 0.1277081 0.1227952 0.1252500 0.1390178 0.1249827 0.1558875 0.1658671 0.1386967 0.1346285 0.1381725 0.1468535 0.1441671 0.1249827 0.1388943 0.1439614 0.1491448 0.1325080 0.1325892 0.1304422 0.1377947 0.1421251 0.1565433 0.1591766 0.1593771 0.1535523 0.1495886 0.1464298 0.1523652 0.1441512 0.1279865 0.1186706 0.1211224 0.1186706 0.1333967 0.1383843 0.1280239 0.1378099 0.1354726 0.1439238 0.1354726 0.1351294 0.1436329 0.1408471 0.1463754 0.1303172 0.3249360 0.2397027 0.2092721 0.1675929 0.1421228 0.1518175 0.1181471 0.1347349 0.1436201 0.1440788 0.1220018 0.1321436 0.1412429 0.1520659 0.1463334 0.1454266 0.1411249 0.1399636 0.1293703 0.0119182 0.2495116 0.1653474 0.2464853 0.1379783 0.1405360 0.1377012 0.1348633 0.1426725 0.1325670 0.1352843 0.1379640 0.1353922 0.1341041 0.1340251 0.1389644 0.1396602 0.1482638 0.1465935 0.1487240 0.1515940 0.1411722 0.2187022 0.1584276 0.1490197 0.1697556 0.1562154 0.2031077 0.1871249 0.1531562 0.1414355 0.1958531 0.6048997 0.6349529 0.1479039 0.0812505 0.1322835 
XM_035296530_1_PREDICTED_Callithrix_jacchus_REV3_like_DNA_directed_polymerase_zeta_catalytic_subunit_REV3L_transcript_variant_X1_mRNA_1                    0.0391284 0.2980624 0.3652355 0.0484609 0.1661534 0.1461065 0.0390475 0.1553539 0.2382158 0.0461886 0.1815375 0.1386644 0.1626378 0.1392424 0.1558981 0.2366395 0.2036459 0.2384799 0.1466992 0.0000000 0.5196897 0.5715735 0.5054652 0.5123811 0.2763948 0.2719167 0.1303280 0.3027173 0.1820977 0.2258444 0.2804860 0.2729185 0.2335548 0.3674236 0.3070324 0.3107953 0.2959104 0.2720925 0.2649823 0.2568570 0.1899456 0.2015216 0.1968201 0.1792450 0.1795672 0.1769602 0.1821712 0.1464155 0.1489343 0.1514493 0.1464155 0.1489312 0.1461065 0.1411019 0.1681418 0.1835050 0.1479039 0.1457980 0.1545858 0.1507248 0.1480422 0.1411019 0.1532150 0.1532150 0.1584371 0.1487508 0.1488426 0.1467041 0.1440746 0.1617358 0.1635028 0.1661534 0.1663639 0.1630629 0.1616456 0.1609451 0.1619181 0.1637599 0.1527886 0.1379618 0.1404706 0.1379618 0.1469805 0.1450732 0.1496957 0.1571446 0.1496957 0.1525017 0.1496957 0.1467902 0.1529010 0.1551792 0.1531087 0.1369506 0.3022297 0.2689905 0.2175753 0.1666369 0.1665745 0.1582541 0.1468439 0.1366461 0.1479708 0.1536873 0.1387440 0.1286963 0.1509481 0.1585592 0.1502872 0.1437195 0.1424670 0.1431278 0.1406752 0.1471653 0.3108668 0.1427016 0.3138896 0.0529323 0.0507495 0.0484447 0.0483429 0.0528238 0.0483928 0.0462847 0.0485318 0.0506997 0.0369310 0.0411484 0.0454092 0.0434793 0.0502585 0.0242973 0.0263024 0.0284228 0.0242493 0.1727321 0.1266240 0.1203098 0.1316955 0.1531862 0.1888754 0.1883121 0.1438039 0.1537565 0.1913582 0.6170395 0.6696203 0.1703871 0.1286573 0.1263965 
XM_007484437_2_PREDICTED_Monodelphis_domestica_REV3_like_DNA_directed_polymerase_zeta_catalytic_subunit_REV3L_transcript_variant_X1_mRNA_1                 0.4814822 0.6453227 0.7213598 0.4776886 0.4685663 0.4390047 0.4755269 0.4877912 0.6373346 0.4720743 0.5109097 0.4516802 0.4603435 0.5005153 0.5191807 0.6322706 0.5505746 0.6200231 0.4732012 0.5196897 0.0000000 0.1737258 0.1282664 0.1327199 0.6407606 0.6768488 0.4948996 0.6550184 0.5821837 0.6760592 0.6497899 0.6699668 0.6303958 0.7315544 0.6893779 0.7087257 0.6580179 0.6697262 0.6154337 0.6228022 0.5327545 0.5116899 0.5647337 0.5601017 0.5290243 0.5384059 0.5659650 0.4478160 0.4478294 0.4559505 0.4478160 0.4518890 0.4390047 0.4433693 0.5095550 0.5038580 0.4566903 0.4610381 0.4595448 0.4521637 0.4434784 0.4433693 0.4574536 0.4657467 0.4620319 0.4590383 0.4634686 0.4459027 0.4485729 0.4753252 0.4641306 0.4685663 0.4695356 0.4577173 0.4669529 0.4680470 0.4846169 0.4690700 0.4693535 0.4555772 0.4596544 0.4555772 0.4853947 0.4863073 0.4789076 0.4866138 0.4790162 0.4888591 0.4790162 0.4855530 0.5035116 0.4977518 0.4872653 0.4820531 0.7045442 0.5694527 0.5225588 0.4934184 0.4633621 0.4803651 0.5085613 0.4525646 0.4559054 0.4776912 0.4580609 0.4652195 0.5013112 0.5272712 0.5139246 0.4743441 0.5040135 0.4985239 0.4981524 0.4668957 0.6258722 0.4970372 0.6208409 0.4704651 0.4833609 0.4776004 0.4716342 0.4857034 0.4683078 0.4822065 0.4787864 0.4825963 0.4796500 0.4792563 0.4792419 0.4755127 0.4933051 0.4892184 0.5075330 0.5134194 0.5040252 0.5299165 0.5321115 0.5059803 0.5307181 0.4593967 0.5433493 0.5467939 0.4794440 0.4344785 0.4754279 0.5584390 0.5889984 0.4993515 0.4601019 0.4727260 
XM_031964400_1_PREDICTED_Sarcophilus_harrisii_REV3_like_DNA_directed_polymerase_zeta_catalytic_subunit_REV3L_transcript_variant_X1_mRNA_1                  0.5519542 0.7216533 0.8227518 0.5496565 0.5740340 0.5239549 0.5452503 0.5770791 0.7457090 0.5433776 0.5810257 0.5146543 0.5220266 0.5409685 0.5649390 0.7301956 0.5952533 0.6948458 0.5383408 0.5715735 0.1737258 0.0000000 0.1083283 0.1295657 0.7140211 0.7252387 0.5150251 0.7543525 0.6138616 0.7688566 0.7168722 0.7339651 0.6141150 0.8339454 0.7743404 0.7985205 0.7363205 0.7403518 0.7013170 0.6987178 0.5623271 0.5470471 0.5967623 0.6298682 0.5885064 0.5933012 0.6215803 0.5112165 0.4991327 0.5200252 0.5112165 0.5156288 0.5239549 0.5099696 0.5699888 0.5730505 0.5249462 0.5295133 0.5089444 0.5341312 0.5244379 0.5099696 0.5347892 0.5347892 0.5263143 0.5147964 0.5151862 0.5092004 0.5065559 0.5816397 0.5689819 0.5740340 0.5621828 0.5645315 0.5727547 0.5687555 0.5929445 0.5793979 0.5473333 0.5528258 0.5573818 0.5528258 0.5779788 0.5784085 0.5749637 0.5788424 0.5705316 0.5769766 0.5705316 0.5774569 0.5869003 0.5916327 0.5662704 0.5691538 0.7730060 0.5945089 0.5696712 0.5195882 0.5167849 0.5260128 0.5611396 0.4997092 0.4831200 0.5036105 0.4987905 0.5116588 0.5537769 0.5603201 0.5555163 0.5207737 0.5360060 0.5433744 0.5428141 0.5363430 0.7453526 0.5788261 0.7195070 0.5510670 0.5496565 0.5495692 0.5428631 0.5582921 0.5393435 0.5546040 0.5509753 0.5550568 0.5497278 0.5492569 0.5403639 0.5497545 0.5699253 0.5481459 0.5678556 0.5696423 0.5531222 0.5864147 0.5739338 0.5436072 0.5766104 0.5098599 0.5832231 0.5721661 0.5097351 0.4945166 0.5421570 0.6449818 0.6561495 0.5635020 0.5119883 0.5111813 
XM_036766364_1_PREDICTED_Trichosurus_vulpecula_REV3_like_DNA_directed_polymerase_zeta_catalytic_subunit_REV3L_transcript_variant_X1_mRNA_1                 0.4763051 0.6198164 0.7226380 0.4780741 0.5000746 0.4344870 0.4704393 0.4831232 0.6421483 0.4724866 0.5095461 0.4510068 0.4526843 0.4832365 0.5000208 0.6471081 0.5181394 0.6056434 0.4764564 0.5054652 0.1282664 0.1083283 0.0000000 0.0683903 0.6479468 0.6588964 0.4763243 0.6602917 0.5276457 0.6911388 0.6500194 0.6578290 0.6113349 0.7146750 0.6706436 0.7124932 0.6434150 0.6663418 0.6350046 0.6178888 0.5050845 0.5006968 0.5359605 0.5513624 0.5243536 0.5248037 0.5479705 0.4512076 0.4512211 0.4593033 0.4512076 0.4552614 0.4344870 0.4388122 0.5039663 0.5025654 0.4614725 0.4684304 0.4466902 0.4434243 0.4348896 0.4388122 0.4705236 0.4705236 0.4626366 0.4542545 0.4545817 0.4412890 0.4439025 0.4986961 0.4955072 0.5000746 0.5011377 0.4906445 0.4943840 0.4994909 0.5125115 0.5006674 0.4813408 0.4770472 0.4812168 0.4770472 0.5070718 0.5078702 0.5004154 0.5082000 0.5005257 0.5019074 0.5005257 0.5070800 0.5254804 0.5195825 0.5090396 0.4994125 0.7345074 0.5609264 0.5364167 0.4732695 0.4475915 0.4519197 0.4984590 0.4505554 0.4538795 0.4718930 0.4657004 0.4524981 0.4916958 0.5093732 0.5004566 0.4728295 0.4865612 0.4800971 0.5013143 0.4827582 0.6679784 0.4965509 0.6628160 0.4834840 0.4837190 0.4779863 0.4720485 0.4860486 0.4729253 0.4825696 0.4791671 0.4829577 0.4745116 0.4741259 0.4660339 0.4745442 0.4921701 0.4965435 0.5062611 0.5120906 0.5030498 0.5283924 0.5008948 0.4698360 0.5336960 0.4383548 0.5309487 0.5197587 0.4469616 0.4185921 0.4495814 0.6219610 0.6084832 0.4939077 0.4592653 0.4516936 
XM_027848601_1_PREDICTED_Vombatus_ursinus_REV3_like_DNA_directed_polymerase_zeta_catalytic_subunit_REV3L_transcript_variant_X1_mRNA_1                      0.4830708 0.5947062 0.7016048 0.4849566 0.4574280 0.4264715 0.4771702 0.4727288 0.6250277 0.4793381 0.4877158 0.4284300 0.4390959 0.4691832 0.4773503 0.6151011 0.5265679 0.6031101 0.4677130 0.5123811 0.1327199 0.1295657 0.0683903 0.0000000 0.6149871 0.6555743 0.4743948 0.6332553 0.5156148 0.6793185 0.6230263 0.6209383 0.5964152 0.6995630 0.6484754 0.6837250 0.6167671 0.6402293 0.6318739 0.6294488 0.4963614 0.4902987 0.5265114 0.5311599 0.5110912 0.5115277 0.5322578 0.4350946 0.4351073 0.4429962 0.4350946 0.4390509 0.4264715 0.4127486 0.4823478 0.4810241 0.4369998 0.4362225 0.4229517 0.4352448 0.4264715 0.4127486 0.4457398 0.4457398 0.4380861 0.4302952 0.4305998 0.4177752 0.4201889 0.4681241 0.4530698 0.4574280 0.4583584 0.4479337 0.4558374 0.4609739 0.4814428 0.4701325 0.4593748 0.4550559 0.4591282 0.4550559 0.4719481 0.4770597 0.4656473 0.4732067 0.4657534 0.4669938 0.4657534 0.4721952 0.4896502 0.4840505 0.4779178 0.4728794 0.7171215 0.5597493 0.5490733 0.4870886 0.4340231 0.4382608 0.4719502 0.4411957 0.4524691 0.4622351 0.4522066 0.4356019 0.4791289 0.4924982 0.4787338 0.4553735 0.4686840 0.4751711 0.4670845 0.4739226 0.6464476 0.4782640 0.6320427 0.4861406 0.4906326 0.4848693 0.4788954 0.4929454 0.4755857 0.4894675 0.4860641 0.4898593 0.4812520 0.4808614 0.4727505 0.4844388 0.4982262 0.5034352 0.5131863 0.5190455 0.5091421 0.5263745 0.4868466 0.4673616 0.5101963 0.4226196 0.5201329 0.5007449 0.4379230 0.4252741 0.4590633 0.5791532 0.5936687 0.4726260 0.4419875 0.4425159 
