146
NM_001372078_1_Homo_sapiens_REV3_like_DNA_directed_polymerase_zeta_catalytic_subunit_REV3L_transcript_variant_4_mRNA_1                                     0.0000000 0.1455467 0.1735964 0.0153349 0.0807603 0.0644542 0.0024928 0.0785600 0.1137225 0.0153349 0.1000411 0.0795104 0.0640555 0.0843410 0.0593213 0.1177456 0.0984299 0.1078372 0.0707788 0.0262614 0.2539793 0.2455646 0.2070885 0.2242181 0.1283162 0.2113150 0.0862724 8.9999987 0.0641319 0.1094851 0.1338893 0.1279336 0.1341350 0.1710284 0.1361080 0.1655205 0.1344336 0.1555744 0.1250743 0.1227571 0.1058082 0.1120414 0.1070339 0.0739091 0.0737981 0.0690595 0.0687933 0.0822166 0.0787009 0.0835062 0.0803199 0.0803199 0.0810808 0.0644542 0.0810761 0.1013731 0.1036443 0.0613077 0.1000688 0.0957608 0.0827187 0.0627349 0.0613327 0.0628471 0.0660407 0.1192890 0.0661900 0.0660511 0.0826503 0.0823587 0.0807603 0.0808227 0.0811741 0.0780789 0.0863311 0.0713447 0.0789445 0.0789445 0.0757835 0.0679960 0.0665528 0.0632857 0.0694361 0.0708931 0.0694361 0.0711539 0.0679960 0.0646119 0.0661715 0.0729441 0.0662350 0.1361073 0.0975978 0.0954821 0.0757383 0.0640555 0.0622746 0.0916641 0.0822537 0.0921606 0.0942767 0.0880721 0.0789372 0.0928401 0.1003664 0.1235531 0.0843036 0.0839620 0.0898705 0.0582260 0.0692027 0.1849500 0.0676947 0.2182905 0.0192689 0.0180220 0.0166436 0.0140262 0.0140262 0.0179510 0.0179450 0.0578495 0.0075534 0.0037473 0.0140334 0.0088146 0.0088269 0.0231602 9.0000000 0.0286940 0.0258852 0.1476378 0.0474445 0.0489258 0.0776849 0.0793565 0.1388570 0.1030345 0.0725890 0.0710032 0.0710075 0.2969272 0.3044075 0.0910773 0.0504596 0.0711605 
NM_011264_3_Mus_musculus_REV3_like_DNA_directed_polymerase_zeta_catalytic_subunit_Rev3l_mRNA_1                                                             0.1455467 0.0000000 0.0840604 0.1484094 0.1516758 0.1301809 0.1412543 0.1516704 0.0838525 0.1484094 0.1782526 0.1544185 0.1350973 0.1561877 0.1386980 0.0735994 0.1364717 0.1171515 0.1437777 0.1522274 0.2844355 0.2977698 0.2675611 0.2797668 0.1835610 0.2524582 0.1401468 4.6967558 0.1225977 0.1363657 0.0246041 0.0843788 0.1475440 0.0822533 0.0472538 0.0648644 0.0502450 0.1185240 0.0814789 0.0816728 0.1552382 0.1596520 0.1460160 0.1284237 0.1339286 0.1320369 0.1248004 0.1401439 0.1319240 0.1338371 0.1338371 0.1338371 0.1429883 0.1301809 0.1505427 0.1831791 0.1784349 0.1334117 0.1691781 0.1505677 0.1485259 0.1314112 0.1334803 0.1353251 0.1355849 0.2023605 0.1310310 0.1319071 0.1488077 0.1535949 0.1516758 0.1558433 0.1567931 0.1538935 0.1518858 0.1396338 0.1508740 0.1508740 0.1470367 0.1441747 0.1365462 0.1399805 0.1375242 0.1358101 0.1375242 0.1403333 0.1441747 0.1358101 0.1338613 0.1362195 0.1375242 0.1832537 0.1992623 0.1772079 0.1448823 0.1350973 0.1345757 0.1697681 0.1586536 0.1515010 0.1702788 0.1493434 0.1617507 0.1609300 0.1631852 0.1985146 0.1583750 0.1615700 0.1633766 0.1390898 0.1457436 0.2331258 0.1447830 0.2592149 0.1426236 0.1529871 0.1425481 0.1464221 0.1464221 0.1445199 0.1444432 0.1877706 0.1494861 0.1393121 0.1501811 0.1393121 0.1418524 0.1472287 9.0000000 0.1585907 0.1499229 0.2060159 0.1178069 0.1273409 0.1442365 0.1384479 0.1790911 0.1542608 0.1402523 0.1547411 0.1341314 0.3789580 0.3812013 0.1618112 0.1423462 0.1295612 
XM_006256524_2_PREDICTED_Rattus_norvegicus_REV3_like_DNA_directed_polymerase_zeta_catalytic_subunit_Rev3l_transcript_variant_X1_mRNA_1                     0.1735964 0.0840604 0.0000000 0.1838654 0.1736063 0.1719372 0.1783214 0.1761768 0.1079406 0.1838654 0.1945022 0.1891595 0.1687342 0.1688646 0.1629164 0.1016349 0.1792257 0.1401846 0.1667579 0.1879824 0.3595523 0.3668266 0.3264812 0.3453383 0.2150919 0.3084246 0.1700825 4.6967558 0.1550692 0.1742133 0.0726021 0.0938307 0.1523448 0.0037483 0.0758652 0.1012617 0.0727689 0.1481962 0.1036115 0.1015023 0.1913888 0.1962316 0.1855287 0.1363402 0.1418744 0.1361132 0.1325832 0.1813976 0.1761974 0.1783316 0.1783316 0.1783316 0.1848273 0.1719372 0.1869395 0.1884931 0.1891118 0.1719315 0.2025773 0.1790011 0.1847286 0.1697260 0.1720282 0.1740453 0.1679938 0.2057795 0.1628836 0.1640150 0.1645291 0.1756193 0.1736063 0.1728383 0.1791778 0.1760064 0.1757091 0.1661768 0.1714273 0.1714273 0.1674313 0.1738350 0.1682934 0.1692870 0.1624260 0.1606298 0.1624260 0.1655312 0.1738350 0.1647949 0.1627079 0.1653369 0.1666030 0.2136081 0.2274585 0.1930747 0.1834762 0.1687342 0.1679808 0.1885563 0.1765421 0.1655445 0.1798957 0.1762237 0.1703457 0.1771869 0.1871395 0.2025604 0.1711465 0.1712097 0.1764422 0.1649520 0.1646920 0.2382541 0.1868245 0.2722834 0.1750648 0.1889726 0.1792426 0.1817020 0.1817020 0.1813943 0.1812906 0.2333072 0.1788220 0.1761945 0.1755831 0.1779203 0.1808632 0.1756988 9.0000000 0.1856359 0.1787204 0.2024757 0.1382171 0.1485312 0.1743625 0.1747337 0.2042203 0.1931316 0.1681099 0.1922866 0.1738518 0.3855500 0.3931710 0.1825095 0.1684708 0.1634329 
XM_028847034_1_PREDICTED_Macaca_mulatta_REV3_like_DNA_directed_polymerase_zeta_catalytic_subunit_REV3L_transcript_variant_X1_mRNA_1                        0.0153349 0.1484094 0.1838654 0.0000000 0.0913682 0.0664219 0.0153100 0.0825507 0.1162074 0.0000010 0.1024563 0.0767813 0.0704980 0.0880347 0.0625653 0.1238890 0.1008255 0.1119109 0.0773398 0.0318948 0.2653600 0.2591275 0.2169590 0.2394278 0.1358859 0.2130186 0.0966448 8.9999987 0.0705804 0.1154413 0.1366238 0.1342988 0.1427165 0.1811880 0.1425570 0.1725813 0.1408705 0.1667417 0.1350201 0.1326112 0.1133284 0.1197578 0.1129940 0.0791885 0.0790701 0.0774500 0.0770739 0.0843963 0.0808335 0.0856924 0.0824712 0.0824712 0.0847347 0.0664219 0.0783473 0.1077090 0.1061042 0.0632391 0.1059101 0.0946798 0.0799876 0.0646795 0.0632653 0.0647958 0.0649424 0.1202375 0.0650898 0.0680395 0.0899633 0.0930201 0.0913682 0.0914487 0.0903596 0.0871824 0.0922822 0.0748596 0.0858442 0.0858442 0.0826169 0.0749703 0.0717482 0.0701215 0.0764348 0.0779243 0.0764348 0.0743919 0.0749703 0.0714650 0.0698689 0.0762103 0.0731372 0.1404679 0.1089473 0.1026720 0.0792978 0.0704980 0.0686520 0.0988509 0.0859024 0.0958599 0.0981104 0.0884496 0.0824650 0.1000236 0.1027882 0.1315573 0.0879952 0.0875571 0.0936635 0.0645695 0.0757313 0.1881604 0.0696736 0.2218862 0.0087951 0.0075489 0.0037402 0.0012418 0.0012418 0.0075248 0.0075224 0.0508236 0.0153321 0.0140036 0.0220254 0.0140129 0.0140331 0.0286400 9.0000000 0.0343149 0.0314301 0.1444106 0.0564769 0.0580095 0.0845092 0.0829788 0.1395156 0.1034927 0.0761011 0.0712943 0.0776632 0.2954521 0.3098060 0.0933727 0.0566074 0.0746632 
XM_024996589_1_PREDICTED_Bos_taurus_REV3_like_DNA_directed_polymerase_zeta_catalytic_subunit_REV3L_transcript_variant_X1_mRNA_1                            0.0807603 0.1516758 0.1736063 0.0913682 0.0000000 0.0728710 0.0809188 0.0698107 0.1316248 0.0913682 0.1064112 0.0875269 0.0725045 0.0968376 0.0773633 0.1365079 0.1123147 0.1242554 0.0762526 0.0767483 0.2494301 0.2766258 0.2141456 0.2313461 0.1490884 0.2311556 0.0994601 9.0000000 0.0920426 0.1180136 0.1453197 0.1476826 0.1417148 0.1710370 0.1475387 0.1789112 0.1440803 0.1722127 0.1408144 0.1420670 0.1202854 0.1175822 0.1193702 0.0876140 0.0907444 0.0890721 0.0853959 0.0831390 0.0795088 0.0810741 0.0778796 0.0778796 0.0819948 0.0728710 0.0857587 0.1132262 0.1065344 0.0679281 0.1044526 0.0901118 0.0840777 0.0693812 0.0679566 0.0695053 0.0727862 0.1297028 0.0729550 0.0665763 0.0273954 0.0012419 0.0000010 0.0037474 0.0140158 0.0140381 0.0179847 0.0663933 0.0770836 0.0770836 0.0739492 0.0502513 0.0489102 0.0457354 0.0485581 0.0471862 0.0485581 0.0502821 0.0502513 0.0442910 0.0457354 0.0489683 0.0485208 0.1516898 0.1084942 0.0982037 0.0828172 0.0725045 0.0689642 0.0992922 0.0955352 0.0899391 0.1003634 0.0891979 0.0948014 0.0970015 0.1140690 0.1379307 0.0967928 0.1002661 0.1026651 0.0659724 0.0778732 0.1715805 0.0778479 0.2055978 0.0863304 0.0917613 0.0863691 0.0896814 0.0896814 0.0913267 0.0912853 0.1444275 0.0876947 0.0825576 0.0849060 0.0825576 0.0845219 0.0747994 9.0000000 0.0865751 0.0796542 0.1561761 0.0644201 0.0645646 0.0896824 0.0918546 0.1328465 0.1091078 0.0829683 0.0863885 0.0806111 0.2973136 0.3134806 0.0975738 0.0662491 0.0821904 
XM_014118216_3_PREDICTED_Canis_lupus_familiaris_REV3_like_DNA_directed_polymerase_zeta_catalytic_subunit_REV3L_transcript_variant_X1_mRNA_1                0.0644542 0.1301809 0.1719372 0.0664219 0.0728710 0.0000000 0.0643265 0.0725337 0.1160131 0.0664219 0.0595716 0.0361627 0.0520381 0.0663838 0.0687682 0.1201435 0.0921858 0.0911888 0.0722207 0.0709607 0.2397232 0.2605608 0.1985143 0.2152059 0.1423128 0.2244142 0.0899604 8.9999987 0.0656093 0.1060654 0.1249842 0.1322810 0.1321970 0.1693974 0.1308859 0.1695540 0.1292337 0.1680129 0.1230339 0.1233775 0.1028791 0.1080344 0.1038494 0.0804203 0.0802314 0.0786160 0.0783020 0.0517503 0.0486552 0.0500807 0.0471965 0.0471965 0.0534906 0.0000010 0.0375592 0.0674440 0.0627061 0.0193098 0.0640899 0.0609238 0.0389889 0.0219732 0.0193164 0.0206424 0.0260526 0.0667255 0.0247948 0.0247528 0.0764547 0.0744418 0.0728710 0.0746594 0.0749822 0.0751484 0.0800532 0.0633944 0.0740955 0.0740955 0.0709752 0.0649495 0.0543780 0.0558456 0.0588074 0.0571689 0.0588074 0.0604589 0.0649495 0.0571689 0.0587012 0.0653085 0.0557445 0.1302353 0.1015785 0.0816547 0.0615731 0.0520381 0.0503638 0.0847541 0.0859784 0.0955305 0.0858513 0.0783163 0.0851451 0.0859341 0.0865473 0.1021924 0.0663561 0.0731890 0.0715221 0.0566104 0.0706422 0.1623679 0.0644174 0.1945107 0.0648034 0.0697989 0.0648843 0.0648573 0.0648573 0.0663941 0.0663664 0.1141512 0.0675588 0.0658768 0.0694012 0.0597643 0.0584489 0.0677030 9.0000000 0.0744328 0.0724121 0.1475220 0.0577505 0.0578754 0.0742096 0.0667681 0.1302147 0.0977236 0.0678854 0.0601565 0.0601661 0.2913637 0.2935275 0.0520654 0.0505062 0.0682065 
XM_016956167_2_PREDICTED_Pan_troglodytes_REV3_like_DNA_directed_polymerase_zeta_catalytic_subunit_REV3L_transcript_variant_X1_mRNA_1                       0.0024928 0.1412543 0.1783214 0.0153100 0.0809188 0.0643265 0.0000000 0.0820226 0.1098598 0.0153100 0.0998148 0.0793429 0.0639295 0.0841607 0.0561949 0.1138178 0.0947804 0.1040552 0.0674980 0.0234897 0.2548965 0.2464608 0.2077599 0.2249737 0.1242138 0.2052850 0.0827776 8.9999987 0.0640057 0.1057467 0.1297418 0.1276142 0.1300709 0.1757071 0.1319787 0.1609849 0.1303131 0.1510943 0.1210639 0.1187869 0.1020599 0.1081902 0.1032925 0.0740495 0.0739381 0.0723477 0.0689207 0.0820429 0.0785371 0.0833297 0.0801518 0.0801518 0.0809092 0.0643265 0.0776502 0.1050859 0.1034070 0.0611876 0.0998424 0.0921748 0.0792738 0.0626116 0.0612125 0.0627233 0.0659089 0.1223952 0.0660576 0.0659194 0.0861248 0.0825213 0.0809188 0.0809815 0.0813345 0.0782319 0.0865056 0.0711995 0.0787796 0.0787796 0.0756268 0.0681234 0.0649829 0.0634017 0.0695664 0.0710267 0.0695664 0.0712877 0.0681234 0.0647298 0.0662929 0.0730828 0.0663567 0.1319620 0.0939233 0.0919060 0.0723889 0.0639295 0.0621533 0.0880931 0.0820799 0.0886223 0.0906985 0.0845463 0.0787723 0.0892699 0.0966894 0.1232487 0.0841236 0.0837835 0.0896738 0.0581130 0.0690633 0.1801436 0.0644440 0.2130093 0.0192371 0.0179924 0.0166164 0.0140036 0.0140036 0.0179216 0.0179156 0.0577197 0.0075425 0.0012418 0.0140108 0.0088007 0.0088130 0.0231216 9.0000000 0.0286450 0.0231561 0.1433537 0.0473566 0.0459118 0.0775227 0.0759537 0.1346599 0.0992908 0.0692789 0.0708587 0.0677131 0.2957370 0.3031579 0.0908782 0.0503649 0.0678566 
XM_021091238_1_PREDICTED_Sus_scrofa_REV3_like_DNA_directed_polymerase_zeta_catalytic_subunit_REV3L_transcript_variant_X1_mRNA_1                            0.0785600 0.1516704 0.1761768 0.0825507 0.0698107 0.0725337 0.0820226 0.0000000 0.1341583 0.0825507 0.1073081 0.0858349 0.0702590 0.0803124 0.0805839 0.1358408 0.1028885 0.1304826 0.0791689 0.0911272 0.2598038 0.2896163 0.2156232 0.2456182 0.1523741 0.2346262 0.1110455 8.9999987 0.0904137 0.1239672 0.1434010 0.1489946 0.1432968 0.1752659 0.1433686 0.1740100 0.1476933 0.1849868 0.1435587 0.1448442 0.1160346 0.1210259 0.1117123 0.0993833 0.0992386 0.0975009 0.0969857 0.0829558 0.0793379 0.0842801 0.0810036 0.0810036 0.0817925 0.0725337 0.0909425 0.1099596 0.1110529 0.0612322 0.1068840 0.0920478 0.0926876 0.0626912 0.0612578 0.0628059 0.0660715 0.1034926 0.0662244 0.0660822 0.0783245 0.0713708 0.0698107 0.0747262 0.0750489 0.0719814 0.0783372 0.0672988 0.0736324 0.0736324 0.0704690 0.0635650 0.0546316 0.0559039 0.0603017 0.0588679 0.0603017 0.0621861 0.0635650 0.0558024 0.0573322 0.0639154 0.0541822 0.1453752 0.1184021 0.0977377 0.0829095 0.0702590 0.0639421 0.0943882 0.0921032 0.0971863 0.1009708 0.0894669 0.0893613 0.0955938 0.1041102 0.1212431 0.0802762 0.0854443 0.0840530 0.0671773 0.0775162 0.2022362 0.0762593 0.2320941 0.0841529 0.0862072 0.0809164 0.0808803 0.0808803 0.0858756 0.0858367 0.1378517 0.0855337 0.0836878 0.0860441 0.0804362 0.0790833 0.0857070 9.0000000 0.0911965 0.0907746 0.1602316 0.0673555 0.0706599 0.0860695 0.0763771 0.1440367 0.1015017 0.0847906 0.0779206 0.0827814 0.2996887 0.3108374 0.1017906 0.0642878 0.0803408 
XM_040758199_1_PREDICTED_Mesocricetus_auratus_REV3_like_DNA_directed_polymerase_zeta_catalytic_subunit_Rev3l_transcript_variant_X1_mRNA_1                  0.1137225 0.0838525 0.1079406 0.1162074 0.1316248 0.1160131 0.1098598 0.1341583 0.0000000 0.1162074 0.1500730 0.1333856 0.1093368 0.1416067 0.1078547 0.0220293 0.1146994 0.0949172 0.1226941 0.1197478 0.3030092 0.2832080 0.2650947 0.2871256 0.1602181 0.2402498 0.1091631 8.9999987 0.0862454 0.1061622 0.0710484 0.0638846 0.1159041 0.1059322 0.0721186 0.1005834 0.0737096 0.0786502 0.0522799 0.0506214 0.1213762 0.1303486 0.1350327 0.0989734 0.1057231 0.1073864 0.0965902 0.1306901 0.1263448 0.1318362 0.1282118 0.1282118 0.1333886 0.1160131 0.1313216 0.1566981 0.1540910 0.1189794 0.1590544 0.1369742 0.1294046 0.1170628 0.1190381 0.1208133 0.1210318 0.1691012 0.1213722 0.1174940 0.1294736 0.1334430 0.1316248 0.1359837 0.1388731 0.1325329 0.1344336 0.1281240 0.1330706 0.1330706 0.1294156 0.1295187 0.1222468 0.1239054 0.1274374 0.1253377 0.1274374 0.1296344 0.1295187 0.1216099 0.1197583 0.1292092 0.1236873 0.1830650 0.1621321 0.1426994 0.1289519 0.1093368 0.1089669 0.1489095 0.1337319 0.1235807 0.1507146 0.1288087 0.1300702 0.1362871 0.1521372 0.1803565 0.1399254 0.1416211 0.1484321 0.1138739 0.1245414 0.2095749 0.1265361 0.2529845 0.1214896 0.1203121 0.1143261 0.1143823 0.1143823 0.1180737 0.1196449 0.1698770 0.1173421 0.1080755 0.1179991 0.1115440 0.1137967 0.1133968 9.0000000 0.1219010 0.1157243 0.1848823 0.0951086 0.0952635 0.1269142 0.1338982 0.1747862 0.1429938 0.1174646 0.1345812 0.1242791 0.3392266 0.3390429 0.1386587 0.1106091 0.1153883 
XM_015448392_1_PREDICTED_Macaca_fascicularis_REV3_like_DNA_directed_polymerase_zeta_catalytic_subunit_REV3L_transcript_variant_X1_mRNA_1                   0.0153349 0.1484094 0.1838654 0.0000010 0.0913682 0.0664219 0.0153100 0.0825507 0.1162074 0.0000000 0.1024563 0.0767813 0.0704980 0.0880347 0.0625653 0.1238890 0.1008255 0.1119109 0.0773398 0.0318948 0.2653600 0.2591275 0.2169590 0.2394278 0.1358859 0.2130186 0.0966448 8.9999987 0.0705804 0.1154413 0.1366238 0.1342988 0.1427165 0.1811880 0.1425570 0.1725813 0.1408705 0.1667417 0.1350201 0.1326112 0.1133284 0.1197578 0.1129940 0.0791885 0.0790701 0.0774500 0.0770739 0.0843963 0.0808335 0.0856924 0.0824712 0.0824712 0.0847347 0.0664219 0.0783473 0.1077090 0.1061042 0.0632391 0.1059101 0.0946798 0.0799876 0.0646795 0.0632653 0.0647958 0.0649424 0.1202375 0.0650898 0.0680395 0.0899633 0.0930201 0.0913682 0.0914487 0.0903596 0.0871824 0.0922822 0.0748596 0.0858442 0.0858442 0.0826169 0.0749703 0.0717482 0.0701215 0.0764348 0.0779243 0.0764348 0.0743919 0.0749703 0.0714650 0.0698689 0.0762103 0.0731372 0.1404679 0.1089473 0.1026720 0.0792978 0.0704980 0.0686520 0.0988509 0.0859024 0.0958599 0.0981104 0.0884496 0.0824650 0.1000236 0.1027882 0.1315573 0.0879952 0.0875571 0.0936635 0.0645695 0.0757313 0.1881604 0.0696736 0.2218862 0.0087951 0.0075489 0.0037402 0.0012418 0.0012418 0.0075248 0.0075224 0.0508236 0.0153321 0.0140036 0.0220254 0.0140129 0.0140331 0.0286400 9.0000000 0.0343149 0.0314301 0.1444106 0.0564769 0.0580095 0.0845092 0.0829788 0.1395156 0.1034927 0.0761011 0.0712943 0.0776632 0.2954521 0.3098060 0.0933727 0.0566074 0.0746632 
XM_004753515_2_PREDICTED_Mustela_putorius_furo_REV3_like_polymerase_DNA_directed_zeta_catalytic_subunit_REV3L_transcript_variant_X1_mRNA_1                 0.1000411 0.1782526 0.1945022 0.1024563 0.1064112 0.0595716 0.0998148 0.1073081 0.1500730 0.1024563 0.0000000 0.0753014 0.0912411 0.0924441 0.1028966 0.1564808 0.1376325 0.1365297 0.1033730 0.1043854 0.2726418 0.2801538 0.2443087 0.2575908 0.1799815 0.2707902 0.1100306 8.9999986 0.1065171 0.1411111 0.1673934 0.1682064 0.1557392 0.1875052 0.1664655 0.2010953 0.1727056 0.2178952 0.1499120 0.1503780 0.1444909 0.1482694 0.1444518 0.1052728 0.1051228 0.1032774 0.1062022 0.0824273 0.0820834 0.0836468 0.0804537 0.0804537 0.0845209 0.0595716 0.0768645 0.0304925 0.0075612 0.0567774 0.0996711 0.0856416 0.0785004 0.0597986 0.0568002 0.0582968 0.0628471 0.1073448 0.0615785 0.0584341 0.0980197 0.1081423 0.1064112 0.1044581 0.1090047 0.1076738 0.1094828 0.0992612 0.1110690 0.1110690 0.1076083 0.0994492 0.0960561 0.0942752 0.1010689 0.1026464 0.1010689 0.1030532 0.0994492 0.0956637 0.0973974 0.1035555 0.0974805 0.1370714 0.1386057 0.1092258 0.1041358 0.0912411 0.0940068 0.1167878 0.1143402 0.1096726 0.1124756 0.0992956 0.0989065 0.1112863 0.1034874 0.1261745 0.0924023 0.0966017 0.0947045 0.0883399 0.1016317 0.1576478 0.1035103 0.1859746 0.1006108 0.1029097 0.1007528 0.1007054 0.1007054 0.1024079 0.1023596 0.1540801 0.1035103 0.1015476 0.1006725 0.0947497 0.0934048 0.0952999 9.0000000 0.1063731 0.1015432 0.1594298 0.0856992 0.0887921 0.1077309 0.1066069 0.1442043 0.1366939 0.1006359 0.1024469 0.1102725 0.3256106 0.3422670 0.0155891 0.0843402 0.0997076 
XM_034668992_1_PREDICTED_Ailuropoda_melanoleuca_REV3_like_DNA_directed_polymerase_zeta_catalytic_subunit_REV3L_transcript_variant_X1_mRNA_1                0.0795104 0.1544185 0.1891595 0.0767813 0.0875269 0.0361627 0.0793429 0.0858349 0.1333856 0.0767813 0.0753014 0.0000000 0.0700932 0.0857390 0.0764863 0.1379252 0.1100551 0.1227661 0.0849154 0.0849784 0.2675986 0.2795639 0.2297604 0.2476303 0.1475264 0.2331021 0.1073948 8.9999987 0.0846510 0.1213718 0.1471156 0.1487743 0.1381926 0.1863948 0.1509539 0.1909393 0.1492359 0.1873035 0.1300505 0.1304304 0.1329569 0.1317975 0.1261861 0.0950848 0.0982886 0.0965700 0.0960654 0.0635586 0.0633019 0.0648055 0.0617514 0.0617514 0.0654559 0.0361627 0.0063043 0.0802202 0.0786643 0.0349081 0.0699021 0.0701362 0.0075816 0.0377506 0.0349210 0.0363332 0.0420757 0.0672523 0.0407977 0.0392889 0.0913016 0.0891845 0.0875269 0.0894643 0.0915034 0.0934568 0.1022399 0.0792511 0.0905712 0.0905712 0.0872622 0.0775406 0.0664907 0.0679632 0.0743281 0.0725618 0.0743281 0.0761191 0.0775406 0.0693229 0.0709386 0.0813322 0.0678969 0.1576814 0.1232584 0.0967317 0.0868274 0.0700932 0.0746008 0.0915896 0.0964187 0.1064791 0.0961866 0.0988105 0.0905256 0.0965958 0.0986399 0.1209217 0.0857003 0.0931950 0.0913776 0.0718521 0.0832546 0.1736481 0.0737078 0.2096997 0.0798443 0.0803256 0.0751866 0.0751540 0.0751540 0.0767478 0.0799876 0.1377588 0.0827793 0.0809756 0.0833032 0.0745526 0.0732180 0.0797313 9.0000000 0.0815097 0.0814235 0.1554129 0.0697816 0.0716364 0.0889961 0.0841794 0.1424348 0.1199574 0.0821543 0.0786427 0.0852265 0.3010730 0.3078811 0.0687374 0.0633212 0.0804384 
XM_015600069_2_PREDICTED_Pteropus_alecto_REV3_like_DNA_directed_polymerase_zeta_catalytic_subunit_REV3L_transcript_variant_X1_mRNA_1                       0.0640555 0.1350973 0.1687342 0.0704980 0.0725045 0.0520381 0.0639295 0.0702590 0.1093368 0.0704980 0.0912411 0.0700932 0.0000000 0.0678841 0.0639615 0.1133829 0.0930762 0.1107425 0.0580777 0.0645859 0.2493104 0.2655288 0.2129294 0.2347729 0.1373455 0.2260960 0.0847987 8.9999987 0.0668897 0.1038780 0.1290463 0.1250933 0.1345959 0.1679931 0.1276109 0.1662965 0.1295548 0.1542077 0.1297139 0.1273740 0.0989025 0.1077972 0.1050432 0.0721617 0.0720532 0.0673460 0.0701459 0.0656868 0.0624057 0.0669689 0.0639384 0.0639384 0.0645174 0.0520381 0.0716308 0.0962842 0.0928777 0.0476951 0.0878999 0.0791000 0.0732352 0.0490818 0.0477136 0.0491701 0.0520227 0.1107726 0.0523214 0.0522186 0.0697323 0.0740671 0.0725045 0.0742834 0.0746025 0.0715505 0.0829347 0.0599456 0.0673691 0.0673691 0.0643174 0.0614985 0.0570805 0.0555452 0.0584904 0.0568617 0.0584904 0.0601318 0.0614985 0.0538355 0.0553452 0.0604194 0.0584429 0.1137025 0.0932513 0.0773142 0.0582574 0.0000010 0.0167093 0.0742713 0.0757662 0.0754229 0.0788736 0.0708688 0.0739466 0.0646733 0.0881371 0.1047867 0.0678557 0.0710075 0.0730491 0.0461675 0.0565651 0.1725969 0.0656513 0.2167807 0.0688705 0.0707855 0.0658362 0.0689280 0.0689280 0.0704684 0.0704389 0.1197637 0.0671392 0.0654694 0.0658466 0.0593504 0.0610876 0.0597643 9.0000000 0.0677007 0.0643530 0.1480178 0.0428569 0.0444489 0.0658308 0.0635121 0.1253215 0.0959566 0.0660783 0.0628571 0.0675597 0.2898785 0.2943356 0.0809314 0.0417077 0.0620711 
XM_005883745_2_PREDICTED_Myotis_brandtii_REV3_like_polymerase_DNA_directed_zeta_catalytic_subunit_REV3L_transcript_variant_X1_mRNA_1                       0.0843410 0.1561877 0.1688646 0.0880347 0.0968376 0.0663838 0.0841607 0.0803124 0.1416067 0.0880347 0.0924441 0.0857390 0.0678841 0.0000000 0.0841355 0.1384197 0.1096837 0.1327356 0.0855715 0.0932053 0.2719740 0.2789957 0.2333881 0.2535851 0.1488829 0.2259921 0.1119537 8.9999986 0.0905228 0.1252526 0.1490257 0.1423305 0.1552596 0.1663378 0.1530465 0.1835870 0.1518800 0.1916946 0.1507608 0.1534507 0.1193964 0.1230582 0.1200516 0.0974588 0.0996291 0.0944995 0.0974003 0.0759502 0.0693408 0.0740381 0.0709205 0.0709205 0.0733150 0.0663838 0.0873462 0.0963691 0.0895902 0.0618450 0.0984136 0.0925469 0.0856617 0.0632838 0.0618705 0.0633978 0.0633118 0.1054215 0.0620102 0.0635508 0.0954233 0.0985148 0.0968376 0.0988297 0.1027769 0.0979526 0.1067658 0.0739545 0.0817553 0.0817553 0.0785332 0.0802462 0.0659478 0.0706716 0.0770353 0.0752650 0.0770353 0.0788324 0.0802462 0.0720247 0.0736411 0.0807121 0.0673419 0.1443627 0.1329919 0.0951008 0.0763054 0.0678841 0.0630013 0.0773746 0.0812193 0.0830048 0.0779017 0.0750982 0.0661064 0.0753027 0.0289117 0.0334404 0.0024905 0.0088458 0.0037627 0.0580067 0.0839274 0.1564486 0.0861376 0.1940947 0.0862853 0.0917111 0.0864013 0.0863626 0.0863626 0.0879952 0.0879556 0.1408811 0.0876485 0.0858128 0.0896871 0.0825887 0.0812537 0.0844977 9.0000000 0.0951053 0.0905745 0.1424445 0.0692769 0.0711140 0.0952400 0.0848306 0.1272587 0.1108179 0.0772480 0.0780568 0.0878109 0.3004741 0.3038998 0.0837523 0.0582456 0.0734935 
XM_006157005_3_PREDICTED_Tupaia_chinensis_REV3_like_DNA_directed_polymerase_zeta_catalytic_subunit_REV3L_transcript_variant_X3_mRNA_1                      0.0593213 0.1386980 0.1629164 0.0625653 0.0773633 0.0687682 0.0561949 0.0805839 0.1078547 0.0625653 0.1028966 0.0764863 0.0639615 0.0841355 0.0000000 0.1154002 0.0902522 0.1022360 0.0688616 0.0653362 0.2467252 0.2632094 0.2146718 0.2317766 0.1241808 0.2149636 0.0815159 8.9999987 0.0656427 0.0910433 0.1251787 0.1230856 0.1315732 0.1604303 0.1221066 0.1521764 0.1204571 0.1471986 0.1133250 0.1111191 0.1080260 0.1080562 0.1018919 0.0644025 0.0674132 0.0689783 0.0624725 0.0773612 0.0721883 0.0737131 0.0706079 0.0706079 0.0776950 0.0687682 0.0748010 0.1100607 0.1030148 0.0623314 0.0970536 0.0903132 0.0731894 0.0656777 0.0642719 0.0657946 0.0690129 0.1387493 0.0691705 0.0690237 0.0827891 0.0789474 0.0773633 0.0776970 0.0748513 0.0814944 0.0831486 0.0723253 0.0831118 0.0831118 0.0799449 0.0712169 0.0681083 0.0633813 0.0695445 0.0678429 0.0695445 0.0712663 0.0712169 0.0647091 0.0662728 0.0748378 0.0694858 0.1321304 0.1035520 0.0888569 0.0737961 0.0639615 0.0621839 0.0819901 0.0923664 0.0854402 0.0922737 0.0846716 0.0852700 0.0846412 0.1020261 0.1215755 0.0840984 0.0874153 0.0896473 0.0580952 0.0704291 0.1809320 0.0675094 0.2186717 0.0670904 0.0658594 0.0640776 0.0610336 0.0610336 0.0655682 0.0686465 0.1146006 0.0623573 0.0576975 0.0655161 0.0607227 0.0594174 0.0654622 9.0000000 0.0734975 0.0700977 0.1329738 0.0486801 0.0458643 0.0726136 0.0759303 0.1279518 0.0943191 0.0706785 0.0705311 0.0688150 0.2878949 0.2909657 0.0942669 0.0578661 0.0730003 
XM_027402162_2_PREDICTED_Cricetulus_griseus_REV3_like_DNA_directed_polymerase_zeta_catalytic_subunit_Rev3l_transcript_variant_X5_mRNA_1                    0.1177456 0.0735994 0.1016349 0.1238890 0.1365079 0.1201435 0.1138178 0.1358408 0.0220293 0.1238890 0.1564808 0.1379252 0.1133829 0.1384197 0.1154002 0.0000000 0.1130248 0.0915485 0.1305895 0.1202695 0.3167871 0.3050291 0.2757703 0.2983298 0.1671584 0.2493309 0.1112105 8.9999987 0.0932213 0.1101660 0.0612163 0.0541931 0.1230967 0.1030599 0.0658670 0.0951400 0.0676679 0.0799587 0.0446471 0.0430565 0.1288405 0.1331094 0.1261908 0.0993579 0.1021638 0.1038161 0.0969591 0.1351128 0.1306794 0.1362542 0.1325763 0.1325763 0.1378817 0.1201435 0.1358228 0.1638228 0.1605685 0.1231948 0.1645263 0.1420059 0.1338745 0.1212478 0.1232566 0.1250576 0.1252885 0.1782387 0.1235544 0.1216992 0.1338347 0.1383583 0.1365079 0.1404809 0.1450815 0.1386013 0.1405369 0.1325324 0.1375347 0.1375347 0.1338248 0.1302464 0.1229148 0.1245852 0.1281460 0.1260276 0.1281460 0.1303638 0.1302464 0.1222689 0.1204022 0.1299337 0.1243644 0.1777221 0.1730715 0.1473323 0.1333511 0.1133829 0.1129896 0.1536984 0.1381669 0.1299664 0.1532132 0.1250132 0.1226400 0.1408543 0.1472115 0.1770879 0.1367370 0.1384300 0.1452191 0.1123379 0.1324796 0.2135245 0.1272319 0.2547992 0.1256357 0.1244628 0.1183752 0.1220225 0.1220225 0.1221771 0.1237643 0.1728644 0.1214169 0.1120083 0.1221001 0.1155219 0.1178211 0.1138734 9.0000000 0.1224396 0.1145923 0.1945230 0.0955582 0.0990899 0.1312640 0.1383999 0.1694586 0.1476978 0.1236776 0.1352090 0.1249536 0.3579159 0.3611642 0.1447802 0.1166660 0.1132416 
XM_013069186_2_PREDICTED_Heterocephalus_glaber_REV3_like_DNA_directed_polymerase_zeta_catalytic_subunit_Rev3l_transcript_variant_X1_mRNA_1                 0.0984299 0.1364717 0.1792257 0.1008255 0.1123147 0.0921858 0.0947804 0.1028885 0.1146994 0.1008255 0.1376325 0.1100551 0.0930762 0.1096837 0.0902522 0.1130248 0.0000000 0.0957129 0.1026133 0.1046909 0.2894274 0.3053433 0.2448560 0.2635831 0.1629967 0.2602020 0.1227729 8.9999986 0.0713784 0.1024006 0.1228919 0.1297452 0.1333275 0.1765606 0.1254973 0.1639772 0.1239505 0.1506283 0.1244204 0.1220916 0.0572504 0.0686753 0.0416951 0.0848615 0.0843838 0.0827323 0.0794516 0.1066492 0.1027432 0.1045064 0.1045064 0.1045064 0.1074523 0.0921858 0.1117714 0.1458155 0.1416883 0.0887537 0.1326576 0.1158510 0.1136040 0.0869863 0.0887942 0.0904511 0.0872817 0.1313506 0.0875007 0.0906105 0.1185912 0.1140750 0.1123147 0.1144612 0.1134251 0.1116332 0.1192232 0.1015828 0.1099039 0.1099039 0.1099039 0.1107182 0.0967743 0.1053679 0.1071570 0.1051794 0.1071570 0.1091980 0.1107182 0.1032163 0.1049915 0.1129879 0.0982078 0.1763002 0.1427397 0.1205978 0.1082747 0.0930762 0.0928301 0.1222437 0.1218537 0.1176700 0.1254808 0.1170481 0.1123632 0.1071965 0.1257040 0.1466195 0.1132183 0.1116538 0.1142025 0.0869587 0.1043719 0.2040199 0.0938407 0.2444552 0.0922707 0.0977729 0.0956632 0.0990822 0.0990822 0.1007781 0.1007307 0.1519932 0.1018842 0.0964905 0.1039685 0.0930778 0.0951469 0.1034924 9.0000000 0.1111966 0.1037152 0.1940439 0.0764495 0.0797636 0.1044003 0.1022388 0.1645524 0.1343877 0.1059737 0.1081033 0.1048434 0.3526778 0.3537528 0.1297271 0.0875442 0.0997717 
XM_008852401_2_PREDICTED_Nannospalax_galili_REV3_like_DNA_directed_polymerase_zeta_catalytic_subunit_Rev3l_transcript_variant_X1_mRNA_1                    0.1078372 0.1171515 0.1401846 0.1119109 0.1242554 0.0911888 0.1040552 0.1304826 0.0949172 0.1119109 0.1365297 0.1227661 0.1107425 0.1327356 0.1022360 0.0915485 0.0957129 0.0000000 0.1223597 0.1106286 0.2837658 0.2829720 0.2441685 0.2519165 0.1747641 0.2599153 0.1266020 8.9999987 0.0794939 0.0984430 0.1044327 0.1139544 0.1164172 0.1379191 0.1081369 0.1430784 0.1031435 0.1419617 0.0964582 0.0944154 0.1087746 0.1066846 0.1096221 0.0937928 0.0913524 0.0881849 0.0881849 0.1191702 0.1151062 0.1169230 0.1169230 0.1169230 0.1217263 0.0911888 0.1171769 0.1531198 0.1442937 0.0971058 0.1463467 0.1278604 0.1190316 0.0990140 0.0971509 0.0988380 0.0955377 0.1564506 0.0957828 0.0955517 0.1286145 0.1224690 0.1242554 0.1264864 0.1234729 0.1236837 0.1293251 0.1147397 0.1268976 0.1268976 0.1232949 0.1180836 0.1089864 0.1106178 0.1160776 0.1140473 0.1160776 0.1181841 0.1180836 0.1104221 0.1122306 0.1204291 0.1104221 0.1875490 0.1542801 0.1306080 0.1170564 0.1107425 0.1049535 0.1453753 0.1347706 0.1342802 0.1419614 0.1285044 0.1259892 0.1350908 0.1478530 0.1737308 0.1326677 0.1386496 0.1394122 0.1033708 0.1242028 0.2360769 0.1148318 0.2707128 0.1101108 0.1143796 0.1085636 0.1101108 0.1101108 0.1118565 0.1118022 0.1524815 0.1113951 0.1058166 0.1155846 0.1023499 0.1025706 0.1114860 9.0000000 0.1142276 0.1136826 0.1922433 0.0982703 0.0984320 0.1147033 0.1121655 0.1628292 0.1253691 0.1059246 0.1134072 0.1007963 0.3506960 0.3506712 0.1328392 0.0999984 0.1029360 
XM_023650934_1_PREDICTED_Equus_caballus_REV3_like_DNA_directed_polymerase_zeta_catalytic_subunit_REV3L_transcript_variant_X1_mRNA_1                        0.0707788 0.1437777 0.1667579 0.0773398 0.0762526 0.0722207 0.0674980 0.0791689 0.1226941 0.0773398 0.1033730 0.0849154 0.0580777 0.0855715 0.0688616 0.1305895 0.1026133 0.1223597 0.0000000 0.0758871 0.2543215 0.2627382 0.2122482 0.2293950 0.1266758 0.2200239 0.1003529 8.9999987 0.0831402 0.1186657 0.1412855 0.1332467 0.1415943 0.1676050 0.1380708 0.1692710 0.1400891 0.1657268 0.1326186 0.1302419 0.1092907 0.1162699 0.1129394 0.0822293 0.0821076 0.0804806 0.0738146 0.0888186 0.0852262 0.0868715 0.0868715 0.0868715 0.0877049 0.0722207 0.0849913 0.1046057 0.1008176 0.0645311 0.0886164 0.0752152 0.0866605 0.0643012 0.0628962 0.0644160 0.0693174 0.1215384 0.0694763 0.0693283 0.0813169 0.0778394 0.0762526 0.0780701 0.0751500 0.0753169 0.0835475 0.0630136 0.0704250 0.0704250 0.0673542 0.0698402 0.0653077 0.0637197 0.0667441 0.0650533 0.0667441 0.0684530 0.0698402 0.0619334 0.0603841 0.0702318 0.0666881 0.1230391 0.1019807 0.0922672 0.0775720 0.0580777 0.0563943 0.0808611 0.0956981 0.0853393 0.0936216 0.0892977 0.0921297 0.0790686 0.1058642 0.1273289 0.0855337 0.0855402 0.0910898 0.0644476 0.0012418 0.1659606 0.0724182 0.2069986 0.0694267 0.0776610 0.0725665 0.0757313 0.0757313 0.0741616 0.0741299 0.1183975 0.0739408 0.0659397 0.0757104 0.0721536 0.0740092 0.0771677 9.0000000 0.0855780 0.0787566 0.1423218 0.0564259 0.0519806 0.0792528 0.0749124 0.1200244 0.0982045 0.0774105 0.0758441 0.0743106 0.2968248 0.3104580 0.0947088 0.0462805 0.0751373 
XM_035296530_1_PREDICTED_Callithrix_jacchus_REV3_like_DNA_directed_polymerase_zeta_catalytic_subunit_REV3L_transcript_variant_X1_mRNA_1                    0.0262614 0.1522274 0.1879824 0.0318948 0.0767483 0.0709607 0.0234897 0.0911272 0.1197478 0.0318948 0.1043854 0.0849784 0.0645859 0.0932053 0.0653362 0.1202695 0.1046909 0.1106286 0.0758871 0.0000000 0.2556439 0.2552195 0.2159566 0.2382200 0.1342397 0.2141677 0.0879325 8.9999987 0.0691500 0.1137831 0.1403542 0.1418986 0.1434219 0.1852739 0.1442365 0.1765643 0.1425502 0.1667231 0.1388461 0.1364043 0.1036599 0.1058640 0.1115020 0.0744653 0.0726220 0.0727518 0.0724039 0.0825855 0.0808213 0.0856796 0.0824587 0.0824587 0.0832480 0.0709607 0.0832409 0.1123007 0.1080565 0.0658050 0.1058952 0.0895097 0.0849025 0.0708965 0.0694691 0.0710232 0.0722749 0.1317445 0.0724422 0.0722861 0.0885421 0.0783480 0.0767483 0.0768052 0.0836900 0.0805497 0.0889424 0.0727828 0.0836474 0.0836474 0.0804570 0.0734417 0.0734478 0.0718107 0.0749045 0.0763897 0.0749045 0.0766764 0.0734417 0.0699542 0.0715520 0.0785279 0.0748397 0.1294274 0.1016977 0.0892460 0.0778322 0.0645859 0.0627614 0.0912865 0.0879804 0.0912987 0.0931324 0.0887532 0.0843589 0.0890988 0.1062039 0.1337535 0.0931627 0.0950497 0.0989463 0.0662608 0.0774990 0.1937609 0.0696331 0.2329441 0.0332747 0.0320152 0.0277295 0.0304969 0.0304969 0.0318832 0.0318716 0.0753863 0.0276817 0.0248501 0.0304912 0.0248501 0.0276316 0.0141831 9.0000000 0.0209166 0.0154960 0.1544705 0.0532743 0.0518066 0.0830283 0.0814275 0.1329402 0.1037999 0.0777778 0.0773397 0.0793820 0.2995154 0.3158810 0.0967821 0.0552559 0.0748881 
XM_007484437_2_PREDICTED_Monodelphis_domestica_REV3_like_DNA_directed_polymerase_zeta_catalytic_subunit_REV3L_transcript_variant_X1_mRNA_1                 0.2539793 0.2844355 0.3595523 0.2653600 0.2494301 0.2397232 0.2548965 0.2598038 0.3030092 0.2653600 0.2726418 0.2675986 0.2493104 0.2719740 0.2467252 0.3167871 0.2894274 0.2837658 0.2543215 0.2556439 0.0000000 0.0876831 0.0594284 0.0618805 0.3282373 0.4306996 0.2715903 9.0000000 0.2528510 0.2710196 0.2904150 0.3349633 0.3152136 0.3491896 0.3096851 0.3540312 0.3070024 0.3731817 0.3162426 0.3177563 0.3258818 0.3324753 0.3076226 0.2687499 0.2684769 0.2678654 0.2655574 0.2519742 0.2403872 0.2401369 0.2429782 0.2429782 0.2516188 0.2397232 0.2722450 0.2797010 0.2728883 0.2429573 0.2808943 0.2626106 0.2695136 0.2429573 0.2409493 0.2385381 0.2437252 0.3345810 0.2447533 0.2494566 0.2605494 0.2519062 0.2494301 0.2540413 0.2631040 0.2565271 0.2538511 0.2598799 0.2638996 0.2638996 0.2589337 0.2339272 0.2265619 0.2327355 0.2278067 0.2276590 0.2278067 0.2339079 0.2339272 0.2276590 0.2301768 0.2311333 0.2220296 0.3175072 0.2936052 0.2623926 0.2309862 0.2493104 0.2418958 0.2868281 0.2697846 0.2765242 0.2837462 0.2676868 0.2984188 0.2811252 0.2732946 0.3374383 0.2688252 0.2808282 0.2772487 0.2600899 0.2569352 0.3797417 0.2328674 0.4315106 0.2593639 0.2709944 0.2626610 0.2626610 0.2626610 0.2622246 0.2620475 0.3330295 0.2665141 0.2575397 0.2686084 0.2525996 0.2535140 0.2508135 9.0000000 0.2665985 0.2577092 0.3330747 0.2440705 0.2494512 0.2563370 0.2500195 0.2896788 0.2719244 0.2644973 0.2658902 0.2592908 0.2594453 0.2598140 0.2752332 0.2394946 0.2603656 
XM_031964400_1_PREDICTED_Sarcophilus_harrisii_REV3_like_DNA_directed_polymerase_zeta_catalytic_subunit_REV3L_transcript_variant_X1_mRNA_1                  0.2455646 0.2977698 0.3668266 0.2591275 0.2766258 0.2605608 0.2464608 0.2896163 0.2832080 0.2591275 0.2801538 0.2795639 0.2655288 0.2789957 0.2632094 0.3050291 0.3053433 0.2829720 0.2627382 0.2552195 0.0876831 0.0000000 0.0643487 0.0668653 0.3235988 0.4213160 0.2704414 6.1087313 0.2487566 0.2749512 0.2938936 0.3429701 0.3128819 0.3561973 0.3099607 0.3418513 0.3058065 0.3721502 0.3110822 0.3160939 0.3304788 0.3385930 0.3251030 0.2662902 0.2712040 0.2705723 0.2610732 0.2792134 0.2668693 0.2674970 0.2696059 0.2696059 0.2736392 0.2605608 0.2796382 0.2924303 0.2856988 0.2607191 0.2943166 0.2802492 0.2768172 0.2607191 0.2586203 0.2560879 0.2616136 0.3444002 0.2595931 0.2676520 0.2725295 0.2792505 0.2766258 0.2781903 0.2835025 0.2733701 0.2761946 0.2794268 0.2812187 0.2812187 0.2760120 0.2651602 0.2549857 0.2609506 0.2659954 0.2636918 0.2659954 0.2706929 0.2651602 0.2582201 0.2609506 0.2674664 0.2541924 0.3398212 0.3032501 0.2875305 0.2494509 0.2655288 0.2631559 0.2932559 0.2965692 0.2970962 0.3060435 0.2946496 0.2964055 0.2883543 0.2736506 0.3424017 0.2820789 0.2905730 0.2902536 0.2729041 0.2654575 0.3883766 0.2587000 0.4524965 0.2542596 0.2627018 0.2542596 0.2563806 0.2563806 0.2515299 0.2536449 0.3213049 0.2582202 0.2491430 0.2654736 0.2491430 0.2500626 0.2448969 9.0000000 0.2641340 0.2596335 0.3299392 0.2525836 0.2473954 0.2871982 0.2623548 0.3124730 0.2782350 0.2643867 0.2816351 0.2752456 0.2466976 0.2434811 0.2855288 0.2500828 0.2691442 
XM_036766364_1_PREDICTED_Trichosurus_vulpecula_REV3_like_DNA_directed_polymerase_zeta_catalytic_subunit_REV3L_transcript_variant_X1_mRNA_1                 0.2070885 0.2675611 0.3264812 0.2169590 0.2141456 0.1985143 0.2077599 0.2156232 0.2650947 0.2169590 0.2443087 0.2297604 0.2129294 0.2333881 0.2146718 0.2757703 0.2448560 0.2441685 0.2122482 0.2159566 0.0594284 0.0643487 0.0000000 0.0302455 0.2811509 0.3758802 0.2370411 9.0000000 0.2030934 0.2432832 0.2567947 0.2921048 0.2643997 0.3276473 0.2710533 0.3011069 0.2683616 0.3208220 0.2767722 0.2726935 0.2739426 0.2844643 0.2598651 0.2306161 0.2303553 0.2278653 0.2260407 0.2212672 0.2103556 0.2108637 0.2128201 0.2128201 0.2209592 0.1985143 0.2298572 0.2432743 0.2445453 0.2011514 0.2437067 0.2246828 0.2272931 0.2011514 0.1992320 0.1969614 0.2016945 0.2976883 0.2024761 0.2070424 0.2185252 0.2164797 0.2141456 0.2202463 0.2218360 0.2158959 0.2183924 0.2198930 0.2217341 0.2217341 0.2170726 0.1974599 0.1904443 0.1940894 0.1984939 0.1964631 0.1984939 0.2022489 0.1974599 0.1917264 0.1940894 0.2010210 0.1883550 0.2869375 0.2590261 0.2363811 0.2068577 0.2129294 0.2059545 0.2444006 0.2344432 0.2422297 0.2441697 0.2265620 0.2515700 0.2437514 0.2367626 0.2963802 0.2332344 0.2389552 0.2432882 0.2192497 0.2146717 0.3483489 0.2000100 0.3917889 0.2095423 0.2200514 0.2125154 0.2144759 0.2144759 0.2121401 0.2120036 0.2759578 0.2182751 0.2101914 0.2199567 0.2055992 0.2062665 0.2114360 9.0000000 0.2211143 0.2176956 0.2942599 0.2061033 0.2012647 0.2238883 0.2129643 0.2581950 0.2383888 0.2196951 0.2196692 0.2142835 0.2239583 0.2349352 0.2422087 0.1972442 0.2141852 
XM_027848601_1_PREDICTED_Vombatus_ursinus_REV3_like_DNA_directed_polymerase_zeta_catalytic_subunit_REV3L_transcript_variant_X1_mRNA_1                      0.2242181 0.2797668 0.3453383 0.2394278 0.2313461 0.2152059 0.2249737 0.2456182 0.2871256 0.2394278 0.2575908 0.2476303 0.2347729 0.2535851 0.2317766 0.2983298 0.2635831 0.2519165 0.2293950 0.2382200 0.0618805 0.0668653 0.0302455 0.0000000 0.3016118 0.3957165 0.2479068 9.0000000 0.2274176 0.2557945 0.2728712 0.3152322 0.2889603 0.3351928 0.2847571 0.3299696 0.2820164 0.3507713 0.2886657 0.2844756 0.2899957 0.3005759 0.2754849 0.2510876 0.2528178 0.2502462 0.2434253 0.2389363 0.2276510 0.2223714 0.2251273 0.2251273 0.2386014 0.2152059 0.2477194 0.2547296 0.2578320 0.2229231 0.2495754 0.2403322 0.2450871 0.2229231 0.2209583 0.2186143 0.2235792 0.3054812 0.2244860 0.2291286 0.2357420 0.2337343 0.2313461 0.2376885 0.2394275 0.2383899 0.2358150 0.2452835 0.2470852 0.2470852 0.2422643 0.2194170 0.2100999 0.2158192 0.2203814 0.2182861 0.2203814 0.2243935 0.2194170 0.2133629 0.2158192 0.2232721 0.2098108 0.3115039 0.2827211 0.2566737 0.2215248 0.2347729 0.2275787 0.2647784 0.2440228 0.2570881 0.2549397 0.2409380 0.2773092 0.2622090 0.2490693 0.3224514 0.2534159 0.2591833 0.2639476 0.2364007 0.2318874 0.3416756 0.2231563 0.4039481 0.2317426 0.2427065 0.2348499 0.2368555 0.2368555 0.2344477 0.2342938 0.2898039 0.2358594 0.2274761 0.2425308 0.2274761 0.2282510 0.2335514 9.0000000 0.2437666 0.2401312 0.3075277 0.2177105 0.2181504 0.2416409 0.2292112 0.2627421 0.2563648 0.2289787 0.2390718 0.2269081 0.2303067 0.2388464 0.2554439 0.2178928 0.2336528 
