135
NM_001372078_1_Homo_sapiens_REV3_like_DNA_directed_polymerase_zeta_catalytic_subunit_REV3L_transcript_variant_4_mRNA_1                                     0.0000000 0.0327100 0.0876400 0.0185446 0.0546959 0.0810822 0.0060302 0.0712690 0.0844795 0.0185446 0.0623002 0.0545591 0.0815186 0.1083853 0.0629929 0.1013485 0.0706031 0.0623779 0.0826190 0.4427875 0.0316730 0.4083424 0.4365261 0.3586462 0.0556822 0.0634204 0.0549311 0.1498101 0.0783792 0.0553312 0.0470341 0.0536935 0.0647282 0.0876400 0.1260868 0.0621777 0.0461764 0.0686766 0.0612172 0.0612172 0.0786487 0.0787866 0.0757485 0.0471508 0.0752032 0.0482321 0.0471508 0.0770592 0.0729727 0.0556278 0.0556278 0.0770592 0.0556278 0.0546959 0.0635246 0.0702613 0.0623002 0.0700445 0.0730844 0.0715818 0.0623166 0.0623166 0.0635246 0.0702232 0.0702232 0.0702232 0.0864815 0.0702232 0.0781568 0.0879073 0.0712690 0.0810822 0.0856453 0.0793578 0.0876252 0.0879073 0.0793578 0.0546012 0.0472097 0.0646181 0.0472097 0.0621594 0.0621594 0.0698849 0.0698849 0.0546012 0.0699409 0.0919446 0.1714356 0.1039127 0.0993391 0.0815186 0.0700067 0.0902828 0.1203049 0.1397990 0.1171570 0.1171258 0.0877734 0.0546537 0.0971782 0.0988857 0.1081855 0.0992166 0.1425857 0.0635588 0.0916334 0.1034933 0.0772459 0.0846933 0.0250594 0.0254241 0.0060302 0.0188867 0.0185446 0.0185446 0.0250594 0.0385204 0.0392076 0.0250594 0.1929725 0.0545336 0.0392418 0.0813924 0.0728414 0.1545053 0.0985221 0.0967490 0.0860098 0.0793796 0.3478584 0.4052452 0.0480371 0.0702232 0.0781773 
NM_011264_3_Mus_musculus_REV3_like_DNA_directed_polymerase_zeta_catalytic_subunit_Rev3l_mRNA_1                                                             0.0327100 0.0000000 0.0628483 0.0397408 0.0621575 0.0894158 0.0257962 0.0792156 0.0682899 0.0397408 0.0699212 0.0620011 0.0898984 0.1173469 0.0729097 0.0842962 0.0784447 0.0545591 0.0789662 0.3761696 0.0543954 0.3488068 0.3727151 0.3040179 0.0633064 0.0712094 0.0624252 0.1359394 0.0946303 0.0186764 0.0121420 0.0390512 0.0565660 0.0628483 0.0915704 0.0396834 0.0389677 0.0532858 0.0609609 0.0609609 0.0866525 0.0868044 0.0863670 0.0544350 0.0857396 0.0556946 0.0544350 0.0879300 0.0811516 0.0632453 0.0632453 0.0879300 0.0711414 0.0621575 0.0713275 0.0780628 0.0699212 0.0778200 0.0812770 0.0795646 0.0699395 0.0699395 0.0713275 0.0780195 0.0780195 0.0780195 0.0946068 0.0780195 0.0861076 0.0962113 0.0792156 0.0894158 0.0964181 0.0874695 0.0959004 0.0962113 0.0874695 0.0620498 0.0545046 0.0748533 0.0545046 0.0697621 0.0697621 0.0776417 0.0776417 0.0620498 0.0777048 0.1007356 0.1841259 0.1132260 0.1081206 0.0898984 0.0777770 0.0988626 0.1297169 0.1495623 0.1262577 0.1262244 0.0960636 0.0621087 0.1057155 0.1076270 0.1171308 0.1079896 0.1556547 0.0713669 0.0874693 0.1119445 0.0881399 0.0926112 0.0470341 0.0478104 0.0257962 0.0405580 0.0397408 0.0397408 0.0470341 0.0620781 0.0633270 0.0470341 0.1716822 0.0619706 0.0462304 0.0897580 0.0810045 0.1677298 0.0892764 0.1078054 0.0940884 0.0874924 0.3321807 0.3879217 0.0554839 0.0780195 0.0861300 
XM_006256524_2_PREDICTED_Rattus_norvegicus_REV3_like_DNA_directed_polymerase_zeta_catalytic_subunit_Rev3l_transcript_variant_X1_mRNA_1                     0.0876400 0.0628483 0.0000000 0.0790986 0.1050533 0.1094170 0.0791635 0.1069379 0.0937520 0.0790986 0.0962019 0.0874611 0.1195142 0.1293429 0.0727473 0.0939465 0.1057168 0.0793501 0.1416860 0.4392990 0.0790986 0.4041721 0.4329938 0.3531700 0.0894924 0.0981708 0.0880796 0.1356018 0.1049867 0.0483054 0.0475370 0.0617908 0.0739515 0.0000010 0.0928667 0.0330174 0.0616522 0.0773315 0.0858295 0.0858295 0.1333663 0.1149134 0.1089813 0.0791628 0.0855405 0.0810965 0.0791628 0.0877199 0.1098196 0.0894070 0.0894070 0.0877199 0.0980781 0.1050533 0.0983421 0.1051813 0.0962019 0.1048381 0.1099996 0.1074265 0.0960875 0.0960875 0.0983421 0.1051173 0.1051173 0.1051173 0.1232877 0.1051173 0.1139519 0.1162719 0.0979920 0.1094170 0.0961928 0.1068429 0.1158814 0.1162719 0.1068429 0.1048655 0.0962273 0.0966321 0.0962273 0.0959733 0.0959733 0.1045875 0.1045875 0.0875350 0.0872545 0.1322062 0.1836721 0.1470477 0.1396671 0.1195142 0.1047744 0.1294372 0.1535265 0.1748323 0.1287707 0.1490887 0.1254370 0.0876170 0.1168619 0.1097489 0.1290993 0.1195142 0.1280703 0.0984024 0.1524871 0.1422338 0.1114003 0.1204372 0.0875659 0.0892755 0.0791635 0.0985469 0.0961433 0.0961433 0.0710384 0.0875659 0.0895156 0.0710384 0.1737673 0.0874102 0.0696996 0.1292476 0.1288490 0.1672909 0.0997916 0.1075511 0.1225841 0.1022928 0.3568777 0.4168118 0.0808574 0.1051173 0.1139815 
XM_028847034_1_PREDICTED_Macaca_mulatta_REV3_like_DNA_directed_polymerase_zeta_catalytic_subunit_REV3L_transcript_variant_X1_mRNA_1                        0.0185446 0.0397408 0.0790986 0.0000000 0.0471384 0.0725243 0.0121992 0.0631457 0.0763278 0.0000010 0.0545448 0.0470218 0.0729113 0.0990407 0.0529602 0.0927765 0.0625837 0.0546137 0.0738548 0.4248639 0.0249845 0.3918170 0.4192779 0.3426268 0.0479630 0.0554965 0.0473397 0.1363726 0.0701866 0.0630513 0.0397116 0.0462989 0.0566243 0.0790986 0.1170436 0.0544394 0.0390073 0.0609160 0.0536263 0.0536263 0.0704239 0.0705461 0.0649418 0.0398079 0.0644821 0.0407080 0.0398079 0.0660063 0.0646137 0.0479159 0.0479159 0.0660063 0.0479159 0.0471384 0.0555862 0.0622838 0.0545448 0.0620943 0.0647112 0.0634204 0.0545591 0.0545591 0.0555862 0.0622512 0.0622512 0.0622512 0.0780930 0.0622512 0.0699884 0.0793367 0.0631457 0.0725243 0.0746138 0.0710266 0.0790853 0.0793367 0.0710266 0.0470572 0.0398562 0.0542718 0.0398562 0.0544229 0.0544229 0.0619544 0.0619544 0.0470572 0.0620030 0.1009866 0.1578421 0.0942500 0.0902278 0.0729113 0.0620618 0.0814260 0.1104410 0.1294655 0.1076238 0.1075950 0.0792170 0.0471028 0.0883209 0.0898196 0.0988590 0.0901168 0.1288264 0.0556151 0.0825961 0.0946857 0.0661676 0.0765194 0.0060287 0.0061092 0.0121992 0.0254841 0.0250120 0.0250120 0.0185324 0.0316510 0.0322003 0.0185324 0.1814981 0.0470010 0.0322270 0.0728001 0.0644984 0.1404966 0.0894919 0.0853530 0.0776717 0.0710468 0.3329585 0.3888278 0.0405339 0.0622512 0.0700067 
XM_014118216_3_PREDICTED_Canis_lupus_familiaris_REV3_like_DNA_directed_polymerase_zeta_catalytic_subunit_REV3L_transcript_variant_X1_mRNA_1                0.0546959 0.0621575 0.1050533 0.0471384 0.0000000 0.0726545 0.0471740 0.0478766 0.1094515 0.0471384 0.0315868 0.0121616 0.0730428 0.0992249 0.0837729 0.1274419 0.0870084 0.0782938 0.0739901 0.4606033 0.0622185 0.3932880 0.4208519 0.3439746 0.0534906 0.0608654 0.0705263 0.1770275 0.1035871 0.0877740 0.0621087 0.0766104 0.0646732 0.1050533 0.1259864 0.0780407 0.0609141 0.0925947 0.0846796 0.0846796 0.0954353 0.0956054 0.0981128 0.0471128 0.0751206 0.0481924 0.0471128 0.0339337 0.0396905 0.0253411 0.0253411 0.0339337 0.0320412 0.0000010 0.0187909 0.0384327 0.0315868 0.0249337 0.0470625 0.0462157 0.0060178 0.0060178 0.0187909 0.0249913 0.0249913 0.0249913 0.0384152 0.0384152 0.0315868 0.0794774 0.0632555 0.0726545 0.0747852 0.0711511 0.0792247 0.0794774 0.0711511 0.0471360 0.0399224 0.0543938 0.0399224 0.0545149 0.0545149 0.0620599 0.0620599 0.0471360 0.0621087 0.1203305 0.1851406 0.1137423 0.1085891 0.0730428 0.0621677 0.0815745 0.1106533 0.1297180 0.1078249 0.1077960 0.0793578 0.0623576 0.0884800 0.0899846 0.0990425 0.0902828 0.1291601 0.0480000 0.0827494 0.0700615 0.1002235 0.0686928 0.0546537 0.0555862 0.0471740 0.0636889 0.0623002 0.0623002 0.0546537 0.0701289 0.0715831 0.0546537 0.2157796 0.0700067 0.0536913 0.0901412 0.0813477 0.1687205 0.1076913 0.1083956 0.0944728 0.0878561 0.3626577 0.4215596 0.0406023 0.0384152 0.0864816 
XM_024996589_1_PREDICTED_Bos_taurus_REV3_like_DNA_directed_polymerase_zeta_catalytic_subunit_REV3L_transcript_variant_X1_mRNA_1                            0.0810822 0.0894158 0.1094170 0.0725243 0.0726545 0.0000000 0.0725850 0.0550857 0.1046888 0.0725243 0.0644227 0.0563564 0.0725230 0.0809434 0.0855513 0.1232241 0.0992280 0.0726557 0.0907458 0.4581034 0.0725243 0.4225211 0.4512826 0.3724836 0.0827983 0.0915288 0.0814959 0.1823236 0.1170246 0.0788695 0.0723920 0.0710643 0.0937548 0.1094170 0.1506270 0.0894929 0.0708997 0.0873957 0.0792909 0.0792909 0.1271735 0.1085000 0.1248483 0.0644402 0.0881094 0.0660157 0.0644402 0.0675383 0.0756797 0.0575065 0.0575065 0.0675383 0.0655672 0.0726545 0.0657449 0.0727368 0.0644227 0.0725033 0.0643682 0.0630914 0.0810125 0.0810125 0.0657449 0.0726956 0.0726956 0.0726956 0.0897183 0.0726956 0.0809905 0.0186606 0.0060639 0.0000010 0.0080301 0.0122663 0.0186100 0.0186606 0.0122663 0.0467636 0.0396101 0.0430909 0.0396101 0.0256629 0.0256629 0.0324613 0.0324613 0.0325395 0.0324845 0.1098759 0.1647940 0.1229286 0.1172453 0.0725230 0.0617469 0.0809900 0.0791056 0.0957616 0.0773380 0.0773179 0.0626778 0.0619344 0.0711701 0.0722909 0.0807966 0.0725230 0.0879407 0.0403300 0.0999350 0.1076013 0.1278661 0.0877740 0.0810130 0.0825958 0.0725850 0.0918878 0.0896320 0.0896320 0.0644421 0.0810130 0.0828218 0.0644421 0.2280880 0.0808659 0.0632284 0.0984387 0.0981462 0.1482901 0.0979673 0.0934697 0.0938229 0.0872400 0.3600382 0.4184639 0.0403275 0.0726956 0.0858862 
XM_016956167_2_PREDICTED_Pan_troglodytes_REV3_like_DNA_directed_polymerase_zeta_catalytic_subunit_REV3L_transcript_variant_X1_mRNA_1                       0.0060302 0.0257962 0.0791635 0.0121992 0.0471740 0.0725850 0.0000000 0.0631964 0.0763885 0.0121992 0.0545869 0.0470572 0.0729727 0.0991286 0.0530129 0.0928528 0.0626333 0.0546559 0.0739180 0.4251858 0.0250014 0.3921201 0.4195888 0.3429255 0.0480000 0.0555402 0.0473757 0.1365370 0.0702431 0.0477007 0.0397408 0.0463332 0.0566699 0.0791635 0.1171420 0.0544814 0.0390354 0.0609628 0.0536668 0.0536668 0.0704808 0.0706031 0.0650107 0.0398373 0.0645500 0.0407388 0.0398373 0.0660778 0.0646669 0.0479528 0.0479528 0.0660778 0.0479528 0.0471740 0.0556300 0.0623330 0.0545869 0.0621431 0.0647646 0.0634715 0.0546012 0.0546012 0.0556300 0.0623002 0.0623002 0.0623002 0.0781568 0.0623002 0.0700445 0.0794029 0.0631964 0.0725850 0.0746939 0.0710846 0.0791510 0.0794029 0.0710846 0.0470927 0.0398857 0.0543274 0.0398857 0.0544648 0.0544648 0.0620030 0.0620030 0.0470927 0.0620517 0.0829442 0.1580278 0.0943370 0.0903067 0.0729727 0.0621106 0.0814959 0.1105429 0.1295872 0.1077202 0.1076913 0.0792832 0.0471384 0.0883963 0.0898979 0.0989466 0.0901955 0.1289872 0.0556590 0.0826684 0.0947656 0.0662395 0.0765805 0.0185446 0.0188067 0.0000010 0.0124186 0.0121992 0.0121992 0.0185446 0.0316730 0.0322231 0.0185446 0.1816705 0.0470365 0.0322498 0.0728613 0.0645510 0.1406719 0.0895696 0.0854467 0.0777348 0.0711049 0.3332363 0.3891294 0.0405644 0.0623002 0.0700629 
XM_021091238_1_PREDICTED_Sus_scrofa_REV3_like_DNA_directed_polymerase_zeta_catalytic_subunit_REV3L_transcript_variant_X1_mRNA_1                            0.0712690 0.0792156 0.1069379 0.0631457 0.0478766 0.0550857 0.0631964 0.0000000 0.0939787 0.0631457 0.0554254 0.0331951 0.0712094 0.0794323 0.0855513 0.0943076 0.0884537 0.0632574 0.0889689 0.3926825 0.0631457 0.3336285 0.3577125 0.2878133 0.0726956 0.0809905 0.0716208 0.1823236 0.1054058 0.0892532 0.0630326 0.0619363 0.0828898 0.1069379 0.1377346 0.0792826 0.0617971 0.0775158 0.0697718 0.0697718 0.1149932 0.0972467 0.1248483 0.0554403 0.0881094 0.0567497 0.0554403 0.0675383 0.0657449 0.0486815 0.0486815 0.0675383 0.0563564 0.0478766 0.0411950 0.0633234 0.0554254 0.0477801 0.0632367 0.0620093 0.0554403 0.0554403 0.0411950 0.0479006 0.0479006 0.0479006 0.0632894 0.0632894 0.0554254 0.0467514 0.0467286 0.0550857 0.0524455 0.0540381 0.0615125 0.0616986 0.0540381 0.0460263 0.0390027 0.0526661 0.0390027 0.0389094 0.0389094 0.0459153 0.0459153 0.0320555 0.0459490 0.0699015 0.1525394 0.1012089 0.0968968 0.0712094 0.0607157 0.0794767 0.0810350 0.0982054 0.0791705 0.0630326 0.0616104 0.0608965 0.0699115 0.0709862 0.0792909 0.0712094 0.0996746 0.0396988 0.0979142 0.0794684 0.1278661 0.0778403 0.0712107 0.0725256 0.0631964 0.0813001 0.0794029 0.0794029 0.0554425 0.0712107 0.0727179 0.0554425 0.1981718 0.0710846 0.0544483 0.0964906 0.0877505 0.1488258 0.0961207 0.1046549 0.0920761 0.0856175 0.3217468 0.3746904 0.0396964 0.0632894 0.0685388 
XM_040758199_1_PREDICTED_Mesocricetus_auratus_REV3_like_DNA_directed_polymerase_zeta_catalytic_subunit_Rev3l_transcript_variant_X1_mRNA_1                  0.0844795 0.0682899 0.0937520 0.0763278 0.1094515 0.1046888 0.0763885 0.0939787 0.0000000 0.0763278 0.1008621 0.0923535 0.1236253 0.1330917 0.1133689 0.0523642 0.1101166 0.0685594 0.1450063 0.4723935 0.0763278 0.4368676 0.4652849 0.3880664 0.0944416 0.1028686 0.0929821 0.1565332 0.1095401 0.0773924 0.0532359 0.0383355 0.0964266 0.0937520 0.1314801 0.0606688 0.0670134 0.0248607 0.0453070 0.0453070 0.1368031 0.1190186 0.1538683 0.0842666 0.1284711 0.0862568 0.0842666 0.1320955 0.1142613 0.0943555 0.0943555 0.1320955 0.0858782 0.1094515 0.1030423 0.1095806 0.1008621 0.1092365 0.1144412 0.1118482 0.1180919 0.1180919 0.1030423 0.1095160 0.1095160 0.1095160 0.1270819 0.1095160 0.1180626 0.1112656 0.0939787 0.1046888 0.1159521 0.1023623 0.1109098 0.1112656 0.1023623 0.0923013 0.0842666 0.1164733 0.0842666 0.0682367 0.0682367 0.0759054 0.0759054 0.0607233 0.0759656 0.1359286 0.2043824 0.1502472 0.1430132 0.1236253 0.1091723 0.1331854 0.1459433 0.1658529 0.1420242 0.1419884 0.0937599 0.0925119 0.1209734 0.1232160 0.1328527 0.1236253 0.1771847 0.0860283 0.1553465 0.1268952 0.1576448 0.1242424 0.0844112 0.0859794 0.0763885 0.0947890 0.0925869 0.0925869 0.0686132 0.0844112 0.0862012 0.0686132 0.2426403 0.0923005 0.0749187 0.0962846 0.1326063 0.2180609 0.1227696 0.1518884 0.1263861 0.1023864 0.3756752 0.4337003 0.0860283 0.1095160 0.1180919 
XM_015448392_1_PREDICTED_Macaca_fascicularis_REV3_like_DNA_directed_polymerase_zeta_catalytic_subunit_REV3L_transcript_variant_X1_mRNA_1                   0.0185446 0.0397408 0.0790986 0.0000010 0.0471384 0.0725243 0.0121992 0.0631457 0.0763278 0.0000000 0.0545448 0.0470218 0.0729113 0.0990407 0.0529602 0.0927765 0.0625837 0.0546137 0.0738548 0.4248639 0.0249845 0.3918170 0.4192779 0.3426268 0.0479630 0.0554965 0.0473397 0.1363726 0.0701866 0.0630513 0.0397116 0.0462989 0.0566243 0.0790986 0.1170436 0.0544394 0.0390073 0.0609160 0.0536263 0.0536263 0.0704239 0.0705461 0.0649418 0.0398079 0.0644821 0.0407080 0.0398079 0.0660063 0.0646137 0.0479159 0.0479159 0.0660063 0.0479159 0.0471384 0.0555862 0.0622838 0.0545448 0.0620943 0.0647112 0.0634204 0.0545591 0.0545591 0.0555862 0.0622512 0.0622512 0.0622512 0.0780930 0.0622512 0.0699884 0.0793367 0.0631457 0.0725243 0.0746138 0.0710266 0.0790853 0.0793367 0.0710266 0.0470572 0.0398562 0.0542718 0.0398562 0.0544229 0.0544229 0.0619544 0.0619544 0.0470572 0.0620030 0.1009866 0.1578421 0.0942500 0.0902278 0.0729113 0.0620618 0.0814260 0.1104410 0.1294655 0.1076238 0.1075950 0.0792170 0.0471028 0.0883209 0.0898196 0.0988590 0.0901168 0.1288264 0.0556151 0.0825961 0.0946857 0.0661676 0.0765194 0.0060287 0.0061092 0.0121992 0.0254841 0.0250120 0.0250120 0.0185324 0.0316510 0.0322003 0.0185324 0.1814981 0.0470010 0.0322270 0.0728001 0.0644984 0.1404966 0.0894919 0.0853530 0.0776717 0.0710468 0.3329585 0.3888278 0.0405339 0.0622512 0.0700067 
XM_004753515_2_PREDICTED_Mustela_putorius_furo_REV3_like_polymerase_DNA_directed_zeta_catalytic_subunit_REV3L_transcript_variant_X1_mRNA_1                 0.0623002 0.0699212 0.0962019 0.0545448 0.0315868 0.0644227 0.0545869 0.0554254 0.1008621 0.0545448 0.0000000 0.0184523 0.0647646 0.0902582 0.0731778 0.1184691 0.0786706 0.0624416 0.0825237 0.4086937 0.0545448 0.3768795 0.4037209 0.3280851 0.0461820 0.0533864 0.0626002 0.1631819 0.0949075 0.0793270 0.0544483 0.0687299 0.0647087 0.0962019 0.1171177 0.0699787 0.0534288 0.0843680 0.0766104 0.0766104 0.0867825 0.0870585 0.1096765 0.0398244 0.0444160 0.0407254 0.0398244 0.0250035 0.0326203 0.0187535 0.0187535 0.0250035 0.0252927 0.0315868 0.0253540 0.0060148 0.0000010 0.0059991 0.0258337 0.0254052 0.0383520 0.0383520 0.0253540 0.0184823 0.0184823 0.0184823 0.0184823 0.0060126 0.0121585 0.0712297 0.0554254 0.0644227 0.0642412 0.0631270 0.0710063 0.0553819 0.0631270 0.0545425 0.0471592 0.0645251 0.0471592 0.0470425 0.0470425 0.0544064 0.0544064 0.0398433 0.0544483 0.1106334 0.1452648 0.1039542 0.0993756 0.0647646 0.0398139 0.0730632 0.1012045 0.1198269 0.0986796 0.0810602 0.0553737 0.0546649 0.0799631 0.0812775 0.0900929 0.0815437 0.1160875 0.0405535 0.0915273 0.0780195 0.0884903 0.0610078 0.0622512 0.0633441 0.0545869 0.0716815 0.0700824 0.0700824 0.0471616 0.0622512 0.0635075 0.0471616 0.2042229 0.0621431 0.0463532 0.0901955 0.0727592 0.1275482 0.0809825 0.0746666 0.0860363 0.0794029 0.3480762 0.4054912 0.0333504 0.0060126 0.0622493 
XM_034668992_1_PREDICTED_Ailuropoda_melanoleuca_REV3_like_DNA_directed_polymerase_zeta_catalytic_subunit_REV3L_transcript_variant_X1_mRNA_1                0.0545591 0.0620011 0.0874611 0.0470218 0.0121616 0.0563564 0.0470572 0.0331951 0.0923535 0.0470218 0.0184523 0.0000000 0.0566523 0.0814260 0.0628274 0.1095477 0.0704594 0.0622512 0.0737905 0.4252334 0.0470218 0.3612334 0.3873700 0.3129613 0.0390207 0.0460483 0.0548189 0.1494152 0.0863300 0.0710154 0.0469386 0.0609763 0.0566221 0.0874611 0.1083018 0.0620517 0.0460845 0.0762467 0.0686575 0.0686575 0.0951863 0.0786266 0.0977713 0.0326992 0.0542133 0.0334275 0.0326992 0.0163590 0.0257148 0.0123268 0.0123268 0.0163590 0.0187024 0.0121616 0.0060941 0.0249442 0.0184523 0.0121389 0.0326649 0.0321090 0.0184569 0.0184569 0.0060941 0.0121663 0.0121663 0.0121663 0.0249337 0.0249337 0.0184523 0.0631270 0.0477562 0.0563564 0.0539791 0.0552562 0.0629319 0.0631270 0.0552562 0.0470194 0.0398244 0.0542133 0.0398244 0.0397280 0.0397280 0.0469033 0.0469033 0.0327141 0.0469386 0.1010527 0.1579953 0.0943113 0.0902828 0.0566523 0.0469840 0.0647093 0.0918878 0.1100343 0.0896563 0.0896320 0.0630345 0.0471236 0.0715818 0.0727167 0.0812775 0.0729515 0.1032656 0.0332793 0.0825237 0.0544626 0.0998660 0.0534563 0.0545171 0.0554447 0.0470572 0.0635246 0.0621431 0.0621431 0.0398268 0.0545171 0.0555862 0.0398268 0.1925875 0.0544229 0.0391633 0.0813698 0.0811300 0.1406361 0.0895459 0.0854172 0.0777138 0.0710846 0.3332483 0.3891612 0.0262746 0.0249337 0.0700431 
XM_015600069_2_PREDICTED_Pteropus_alecto_REV3_like_DNA_directed_polymerase_zeta_catalytic_subunit_REV3L_transcript_variant_X1_mRNA_1                       0.0815186 0.0898984 0.1195142 0.0729113 0.0730428 0.0725230 0.0729727 0.0712094 0.1236253 0.0729113 0.0647646 0.0566523 0.0000000 0.0902828 0.0858449 0.1431416 0.0997720 0.0814964 0.0912439 0.4087942 0.0646137 0.4086841 0.3876821 0.3589686 0.0832540 0.0920355 0.0819365 0.1830064 0.1176657 0.1007633 0.0727777 0.0881912 0.0942853 0.1195142 0.1514250 0.0899762 0.0712690 0.1054058 0.0881396 0.0881396 0.1278742 0.1090966 0.1253030 0.0647823 0.0884217 0.0663741 0.0647823 0.0677783 0.0761028 0.0578151 0.0578151 0.0677783 0.0659217 0.0730428 0.0661012 0.0731261 0.0647646 0.0728902 0.0647093 0.0634186 0.0814482 0.0814482 0.0661012 0.0568305 0.0568305 0.0647646 0.0814260 0.0647646 0.0728902 0.0793360 0.0631439 0.0725230 0.0624167 0.0710252 0.0790847 0.0793360 0.0710252 0.0621087 0.0545569 0.0626840 0.0545569 0.0544207 0.0544207 0.0619525 0.0619525 0.0470549 0.0620011 0.1301102 0.1653524 0.1083920 0.1178887 0.0000010 0.0190987 0.0646737 0.1201983 0.1396767 0.0987062 0.1170246 0.0711427 0.0471004 0.0799845 0.0812996 0.0901173 0.0815660 0.1002287 0.0480612 0.1004879 0.1081888 0.1283446 0.0882381 0.0814486 0.0745012 0.0729727 0.0923981 0.0901168 0.0901168 0.0566993 0.0729113 0.0634734 0.0566993 0.2169603 0.0813001 0.0635569 0.0989733 0.0986779 0.1232814 0.1074938 0.0937818 0.0943076 0.0711427 0.3619359 0.4206795 0.0405315 0.0730844 0.0863300 
XM_005883745_2_PREDICTED_Myotis_brandtii_REV3_like_polymerase_DNA_directed_zeta_catalytic_subunit_REV3L_transcript_variant_X1_mRNA_1                       0.1083853 0.1173469 0.1293429 0.0990407 0.0992249 0.0809434 0.0991286 0.0794323 0.1330917 0.0990407 0.0902582 0.0814260 0.0902828 0.0000000 0.1376155 0.1530255 0.1282039 0.0992230 0.1193008 0.5122966 0.0814964 0.4403772 0.4539860 0.3897759 0.1109081 0.1203660 0.1089544 0.2548370 0.1472222 0.1296896 0.0988608 0.0968698 0.1133623 0.1293429 0.1613941 0.1174486 0.0966381 0.1144703 0.1057854 0.1057854 0.1582331 0.1382329 0.1469369 0.0902828 0.1425497 0.0925894 0.0902828 0.1194899 0.1037858 0.0832540 0.0832540 0.1194899 0.0920355 0.0992249 0.0922903 0.0993486 0.0902582 0.0990158 0.0901800 0.0882229 0.0901496 0.0901496 0.0922903 0.0992862 0.0992862 0.0992862 0.1177498 0.0992862 0.1082619 0.0792247 0.0711511 0.0809434 0.0854574 0.0792247 0.0874775 0.0877587 0.0792247 0.0699492 0.0622166 0.0858449 0.0622166 0.0620599 0.0620599 0.0697718 0.0697718 0.0545149 0.0698276 0.1402382 0.1988986 0.1443797 0.1277133 0.0902828 0.0780922 0.1082652 0.1300861 0.1499860 0.1076607 0.1265743 0.0682995 0.0864591 0.0322727 0.0326843 0.0249976 0.0185415 0.0079643 0.0462743 0.1293168 0.1370626 0.1917579 0.1149814 0.1082877 0.0880878 0.0991286 0.1208421 0.1176343 0.1176343 0.0902822 0.1082877 0.1109309 0.0902822 0.2550082 0.1080883 0.0884250 0.1271506 0.1267660 0.1830830 0.1361701 0.1449274 0.1207384 0.1054058 0.3770443 0.4372815 0.0634526 0.0992862 0.1123104 
XM_006157005_3_PREDICTED_Tupaia_chinensis_REV3_like_DNA_directed_polymerase_zeta_catalytic_subunit_REV3L_transcript_variant_X3_mRNA_1                      0.0629929 0.0729097 0.0727473 0.0529602 0.0837729 0.0855513 0.0530129 0.0855513 0.1133689 0.0529602 0.0731778 0.0628274 0.0858449 0.1376155 0.0000000 0.1137466 0.0736401 0.0629714 0.1271671 0.3985889 0.0433313 0.3414916 0.3915142 0.3195715 0.0445175 0.0542824 0.0633866 0.1084651 0.0947677 0.0626439 0.0528390 0.0712957 0.0664694 0.0727473 0.1467982 0.0628512 0.0515710 0.0916683 0.0712470 0.0712470 0.1062757 0.0843696 0.0843696 0.0530100 0.0630335 0.0446579 0.0530100 0.0644797 0.0883519 0.0644797 0.0644797 0.0644797 0.0748657 0.0837729 0.0644821 0.0838958 0.0731778 0.0835550 0.0885333 0.0646291 0.0945539 0.0945539 0.0644821 0.0838343 0.0838343 0.0731778 0.0835550 0.0731778 0.0835550 0.0942056 0.0728850 0.0855513 0.0728850 0.0832169 0.0938207 0.0942056 0.0832169 0.0628916 0.0732027 0.0732027 0.0732027 0.0729611 0.0729611 0.0833055 0.0833055 0.0628916 0.0729611 0.1284683 0.1532617 0.1332714 0.1249726 0.0858449 0.0834940 0.1123181 0.1243601 0.1200617 0.1202003 0.1201598 0.1080525 0.0629690 0.1211886 0.1120809 0.1372824 0.1247765 0.1250796 0.0751770 0.1406847 0.0918615 0.0860451 0.0815374 0.0629285 0.0643715 0.0530129 0.0753245 0.0731276 0.0731276 0.0341418 0.0529602 0.0529602 0.0341418 0.2130287 0.0530129 0.0425201 0.0970081 0.0999013 0.1239119 0.1114053 0.0833055 0.0835222 0.0965658 0.3279921 0.4147808 0.0433701 0.0838343 0.0732027 
XM_027402162_2_PREDICTED_Cricetulus_griseus_REV3_like_DNA_directed_polymerase_zeta_catalytic_subunit_Rev3l_transcript_variant_X5_mRNA_1                    0.1013485 0.0842962 0.0939465 0.0927765 0.1274419 0.1232241 0.0928528 0.0943076 0.0523642 0.0927765 0.1184691 0.1095477 0.1431416 0.1530255 0.1137466 0.0000000 0.1104978 0.0687941 0.1658499 0.4754274 0.0927765 0.4395306 0.4681820 0.3904497 0.0947735 0.1032311 0.0770180 0.1837867 0.0928528 0.0775561 0.0684683 0.0525505 0.0796591 0.0939465 0.1317308 0.0607973 0.0826382 0.0383369 0.0598840 0.0598840 0.1372753 0.1194309 0.1298551 0.0845559 0.1057139 0.0865591 0.0845559 0.1325595 0.1146728 0.1120449 0.1120449 0.1325595 0.1031378 0.1274419 0.1211557 0.1275972 0.1184691 0.1271918 0.1335461 0.1303697 0.1364417 0.1364417 0.1211557 0.1275195 0.1275195 0.1275195 0.1275195 0.1275195 0.1364085 0.1116560 0.1115886 0.1232241 0.1163477 0.1203486 0.1292656 0.1296856 0.1203486 0.1094831 0.1010921 0.1168720 0.1010921 0.0842281 0.0842281 0.0922562 0.0922562 0.0763554 0.0761235 0.1362148 0.1786459 0.1508184 0.1435300 0.1431416 0.1271145 0.1531391 0.1464823 0.1664631 0.1425348 0.1235153 0.1294838 0.1097362 0.1399121 0.1426625 0.1527504 0.1431416 0.1778242 0.1033168 0.1766504 0.1458134 0.1328490 0.1246606 0.1012641 0.1032529 0.0928528 0.1036114 0.1098252 0.1098252 0.0847013 0.1012641 0.1035229 0.0847013 0.2204251 0.0926174 0.0909752 0.1429099 0.1428737 0.2047162 0.1327595 0.1524007 0.1450089 0.1389330 0.3085189 0.3601607 0.1033191 0.1275195 0.1184985 
XM_013069186_2_PREDICTED_Heterocephalus_glaber_REV3_like_DNA_directed_polymerase_zeta_catalytic_subunit_Rev3l_transcript_variant_X1_mRNA_1                 0.0706031 0.0784447 0.1057168 0.0625837 0.0870084 0.0992280 0.0626333 0.0884537 0.1101166 0.0625837 0.0786706 0.0704594 0.0997720 0.1282039 0.0736401 0.1104978 0.0000000 0.0627762 0.1202123 0.4276829 0.0625837 0.4263695 0.4391889 0.3760804 0.0560390 0.0638334 0.0403191 0.1643177 0.0870811 0.0883185 0.0624726 0.0770615 0.0735117 0.1057168 0.1451559 0.0785098 0.0612624 0.0931490 0.0851834 0.0851834 0.0475962 0.0331604 0.0260136 0.0474414 0.0650545 0.0485361 0.0474414 0.0888763 0.0734678 0.0719274 0.0719274 0.0888763 0.0801000 0.0870084 0.0803122 0.0871085 0.0786706 0.0868316 0.0908359 0.0888488 0.0954365 0.0954365 0.0803122 0.0870585 0.0870585 0.0870585 0.1042054 0.0870585 0.0954117 0.1060484 0.0884537 0.0992280 0.0974319 0.0969876 0.1056997 0.1060484 0.0969876 0.0868545 0.0786913 0.0978820 0.0786913 0.0784885 0.0784885 0.0866300 0.0866300 0.0705163 0.0867023 0.1112284 0.1590591 0.0768147 0.0736954 0.0997720 0.0867826 0.1090705 0.1412624 0.1617339 0.1373722 0.1373361 0.1058823 0.0705831 0.1159296 0.1181173 0.1279656 0.1185221 0.1574670 0.0803584 0.1303141 0.1040481 0.0666509 0.0851277 0.0705461 0.0718307 0.0626333 0.0720786 0.0786273 0.0786273 0.0549706 0.0705461 0.0720183 0.0549706 0.2054695 0.0548750 0.0539956 0.1089203 0.1085912 0.1696673 0.1176756 0.1089485 0.1036247 0.0797988 0.3216663 0.3766029 0.0559103 0.0870585 0.0954365 
XM_008852401_2_PREDICTED_Nannospalax_galili_REV3_like_DNA_directed_polymerase_zeta_catalytic_subunit_Rev3l_transcript_variant_X1_mRNA_1                    0.0623779 0.0545591 0.0793501 0.0546137 0.0782938 0.0726557 0.0546559 0.0632574 0.0685594 0.0546137 0.0624416 0.0622512 0.0814964 0.0992230 0.0629714 0.0687941 0.0627762 0.0000000 0.1099296 0.4604341 0.0398976 0.4246213 0.4207089 0.3744392 0.0481087 0.0556672 0.0474814 0.1497595 0.0783587 0.0632471 0.0398268 0.0392032 0.0490781 0.0793501 0.1174119 0.0546034 0.0391191 0.0534950 0.0322811 0.0322811 0.0870081 0.0707659 0.0757219 0.0399247 0.0544335 0.0408302 0.0399247 0.0770317 0.0648199 0.0635057 0.0635057 0.0770317 0.0714353 0.0782938 0.0716221 0.0704225 0.0624416 0.0702048 0.0732596 0.0717494 0.0864815 0.0864815 0.0716221 0.0783374 0.0783374 0.0624416 0.0703843 0.0548470 0.0624416 0.0794780 0.0632574 0.0726557 0.0641987 0.0711525 0.0792254 0.0794780 0.0711525 0.0622185 0.0546537 0.0644821 0.0546537 0.0545171 0.0545171 0.0620618 0.0620618 0.0471384 0.0621106 0.1011766 0.1713810 0.0945793 0.0905275 0.0814964 0.0701668 0.0992862 0.1106495 0.1297102 0.1078217 0.1077928 0.0712704 0.0623595 0.0884797 0.0899841 0.0990407 0.0902822 0.1159801 0.0557134 0.1197098 0.1124036 0.0664457 0.0929821 0.0623287 0.0634242 0.0546559 0.0636394 0.0701682 0.0701682 0.0328531 0.0472222 0.0556866 0.0328531 0.1929240 0.0471407 0.0464117 0.0991536 0.0988573 0.1544517 0.1076882 0.0967158 0.0944717 0.0878558 0.3341060 0.3901607 0.0557112 0.0703843 0.0864815 
XM_023650934_1_PREDICTED_Equus_caballus_REV3_like_DNA_directed_polymerase_zeta_catalytic_subunit_REV3L_transcript_variant_X1_mRNA_1                        0.0826190 0.0789662 0.1416860 0.0738548 0.0739901 0.0907458 0.0739180 0.0889689 0.1450063 0.0738548 0.0825237 0.0737905 0.0912439 0.1193008 0.1271671 0.1658499 0.1202123 0.1099296 0.0000000 0.3921575 0.0912432 0.3367818 0.3594149 0.2937886 0.1028326 0.1122539 0.1010463 0.2451137 0.1392712 0.1066847 0.0789008 0.1072053 0.1051224 0.1416860 0.1642309 0.1095480 0.0890453 0.1255610 0.1165193 0.1165193 0.1299719 0.1302262 0.1466100 0.0825465 0.1317200 0.0846627 0.0825465 0.1084022 0.0739901 0.0754257 0.0754257 0.1084022 0.0841264 0.0739901 0.0843618 0.0915273 0.0825237 0.0912188 0.0824514 0.0806815 0.0825465 0.0825465 0.0843618 0.0914711 0.0914711 0.0914711 0.1098324 0.0914711 0.1003971 0.0976506 0.0803221 0.0907458 0.0983052 0.0887315 0.0887315 0.0976506 0.0887315 0.0628399 0.0551763 0.0762007 0.0551763 0.0706797 0.0706797 0.0786963 0.0786963 0.0628399 0.0787613 0.1356789 0.1618062 0.1469113 0.1395445 0.0912439 0.0788355 0.1003991 0.1425196 0.1421068 0.1385331 0.1384962 0.0802458 0.0790853 0.1073642 0.1093515 0.1190769 0.1097272 0.1596668 0.0723342 0.0059901 0.1291081 0.1506600 0.1072625 0.0825469 0.0842020 0.0739180 0.0937411 0.0913812 0.0913812 0.0825469 0.1004226 0.1028565 0.0825469 0.2444062 0.1002352 0.0808664 0.1095480 0.0822906 0.2025328 0.1187356 0.1102249 0.1132143 0.1065872 0.3720840 0.4505549 0.0561833 0.0914711 0.1047823 
XM_007484437_2_PREDICTED_Monodelphis_domestica_REV3_like_DNA_directed_polymerase_zeta_catalytic_subunit_REV3L_transcript_variant_X1_mRNA_1                 0.4427875 0.3761696 0.4392990 0.4248639 0.4606033 0.4581034 0.4251858 0.3926825 0.4723935 0.4248639 0.4086937 0.4252334 0.4087942 0.5122966 0.3985889 0.4754274 0.4276829 0.4604341 0.3921575 0.0000000 0.4248639 0.0872204 0.1336148 0.0784316 0.4616860 0.4787795 0.4452987 0.5104450 0.4953260 0.3744718 0.3452267 0.4081277 0.4770403 0.4392990 0.4861927 0.4075119 0.4070266 0.4396561 0.4582946 0.4582946 0.4436681 0.4453540 0.4218390 0.4087942 0.3764652 0.4235559 0.4087942 0.4428009 0.4265079 0.4436614 0.4436614 0.4428009 0.4606326 0.4606033 0.4618387 0.4264047 0.4086937 0.4249114 0.4606644 0.4422279 0.4774689 0.4774689 0.4618387 0.3925636 0.3925636 0.4261856 0.4602853 0.4261856 0.4425216 0.4079517 0.4239388 0.4581034 0.3972961 0.4239388 0.4397074 0.4079517 0.4239388 0.4243795 0.4091957 0.3991361 0.4091957 0.4080336 0.4080336 0.4231904 0.4231904 0.3929717 0.4080336 0.4429541 0.4397649 0.5022610 0.4622611 0.4087942 0.3612334 0.4439891 0.5343959 0.5696187 0.4767345 0.4595853 0.4722874 0.3315341 0.4598958 0.5111814 0.5111814 0.4944297 0.5103005 0.4255474 0.4080620 0.5299935 0.4410313 0.4752231 0.4086523 0.4600677 0.4251858 0.4447903 0.4594169 0.4594169 0.4086523 0.4086523 0.4262364 0.4086523 0.4718257 0.4414848 0.3928668 0.4598422 0.3912930 0.3755204 0.3432242 0.3765678 0.4229848 0.4558239 0.4231143 0.5089025 0.3480872 0.3925636 0.3935915 
XM_035296530_1_PREDICTED_Callithrix_jacchus_REV3_like_DNA_directed_polymerase_zeta_catalytic_subunit_REV3L_transcript_variant_X1_mRNA_1                    0.0316730 0.0543954 0.0790986 0.0249845 0.0622185 0.0725243 0.0250014 0.0631457 0.0763278 0.0249845 0.0545448 0.0470218 0.0646137 0.0814964 0.0433313 0.0927765 0.0625837 0.0398976 0.0912432 0.4248639 0.0000000 0.3609092 0.3552789 0.3126633 0.0479630 0.0554965 0.0473397 0.1235092 0.0701866 0.0630513 0.0397116 0.0462989 0.0646750 0.0790986 0.1170436 0.0544394 0.0390073 0.0609160 0.0392134 0.0392134 0.0867326 0.0705461 0.0754076 0.0398079 0.0542163 0.0407080 0.0398079 0.0554445 0.0646137 0.0479159 0.0479159 0.0554445 0.0479159 0.0622185 0.0555862 0.0622838 0.0545448 0.0620943 0.0647112 0.0634204 0.0700067 0.0700067 0.0555862 0.0622512 0.0622512 0.0471616 0.0622512 0.0471616 0.0545448 0.0793367 0.0631457 0.0725243 0.0640512 0.0710266 0.0790853 0.0793367 0.0710266 0.0621106 0.0545591 0.0643334 0.0545591 0.0544229 0.0544229 0.0619544 0.0619544 0.0470572 0.0620030 0.1009866 0.1447895 0.0942500 0.0902278 0.0646137 0.0620618 0.0814260 0.1104410 0.1294655 0.1076238 0.1075950 0.0792170 0.0471028 0.0883209 0.0898196 0.0988590 0.0901168 0.1156906 0.0556151 0.1004858 0.0946857 0.0768903 0.0765194 0.0316510 0.0321239 0.0250014 0.0392076 0.0384470 0.0384470 0.0060287 0.0185324 0.0254066 0.0060287 0.1814981 0.0470010 0.0322270 0.0813227 0.0810832 0.1020315 0.0894919 0.0744417 0.0776717 0.0710468 0.3329585 0.3888278 0.0405339 0.0622512 0.0700067 
XM_031964400_1_PREDICTED_Sarcophilus_harrisii_REV3_like_DNA_directed_polymerase_zeta_catalytic_subunit_REV3L_transcript_variant_X1_mRNA_1                  0.4083424 0.3488068 0.4041721 0.3918170 0.3932880 0.4225211 0.3921201 0.3336285 0.4368676 0.3918170 0.3768795 0.3612334 0.4086841 0.4403772 0.3414916 0.4395306 0.4263695 0.4246213 0.3367818 0.0872204 0.3609092 0.0000000 0.0765971 0.0317948 0.4246451 0.4404471 0.4105806 0.4789233 0.4568829 0.3463713 0.3202829 0.3773823 0.4379362 0.4041721 0.4497396 0.3758395 0.3764021 0.4065338 0.4237155 0.4237155 0.4413518 0.4429295 0.4401487 0.3769689 0.3580285 0.3732847 0.3769689 0.4173048 0.3932880 0.4080488 0.4080488 0.4173048 0.4237265 0.3932880 0.3757092 0.3931961 0.3768795 0.3609314 0.4248068 0.4088216 0.4086841 0.4086841 0.3757092 0.3315341 0.3315341 0.3620047 0.3929844 0.3929844 0.3768795 0.3772026 0.3919847 0.4225211 0.3785279 0.3919847 0.4065707 0.3772026 0.3919847 0.3933413 0.3792846 0.3801820 0.3792846 0.3782469 0.3782469 0.3922781 0.3922781 0.3643122 0.3782469 0.4095203 0.3804173 0.4608809 0.4262606 0.4086841 0.3640290 0.4098887 0.4918797 0.5245057 0.4397588 0.4238721 0.4367727 0.3647568 0.4251650 0.4716049 0.4716049 0.4560895 0.4798235 0.3934594 0.3512148 0.4565864 0.4176123 0.4394196 0.4080394 0.4232249 0.3921201 0.4418130 0.4237318 0.4237318 0.3768518 0.3768518 0.3919870 0.3768518 0.4363330 0.4071814 0.3632895 0.4241297 0.3627984 0.3233932 0.3185143 0.3596215 0.3920797 0.3911523 0.4508322 0.5182960 0.3236776 0.3929844 0.3648389 
XM_036766364_1_PREDICTED_Trichosurus_vulpecula_REV3_like_DNA_directed_polymerase_zeta_catalytic_subunit_REV3L_transcript_variant_X1_mRNA_1                 0.4365261 0.3727151 0.4329938 0.4192779 0.4208519 0.4512826 0.4195888 0.3577125 0.4652849 0.4192779 0.4037209 0.3873700 0.3876821 0.4539860 0.3915142 0.4681820 0.4391889 0.4207089 0.3594149 0.1336148 0.3552789 0.0765971 0.0000000 0.0532619 0.4545007 0.4709633 0.4389292 0.5424158 0.4871528 0.3709693 0.3429528 0.4033386 0.4690992 0.4329938 0.4786202 0.4025923 0.4022845 0.4337090 0.4199047 0.4199047 0.4709715 0.4726541 0.4352551 0.4038169 0.3702605 0.4178714 0.4038169 0.4327650 0.4208519 0.4371633 0.4371633 0.4327650 0.4534973 0.4208519 0.4207757 0.4207532 0.4037209 0.3870578 0.4537344 0.4361711 0.4368859 0.4368859 0.4207757 0.3563941 0.3563941 0.3563941 0.3882156 0.3882156 0.3716773 0.4031664 0.4185619 0.4512826 0.3905811 0.4185619 0.4337565 0.4031664 0.4185619 0.4191503 0.4045139 0.3923218 0.4045139 0.4033999 0.4033999 0.4180102 0.4180102 0.3888890 0.4033999 0.4368764 0.4309787 0.4382891 0.4064588 0.3876821 0.3588409 0.4381878 0.5245816 0.5585818 0.4692411 0.4527070 0.4497949 0.3893909 0.4378379 0.4862960 0.4862960 0.4702423 0.4766630 0.4050000 0.3744716 0.4535266 0.4318600 0.4360163 0.4362164 0.4366358 0.4195888 0.4723917 0.4525479 0.4525479 0.3716506 0.3716506 0.4030450 0.3716506 0.4328571 0.4352795 0.3886528 0.4862275 0.3872782 0.3331170 0.3410345 0.3708788 0.4178105 0.4022845 0.4790759 0.5511150 0.3457766 0.4205405 0.3894790 
XM_027848601_1_PREDICTED_Vombatus_ursinus_REV3_like_DNA_directed_polymerase_zeta_catalytic_subunit_REV3L_transcript_variant_X1_mRNA_1                      0.3586462 0.3040179 0.3531700 0.3426268 0.3439746 0.3724836 0.3429255 0.2878133 0.3880664 0.3426268 0.3280851 0.3129613 0.3589686 0.3897759 0.3195715 0.3904497 0.3760804 0.3744392 0.2937886 0.0784316 0.3126633 0.0317948 0.0532619 0.0000000 0.3728056 0.3882156 0.3606942 0.4110250 0.4058142 0.3002179 0.2764985 0.3301921 0.3845206 0.3531700 0.3709083 0.3271574 0.3293024 0.3585296 0.3751324 0.3751324 0.3906876 0.3921531 0.3759116 0.3281670 0.2970192 0.3393364 0.3281670 0.3513817 0.3439746 0.3567052 0.3567052 0.3513817 0.3719893 0.3439746 0.3414175 0.3438903 0.3280851 0.3126693 0.3745818 0.3606120 0.3589686 0.3589686 0.3414175 0.2841944 0.2841944 0.3136368 0.3436753 0.3436753 0.3280851 0.3299963 0.3443652 0.3724836 0.3216584 0.3443652 0.3585503 0.3299963 0.3443652 0.3471343 0.3334731 0.3231547 0.3334731 0.3325279 0.3325279 0.3461623 0.3461623 0.3189958 0.3325279 0.3613189 0.3232770 0.4063327 0.3759560 0.3589686 0.3187212 0.3909352 0.4382949 0.4700739 0.3892568 0.3737621 0.3879789 0.3193631 0.3764884 0.4202059 0.3889548 0.4050932 0.4142258 0.3457658 0.3077118 0.4056038 0.3568234 0.3904426 0.3583453 0.3715327 0.3429255 0.3895297 0.3736470 0.3736470 0.3280741 0.3280741 0.3410923 0.3280741 0.3875399 0.3575842 0.3165055 0.3740373 0.3176011 0.2690452 0.2484586 0.3035691 0.3745547 0.3731020 0.3738473 0.4337114 0.2810938 0.3436753 0.3194384 
XM_040983897_1_PREDICTED_Ochotona_curzoniae_REV3_like_DNA_directed_polymerase_zeta_catalytic_subunit_REV3L_transcript_variant_X1_mRNA_1                    0.0556822 0.0633064 0.0894924 0.0479630 0.0534906 0.0827983 0.0480000 0.0726956 0.0944416 0.0479630 0.0461820 0.0390207 0.0832540 0.1109081 0.0445175 0.0947735 0.0560390 0.0481087 0.1028326 0.4616860 0.0479630 0.4246451 0.4545007 0.3728056 0.0000000 0.0060105 0.0408288 0.1280800 0.0716208 0.0725837 0.0478766 0.0622329 0.0415028 0.0894924 0.1289256 0.0633591 0.0469840 0.0778924 0.0701090 0.0701090 0.0802445 0.0639994 0.0777918 0.0333593 0.0558011 0.0341194 0.0333593 0.0540311 0.0404608 0.0397256 0.0397256 0.0540311 0.0469010 0.0534906 0.0470194 0.0535437 0.0461820 0.0533864 0.0555209 0.0544707 0.0609121 0.0609121 0.0470194 0.0535172 0.0535172 0.0535172 0.0686022 0.0535172 0.0608965 0.0897721 0.0726956 0.0827983 0.0880093 0.0809905 0.0894771 0.0897721 0.0809905 0.0556107 0.0635038 0.0884217 0.0635038 0.0633403 0.0633403 0.0712487 0.0712487 0.0556107 0.0713071 0.1132382 0.1773609 0.0872123 0.0834845 0.0832540 0.0713754 0.0922664 0.1232728 0.1434244 0.1199443 0.1199117 0.0896320 0.0556650 0.0993141 0.1011147 0.1106987 0.1014621 0.1475836 0.0566825 0.1126510 0.1057553 0.0793865 0.0864018 0.0556383 0.0566089 0.0480000 0.0568023 0.0634545 0.0634545 0.0406047 0.0556383 0.0567562 0.0406047 0.1868190 0.0263410 0.0328409 0.0832774 0.0744793 0.1323514 0.0916907 0.0880093 0.0877819 0.0810130 0.3313118 0.3733486 0.0489193 0.0535172 0.0715613 
XM_004580498_1_PREDICTED_Ochotona_princeps_REV3_like_DNA_directed_polymerase_zeta_catalytic_subunit_REV3L_mRNA_1                                           0.0634204 0.0712094 0.0981708 0.0554965 0.0608654 0.0915288 0.0555402 0.0809905 0.1028686 0.0554965 0.0533864 0.0460483 0.0920355 0.1203660 0.0542824 0.1032311 0.0638334 0.0556672 0.1122539 0.4787795 0.0554965 0.4404471 0.4709633 0.3882156 0.0060105 0.0000000 0.0482308 0.1410503 0.0797532 0.0808654 0.0553967 0.0699686 0.0490370 0.0981708 0.1379747 0.0712690 0.0543371 0.0859652 0.0780285 0.0780285 0.0718694 0.0719964 0.0889889 0.0405315 0.0662089 0.0414660 0.0405315 0.0640465 0.0477929 0.0469010 0.0469010 0.0640465 0.0542413 0.0608654 0.0543789 0.0609276 0.0533864 0.0607466 0.0632367 0.0620093 0.0684492 0.0684492 0.0543789 0.0608965 0.0608965 0.0608965 0.0763154 0.0608965 0.0684317 0.0984808 0.0809905 0.0915288 0.0994007 0.0894771 0.0981543 0.0984808 0.0894771 0.0633403 0.0714340 0.0998711 0.0714340 0.0712487 0.0712487 0.0793360 0.0793360 0.0633403 0.0794022 0.1229717 0.1910455 0.0965381 0.0922912 0.0920355 0.0794774 0.1012794 0.1332436 0.1538093 0.1295677 0.1295328 0.0983256 0.0634016 0.1082910 0.1103165 0.1201385 0.1106987 0.1616628 0.0645942 0.1223265 0.1146473 0.0908919 0.0946868 0.0633694 0.0645069 0.0555402 0.0647307 0.0713767 0.0713767 0.0479630 0.0633694 0.0646774 0.0479630 0.1979799 0.0333371 0.0398823 0.0920601 0.0830260 0.1459041 0.1006422 0.0994007 0.0962433 0.0895007 0.3454155 0.3887423 0.0566346 0.0608965 0.0796859 
