152
NM_011264_3_Mus_musculus_REV3_like_DNA_directed_polymerase_zeta_catalytic_subunit_Rev3l_mRNA_1                                                             0.0000000 0.1102729 0.1275069 0.1279647 0.0972609 0.1527682 0.0751519 0.1198923 0.1516502 0.1022514 0.1253859 0.1139426 0.1412169 0.0645454 0.1539698 0.0726555 0.1057505 0.2145406 0.1102729 0.1283349 0.2150034 0.1384363 0.1169437 0.1306711 0.0754729 0.1917571 0.0757966 0.0119864 0.1967312 0.1609369 0.0182869 0.0554275 0.0457901 0.1090241 0.0601207 0.0786902 0.1362340 0.0452672 0.1370184 0.1314347 0.1280774 0.1261395 0.0783697 0.1225857 0.1328132 0.1505191 0.0643305 0.1229352 0.1271499 0.1271753 0.1275069 0.1141419 0.1249223 0.1251791 0.1281754 0.1251542 0.1210295 0.1165493 0.1311827 0.1249223 0.1353348 0.1340405 0.1319684 0.1241142 0.1286220 0.1240642 0.1240642 0.1468841 0.1469841 0.1527682 0.1469841 0.1499912 0.1472367 0.1263275 0.1234586 0.1141419 0.1258431 0.1283157 0.1296100 0.1529039 0.1525794 0.1334655 0.1493662 0.1305686 0.1216719 0.1332825 0.1302054 0.1329290 0.1279586 0.1257416 0.1259112 0.1307590 0.1253949 0.1231423 0.1564473 0.1459904 0.1492355 0.1730493 0.1280247 0.1400516 0.1486038 0.1397790 0.1510487 0.1368220 0.1395391 0.1587716 0.1443985 0.1216719 0.1256919 0.1524343 0.1452180 0.1596040 0.1657803 0.1568680 0.1223622 0.1329258 0.1360241 0.1310168 0.1107673 0.1083204 0.1081188 0.1125594 0.1121307 0.1174431 0.0972182 0.1056139 0.1316927 0.1142115 0.1049533 0.1083204 0.1043668 0.1105946 0.1034936 0.1156292 0.1183825 0.1184405 0.1114319 0.1267422 0.1025823 0.1094800 0.2302131 0.1411548 0.1544736 0.1410469 0.1446597 0.1436384 0.1468340 0.2454286 0.2624585 0.1162966 0.1114262 0.1523981 
XM_028847034_1_PREDICTED_Macaca_mulatta_REV3_like_DNA_directed_polymerase_zeta_catalytic_subunit_REV3L_transcript_variant_X1_mRNA_1                        0.1102729 0.0000000 0.0689756 0.0649653 0.0168866 0.0747305 0.1055799 0.0554799 0.0683002 0.0168469 0.0604523 0.0519641 0.0737106 0.1333764 0.0832753 0.0657628 0.0136468 0.1540496 0.0000010 0.0579743 0.1590685 0.0846548 0.0537313 0.0763071 0.1022884 0.1462946 0.1034166 0.1111038 0.1406019 0.1214550 0.1071166 0.1201095 0.1239724 0.0923085 0.1264652 0.0895891 0.0852336 0.1100390 0.0900123 0.0686428 0.0691842 0.0720464 0.0943965 0.0694028 0.0661414 0.0903189 0.1002656 0.0695925 0.0599371 0.0618178 0.0689756 0.0572531 0.0599371 0.0600665 0.0651410 0.0600560 0.0549951 0.0513407 0.0616414 0.0599371 0.0630829 0.0746272 0.0728035 0.0615799 0.0609254 0.0609359 0.0609359 0.0683141 0.0750235 0.0747305 0.0750235 0.0773099 0.0705038 0.0634523 0.0612561 0.0572531 0.0527627 0.0510203 0.0613911 0.0747057 0.0746519 0.0606138 0.0788885 0.0528144 0.0633574 0.0591028 0.0612544 0.0633371 0.0593881 0.0532394 0.0613658 0.0608778 0.0823592 0.0555043 0.0765238 0.0705353 0.0663832 0.1017728 0.0588016 0.0691432 0.0686004 0.0728978 0.0698792 0.0668057 0.0688739 0.0811477 0.0703467 0.0633574 0.0532429 0.0667343 0.0771561 0.0851471 0.0870264 0.0806606 0.0656071 0.0617497 0.0663577 0.0605247 0.0029608 0.0044898 0.0044333 0.0044794 0.0105586 0.0137769 0.0137185 0.0090192 0.0593778 0.0137769 0.0185357 0.0044898 0.0184298 0.0215359 0.0198244 0.0232698 0.0319904 0.0250282 0.0217066 0.0591951 0.0427803 0.0425104 0.1536116 0.0657816 0.0909898 0.0737353 0.0749585 0.0753378 0.0823727 0.2146887 0.2244336 0.0591238 0.0546304 0.0772064 
XM_014118216_3_PREDICTED_Canis_lupus_familiaris_REV3_like_DNA_directed_polymerase_zeta_catalytic_subunit_REV3L_transcript_variant_X1_mRNA_1                0.1275069 0.0689756 0.0000000 0.0556788 0.0678136 0.0670680 0.1157006 0.0350951 0.0627069 0.0676010 0.0316195 0.0659062 0.1011985 0.1270864 0.0755012 0.0905604 0.0673973 0.1628869 0.0689756 0.0502063 0.1581478 0.0934018 0.0773265 0.0968659 0.1168188 0.1491481 0.1133791 0.1259235 0.1489321 0.1414050 0.1219147 0.1215096 0.1322563 0.1128947 0.1327604 0.1037981 0.1018551 0.1178624 0.1188513 0.1044906 0.0824910 0.0856532 0.1088330 0.0827647 0.0486405 0.1112752 0.1191568 0.0829933 0.0446630 0.0446712 0.0000010 0.0302079 0.0428978 0.0429944 0.0352584 0.0429865 0.0330910 0.0297457 0.0462304 0.0428978 0.0512985 0.0058805 0.0029209 0.0319794 0.0316434 0.0316496 0.0316496 0.0608343 0.0673262 0.0670680 0.0673262 0.0695424 0.0629568 0.0336679 0.0318039 0.0302079 0.0551655 0.0533997 0.0369467 0.0627108 0.0626659 0.0606065 0.0666942 0.0552202 0.0653270 0.0647930 0.0670045 0.0652766 0.0651088 0.0556682 0.0633215 0.0585793 0.1033134 0.0574195 0.0850649 0.0825530 0.0645664 0.1315413 0.0607238 0.0653259 0.0671689 0.0690138 0.0642841 0.0629729 0.0669930 0.0812513 0.0627514 0.0653270 0.0551304 0.0705378 0.0713239 0.0791898 0.0731733 0.0729856 0.0974312 0.0538735 0.0627398 0.0625122 0.0692843 0.0717982 0.0709090 0.0756394 0.0753969 0.0799760 0.0677847 0.0734137 0.0521306 0.0714321 0.0698889 0.0717982 0.0695085 0.0770324 0.0707657 0.0670445 0.0779110 0.0693001 0.0652877 0.0805663 0.0635962 0.0651011 0.1885477 0.0781482 0.1001319 0.0891924 0.0875267 0.0839119 0.0905490 0.2087266 0.2172348 0.0367357 0.0422266 0.0856951 
XM_021091238_1_PREDICTED_Sus_scrofa_REV3_like_DNA_directed_polymerase_zeta_catalytic_subunit_REV3L_transcript_variant_X1_mRNA_1                            0.1279647 0.0649653 0.0556788 0.0000000 0.0593629 0.0495063 0.1076012 0.0410060 0.0510927 0.0635845 0.0440886 0.0482186 0.0946526 0.1464782 0.0588186 0.0733582 0.0596247 0.1465344 0.0649653 0.0519608 0.1386361 0.0885866 0.0654784 0.0840251 0.1043156 0.1319241 0.1022335 0.1277773 0.1370811 0.1324562 0.1191913 0.1219431 0.1367102 0.1009551 0.1354914 0.0969119 0.0933875 0.1098391 0.1012341 0.0978345 0.0801798 0.0783756 0.0965027 0.0756282 0.0522663 0.1110251 0.1109932 0.0758351 0.0482238 0.0482324 0.0556788 0.0387837 0.0464406 0.0501548 0.0407745 0.0465356 0.0388860 0.0354196 0.0477233 0.0464406 0.0497059 0.0574100 0.0556558 0.0374304 0.0409110 0.0444486 0.0444486 0.0402846 0.0456301 0.0495063 0.0456301 0.0476020 0.0457066 0.0391601 0.0372269 0.0387837 0.0402001 0.0385184 0.0465140 0.0494909 0.0494556 0.0439543 0.0527390 0.0402382 0.0383346 0.0438812 0.0418920 0.0437698 0.0401660 0.0367135 0.0385153 0.0420757 0.0828392 0.0366405 0.0618646 0.0616206 0.0492856 0.0892438 0.0401853 0.0511878 0.0608831 0.0510801 0.0563205 0.0490907 0.0564176 0.0624084 0.0510488 0.0383346 0.0384416 0.0623078 0.0568126 0.0585872 0.0609861 0.0608569 0.0878877 0.0556460 0.0490980 0.0489148 0.0652565 0.0632059 0.0649926 0.0669245 0.0705352 0.0749785 0.0593392 0.0647974 0.0461309 0.0710870 0.0658277 0.0632059 0.0654691 0.0729109 0.0667396 0.0636068 0.0640125 0.0658385 0.0618526 0.0754533 0.0516719 0.0536999 0.1580828 0.0694191 0.0900504 0.0820226 0.0761185 0.0751708 0.0637282 0.1942839 0.2051493 0.0387827 0.0383229 0.0724955 
NM_001372078_1_Homo_sapiens_REV3_like_DNA_directed_polymerase_zeta_catalytic_subunit_REV3L_transcript_variant_4_mRNA_1                                     0.0972609 0.0168866 0.0678136 0.0593629 0.0000000 0.0710155 0.0992501 0.0542463 0.0710225 0.0059958 0.0592552 0.0501996 0.0784716 0.1326379 0.0773446 0.0600950 0.0153897 0.1633859 0.0168866 0.0605513 0.1635747 0.0786409 0.0562188 0.0704318 0.0959568 0.1440750 0.1024571 0.1035087 0.1447757 0.1214283 0.1038553 0.1136032 0.1231605 0.0922865 0.1197878 0.0885273 0.0832784 0.1013289 0.0951346 0.0733341 0.0680211 0.0662497 0.0881542 0.0636931 0.0624639 0.0954601 0.0917010 0.0638676 0.0563351 0.0581999 0.0678136 0.0517858 0.0563351 0.0564580 0.0595254 0.0564481 0.0537662 0.0500924 0.0560590 0.0563351 0.0657309 0.0735002 0.0716646 0.0560047 0.0597236 0.0597339 0.0597339 0.0671566 0.0667235 0.0710155 0.0667235 0.0689199 0.0668339 0.0578496 0.0557074 0.0517858 0.0515290 0.0497759 0.0601854 0.0735786 0.0735250 0.0594141 0.0709832 0.0515798 0.0577618 0.0578896 0.0557043 0.0577413 0.0538673 0.0478586 0.0558079 0.0596763 0.0804300 0.0500573 0.0765050 0.0744992 0.0690724 0.1019813 0.0575914 0.0711831 0.0713339 0.0710379 0.0726173 0.0611799 0.0632061 0.0792440 0.0709923 0.0577618 0.0520031 0.0733293 0.0713275 0.0791961 0.0832050 0.0795675 0.0562032 0.0643915 0.0663414 0.0605096 0.0169696 0.0153392 0.0184797 0.0184933 0.0216395 0.0250882 0.0029526 0.0200254 0.0619651 0.0250882 0.0075610 0.0153392 0.0075164 0.0153296 0.0105630 0.0218951 0.0269699 0.0236559 0.0203207 0.0574032 0.0410644 0.0447923 0.1591428 0.0698747 0.0871092 0.0783324 0.0751730 0.0760871 0.0777421 0.2121344 0.2218633 0.0536255 0.0534060 0.0774259 
XM_024996589_1_PREDICTED_Bos_taurus_REV3_like_DNA_directed_polymerase_zeta_catalytic_subunit_REV3L_transcript_variant_X1_mRNA_1                            0.1527682 0.0747305 0.0670680 0.0495063 0.0710155 0.0000000 0.1311148 0.0536889 0.0543536 0.0707921 0.0477161 0.0695569 0.0968541 0.1600408 0.0709774 0.0842843 0.0692744 0.1577621 0.0747305 0.0554134 0.1628828 0.0980652 0.0771399 0.0927114 0.1301532 0.1638414 0.1221150 0.1461129 0.1516694 0.1433986 0.1372437 0.1440400 0.1511339 0.1103188 0.1551770 0.1142368 0.1009607 0.1334475 0.1142997 0.0977758 0.0776455 0.0806899 0.1195162 0.0778981 0.0681133 0.1177698 0.1302474 0.0781118 0.0637435 0.0637545 0.0670680 0.0499634 0.0618638 0.0619967 0.0557776 0.0619860 0.0513923 0.0477785 0.0556323 0.0618638 0.0608114 0.0726917 0.0708761 0.0559779 0.0553822 0.0553918 0.0553918 0.0104658 0.0029494 0.0000010 0.0029494 0.0014617 0.0058943 0.0578214 0.0556809 0.0499634 0.0437532 0.0420549 0.0575830 0.0152350 0.0152243 0.0401813 0.0200051 0.0437952 0.0439554 0.0401135 0.0420311 0.0439153 0.0438019 0.0441438 0.0386436 0.0383454 0.0953697 0.0367623 0.0778121 0.0793939 0.0543536 0.1065169 0.0364814 0.0705406 0.0647320 0.0685768 0.0638418 0.0606910 0.0684105 0.0702234 0.0678971 0.0439554 0.0347886 0.0661562 0.0668899 0.0746089 0.0662166 0.0685357 0.0951765 0.0572875 0.0719677 0.0679067 0.0750632 0.0776553 0.0766938 0.0815521 0.0853032 0.0900595 0.0709853 0.0832667 0.0552985 0.0859740 0.0730960 0.0776553 0.0727022 0.0807918 0.0744565 0.0733917 0.0845934 0.0757230 0.0716035 0.0864763 0.0654572 0.0669607 0.1844405 0.0856646 0.0940715 0.0839718 0.0924939 0.0805369 0.0810704 0.2057803 0.2169095 0.0554521 0.0453716 0.0806148 
XM_040758199_1_PREDICTED_Mesocricetus_auratus_REV3_like_DNA_directed_polymerase_zeta_catalytic_subunit_Rev3l_transcript_variant_X1_mRNA_1                  0.0751519 0.1055799 0.1157006 0.1076012 0.0992501 0.1311148 0.0000000 0.1105245 0.1322931 0.0999906 0.1116049 0.0940196 0.1182238 0.0881514 0.1253865 0.0572280 0.0969105 0.2081594 0.1055799 0.1196505 0.2029399 0.1161516 0.1055940 0.1100755 0.0313926 0.1881576 0.0469252 0.0754515 0.1881478 0.1336733 0.0718113 0.0804506 0.0823821 0.0935638 0.0839289 0.0403589 0.1251435 0.0714187 0.1209296 0.1173351 0.1093694 0.1074762 0.0401898 0.1042347 0.1087389 0.1380194 0.0365669 0.1045263 0.0993225 0.1035904 0.1157006 0.1049961 0.1014733 0.1016820 0.1089748 0.1016633 0.1073832 0.1030604 0.1073721 0.1014733 0.1156787 0.1176583 0.1200343 0.1050739 0.1093450 0.1093654 0.1093654 0.1231806 0.1257136 0.1311148 0.1257136 0.1285113 0.1259251 0.1071781 0.1045259 0.1049961 0.1119537 0.1099174 0.1101741 0.1310544 0.1309589 0.1126152 0.1300982 0.1120728 0.1057248 0.1095310 0.1067515 0.1092479 0.1046361 0.1074931 0.1055180 0.1100916 0.1249611 0.0986775 0.1398428 0.1312616 0.1299836 0.1533464 0.1075442 0.1211809 0.1246106 0.1208826 0.1272775 0.1093670 0.1252524 0.1399366 0.1164452 0.1057248 0.1010301 0.1238332 0.1170655 0.1284511 0.1365776 0.1280357 0.1152858 0.1241625 0.1154034 0.1150523 0.1060523 0.1036481 0.1034548 0.1078315 0.1117956 0.1170874 0.0992066 0.1095970 0.1086495 0.1095330 0.1069889 0.1036481 0.1063910 0.1124605 0.1075158 0.1064881 0.1020925 0.1091991 0.1023777 0.1032414 0.0938251 0.1005232 0.2098819 0.1221176 0.1323566 0.1311534 0.1235186 0.1313939 0.1347603 0.2436871 0.2422770 0.1028399 0.0982271 0.1353414 
XM_004753515_2_PREDICTED_Mustela_putorius_furo_REV3_like_polymerase_DNA_directed_zeta_catalytic_subunit_REV3L_transcript_variant_X1_mRNA_1                 0.1198923 0.0554799 0.0350951 0.0410060 0.0542463 0.0536889 0.1105245 0.0000000 0.0514004 0.0540849 0.0264873 0.0521102 0.0861867 0.1308396 0.0635649 0.0720592 0.0502635 0.1471981 0.0554799 0.0449790 0.1473577 0.0806381 0.0615478 0.0840803 0.1050817 0.1385597 0.1104600 0.1228869 0.1315800 0.1233589 0.1144027 0.1119792 0.1270783 0.0997623 0.1319455 0.0943767 0.0811901 0.1127369 0.0988836 0.0892249 0.0663030 0.0731253 0.0992905 0.0704387 0.0377193 0.0957109 0.1139861 0.0706329 0.0339591 0.0339658 0.0350951 0.0218022 0.0322573 0.0357723 0.0185546 0.0323265 0.0074549 0.0044423 0.0320855 0.0322573 0.0335781 0.0385039 0.0350820 0.0186229 0.0184264 0.0216322 0.0216322 0.0477986 0.0538869 0.0536889 0.0538869 0.0559703 0.0497941 0.0170149 0.0153377 0.0218022 0.0406263 0.0389294 0.0169509 0.0495960 0.0495606 0.0423061 0.0497249 0.0406654 0.0465374 0.0461547 0.0481638 0.0501285 0.0463739 0.0409921 0.0446689 0.0404379 0.0821072 0.0391698 0.0686908 0.0663555 0.0495848 0.1002417 0.0423911 0.0501731 0.0556192 0.0518684 0.0493688 0.0444901 0.0536078 0.0634281 0.0478242 0.0465374 0.0371346 0.0589146 0.0595706 0.0671513 0.0651504 0.0593247 0.0784499 0.0485980 0.0460132 0.0423170 0.0557325 0.0580494 0.0573312 0.0617395 0.0653328 0.0697089 0.0542239 0.0634139 0.0376245 0.0658493 0.0562240 0.0580494 0.0559166 0.0631667 0.0572178 0.0499965 0.0600881 0.0520724 0.0483039 0.0701577 0.0521299 0.0536387 0.1756395 0.0627018 0.0831076 0.0727159 0.0674590 0.0697239 0.0721558 0.1916342 0.2078607 0.0105792 0.0317458 0.0657920 
XM_015600069_2_PREDICTED_Pteropus_alecto_REV3_like_DNA_directed_polymerase_zeta_catalytic_subunit_REV3L_transcript_variant_X1_mRNA_1                       0.1516502 0.0683002 0.0627069 0.0510927 0.0710225 0.0543536 0.1322931 0.0514004 0.0000000 0.0707991 0.0490907 0.0689279 0.1002734 0.1561927 0.0646508 0.0897191 0.0667644 0.1563233 0.0683002 0.0552371 0.1564952 0.1036769 0.0805410 0.0940154 0.1313453 0.1525344 0.1254167 0.1450629 0.1359960 0.1423463 0.1408518 0.1403854 0.1497206 0.1192048 0.1514004 0.1110372 0.1087625 0.1278939 0.1177587 0.0992783 0.0829532 0.0860810 0.1162241 0.0832251 0.0599215 0.1167727 0.1315082 0.0834519 0.0557257 0.0557354 0.0627069 0.0513455 0.0538979 0.0539902 0.0552980 0.0540060 0.0491494 0.0455842 0.0515112 0.0538979 0.0529831 0.0644528 0.0626808 0.0518316 0.0476989 0.0512933 0.0512933 0.0485385 0.0545515 0.0543536 0.0545515 0.0566089 0.0505097 0.0536423 0.0515574 0.0513455 0.0524224 0.0471418 0.0516791 0.0543367 0.0542980 0.0505570 0.0581487 0.0489058 0.0508869 0.0504764 0.0524989 0.0508433 0.0507136 0.0492966 0.0490173 0.0486375 0.0966513 0.0435149 0.0708709 0.0743899 0.0014645 0.1100646 0.0467038 0.0568084 0.0623021 0.0530456 0.0449975 0.0491719 0.0508504 0.0316947 0.0580316 0.0508869 0.0414553 0.0563508 0.0569736 0.0644276 0.0624654 0.0623055 0.0965240 0.0571068 0.0676527 0.0636711 0.0686044 0.0710908 0.0702164 0.0748982 0.0785779 0.0831811 0.0709923 0.0765912 0.0420573 0.0791927 0.0711406 0.0710908 0.0727096 0.0802382 0.0739462 0.0746968 0.0858804 0.0770261 0.0729154 0.0837035 0.0706425 0.0682748 0.1799391 0.0789461 0.0958881 0.0913574 0.0817338 0.0780508 0.0790702 0.2012061 0.2090746 0.0495289 0.0449795 0.0799470 
XM_016956167_2_PREDICTED_Pan_troglodytes_REV3_like_DNA_directed_polymerase_zeta_catalytic_subunit_REV3L_transcript_variant_X1_mRNA_1                       0.1022514 0.0168469 0.0676010 0.0635845 0.0059958 0.0707921 0.0999906 0.0540849 0.0707991 0.0000000 0.0590768 0.0542652 0.0782152 0.1321472 0.0779171 0.0605470 0.0153538 0.1627519 0.0168469 0.0603651 0.1629388 0.0832902 0.0560499 0.0729157 0.1009571 0.1499667 0.1021000 0.1031501 0.1442232 0.1245998 0.1034943 0.1188492 0.1195611 0.0929833 0.1252113 0.0882258 0.0880361 0.1063845 0.0948103 0.0730960 0.0678071 0.0706594 0.0930376 0.0680217 0.0668042 0.0951337 0.0966214 0.0682086 0.0605407 0.0624381 0.0676010 0.0558610 0.0605407 0.0606721 0.0637579 0.0606615 0.0536075 0.0499468 0.0602462 0.0605407 0.0655265 0.0732660 0.0714372 0.0559006 0.0595424 0.0595527 0.0595527 0.0669479 0.0710669 0.0707921 0.0710669 0.0733145 0.0666271 0.0577426 0.0598670 0.0558610 0.0513791 0.0478236 0.0557326 0.0733439 0.0732907 0.0592348 0.0754208 0.0496120 0.0619693 0.0577149 0.0598649 0.0619489 0.0579956 0.0500126 0.0599756 0.0594954 0.0851039 0.0541077 0.0811156 0.0790767 0.0688565 0.1046700 0.0574185 0.0756313 0.0711087 0.0754772 0.0723887 0.0654293 0.0674994 0.0798290 0.0690143 0.0619693 0.0518505 0.0692226 0.0718573 0.0797808 0.0789569 0.0753572 0.0566274 0.0641909 0.0706572 0.0647136 0.0169295 0.0186698 0.0184357 0.0218818 0.0250789 0.0286189 0.0059942 0.0234334 0.0617747 0.0286189 0.0044516 0.0186698 0.0075001 0.0137186 0.0105396 0.0218413 0.0271829 0.0235968 0.0202712 0.0615851 0.0449502 0.0446647 0.1659505 0.0743329 0.0919288 0.0784834 0.0796965 0.0738485 0.0823384 0.2195679 0.2294389 0.0577349 0.0496339 0.0820024 
XM_034668992_1_PREDICTED_Ailuropoda_melanoleuca_REV3_like_DNA_directed_polymerase_zeta_catalytic_subunit_REV3L_transcript_variant_X1_mRNA_1                0.1253859 0.0604523 0.0316195 0.0440886 0.0592552 0.0477161 0.1116049 0.0264873 0.0490907 0.0590768 0.0000000 0.0573136 0.0872793 0.1293294 0.0628977 0.0771812 0.0552168 0.1505830 0.0604523 0.0409652 0.1507468 0.0738670 0.0646802 0.0832016 0.1105334 0.1419676 0.1137439 0.1194334 0.1396592 0.1346414 0.1110732 0.1174481 0.1235802 0.1052370 0.1304105 0.0955448 0.0804081 0.1117712 0.0999051 0.0862158 0.0733906 0.0763408 0.1004416 0.0736259 0.0373087 0.1010153 0.1126658 0.0738272 0.0335881 0.0335947 0.0316195 0.0105669 0.0319035 0.0319779 0.0233236 0.0319716 0.0246200 0.0213998 0.0351361 0.0319035 0.0400335 0.0383870 0.0349748 0.0201658 0.0199535 0.0199579 0.0199579 0.0420196 0.0478871 0.0477161 0.0478871 0.0498963 0.0439453 0.0217766 0.0200525 0.0105669 0.0436640 0.0454840 0.0249421 0.0437691 0.0437381 0.0453420 0.0474292 0.0472414 0.0496164 0.0492128 0.0512370 0.0532116 0.0494454 0.0476189 0.0477419 0.0434638 0.0893470 0.0457630 0.0693556 0.0670458 0.0508605 0.1117933 0.0454322 0.0569389 0.0587309 0.0605106 0.0542472 0.0529718 0.0549021 0.0665370 0.0545245 0.0496164 0.0436561 0.0583001 0.0589446 0.0664502 0.0607285 0.0605725 0.0836411 0.0445090 0.0508856 0.0506978 0.0607231 0.0630906 0.0623174 0.0668028 0.0704077 0.0748427 0.0592306 0.0684745 0.0407305 0.0709578 0.0612505 0.0630906 0.0609200 0.0682060 0.0621938 0.0549280 0.0613437 0.0570373 0.0532313 0.0694186 0.0552487 0.0567439 0.1781467 0.0756692 0.0883863 0.0779567 0.0823992 0.0728851 0.0792852 0.1933324 0.2041518 0.0280749 0.0264598 0.0728739 
XM_006157005_3_PREDICTED_Tupaia_chinensis_REV3_like_DNA_directed_polymerase_zeta_catalytic_subunit_REV3L_transcript_variant_X3_mRNA_1                      0.1139426 0.0519641 0.0659062 0.0482186 0.0501996 0.0695569 0.0940196 0.0521102 0.0689279 0.0542652 0.0573136 0.0000000 0.0718336 0.1241360 0.0747462 0.0614578 0.0467661 0.1483736 0.0519641 0.0604174 0.1461802 0.0681677 0.0462279 0.0776837 0.0969792 0.1381400 0.0949898 0.1137783 0.1350152 0.1066560 0.1054501 0.1084753 0.1222407 0.0861095 0.1160731 0.0794410 0.0705731 0.0986454 0.0819492 0.0746375 0.0638168 0.0601468 0.0791087 0.0595789 0.0623937 0.0828943 0.0992478 0.0597418 0.0581215 0.0581316 0.0659062 0.0498937 0.0562678 0.0563907 0.0575760 0.0563808 0.0518572 0.0482071 0.0578389 0.0562678 0.0599409 0.0715709 0.0697414 0.0540711 0.0577675 0.0577775 0.0577775 0.0632134 0.0652658 0.0695569 0.0652658 0.0674609 0.0653745 0.0559052 0.0537838 0.0498937 0.0555895 0.0575050 0.0582147 0.0676231 0.0675740 0.0673713 0.0671368 0.0593610 0.0614051 0.0691710 0.0668650 0.0689952 0.0649715 0.0555163 0.0631868 0.0652587 0.0864620 0.0572912 0.0763473 0.0760985 0.0669919 0.0950484 0.0650014 0.0710682 0.0776517 0.0709232 0.0686229 0.0648405 0.0669240 0.0831074 0.0708778 0.0614051 0.0592912 0.0771389 0.0712129 0.0810134 0.0837647 0.0769361 0.0714840 0.0642518 0.0682291 0.0642133 0.0522020 0.0502479 0.0501463 0.0538440 0.0573621 0.0615735 0.0501792 0.0518280 0.0656711 0.0578162 0.0564167 0.0502479 0.0561064 0.0595962 0.0574137 0.0524540 0.0562741 0.0545789 0.0507336 0.0596070 0.0389570 0.0426085 0.1572639 0.0663155 0.0808054 0.0723713 0.0770052 0.0755528 0.0683068 0.1926817 0.2003471 0.0517215 0.0533103 0.0674020 
XM_013069186_2_PREDICTED_Heterocephalus_glaber_REV3_like_DNA_directed_polymerase_zeta_catalytic_subunit_Rev3l_transcript_variant_X1_mRNA_1                 0.1412169 0.0737106 0.1011985 0.0946526 0.0784716 0.0968541 0.1182238 0.0861867 0.1002734 0.0782152 0.0872793 0.0718336 0.0000000 0.1491260 0.1033083 0.0796271 0.0700616 0.1753301 0.0737106 0.0886716 0.1753951 0.0934778 0.0715775 0.0918192 0.1193703 0.1713607 0.1159385 0.1349023 0.1537544 0.1414503 0.1241183 0.1351814 0.1339515 0.1128615 0.1397336 0.1040613 0.0941191 0.1249066 0.0452924 0.0317890 0.0749058 0.0779355 0.1047659 0.0751509 0.0986826 0.0437411 0.1262843 0.0753597 0.0978849 0.0979029 0.1011985 0.0901755 0.0958005 0.0980879 0.0949095 0.0959820 0.0834042 0.0793697 0.0932337 0.0958005 0.0948019 0.1052842 0.1033112 0.0910743 0.0900815 0.0921277 0.0921277 0.0897983 0.0972582 0.0968541 0.0972582 0.0997922 0.0922197 0.0931271 0.0905955 0.0901755 0.0875487 0.0856214 0.0907668 0.0968174 0.0967467 0.0965111 0.1013980 0.0876401 0.0993266 0.0943208 0.0968841 0.0993132 0.0948026 0.0883794 0.0970553 0.0962467 0.1029549 0.0903696 0.0990303 0.0969797 0.0981468 0.1142820 0.0938328 0.1017124 0.1056570 0.0992144 0.0936498 0.0965495 0.0990335 0.1054308 0.1025446 0.0993266 0.0875867 0.1006478 0.1038103 0.1125070 0.1101283 0.1003979 0.0948388 0.0886981 0.1025063 0.0958984 0.0740426 0.0766481 0.0756889 0.0805759 0.0803151 0.0850307 0.0784374 0.0782845 0.0886018 0.0790369 0.0806359 0.0766481 0.0781676 0.0838742 0.0814207 0.0738588 0.0897660 0.0762079 0.0764172 0.0796735 0.0657685 0.0669149 0.1960892 0.1055389 0.1220168 0.1007332 0.1038266 0.0987900 0.1028081 0.2162870 0.2232917 0.0881518 0.0808423 0.1018625 
XM_006256524_2_PREDICTED_Rattus_norvegicus_REV3_like_DNA_directed_polymerase_zeta_catalytic_subunit_Rev3l_transcript_variant_X1_mRNA_1                     0.0645454 0.1333764 0.1270864 0.1464782 0.1326379 0.1600408 0.0881514 0.1308396 0.1561927 0.1321472 0.1293294 0.1241360 0.1491260 0.0000000 0.1638916 0.0900690 0.1219561 0.2149022 0.1333764 0.1463984 0.2120977 0.1431842 0.1288100 0.1355333 0.0992601 0.1969509 0.0859593 0.0600958 0.2024639 0.1739518 0.0602890 0.0714402 0.0744286 0.1293014 0.0120253 0.0911370 0.1505764 0.0701384 0.1495757 0.1439159 0.1253315 0.1268840 0.0958652 0.1232998 0.1349382 0.1612162 0.0903825 0.1258903 0.1292369 0.1292629 0.1270864 0.1283033 0.1270007 0.1272618 0.1324841 0.1272363 0.1274094 0.1228741 0.1311486 0.1270007 0.1370166 0.1314902 0.1269662 0.1284004 0.1269716 0.1224754 0.1224754 0.1513910 0.1607719 0.1600408 0.1607719 0.1639392 0.1544011 0.1306304 0.1277206 0.1283033 0.1401315 0.1405400 0.1279372 0.1537751 0.1536645 0.1388283 0.1591913 0.1428589 0.1434510 0.1411842 0.1442470 0.1470969 0.1419323 0.1441405 0.1431627 0.1361017 0.1453673 0.1380574 0.1665728 0.1607222 0.1537589 0.1864642 0.1390860 0.1544101 0.1566814 0.1492164 0.1567211 0.1509681 0.1587660 0.1734147 0.1527524 0.1434510 0.1345706 0.1556198 0.1548873 0.1697569 0.1719262 0.1600959 0.1526042 0.1488747 0.1549265 0.1496005 0.1339794 0.1374934 0.1311033 0.1420563 0.1414871 0.1426646 0.1325794 0.1390999 0.1371123 0.1390273 0.1351914 0.1374934 0.1344121 0.1385334 0.1353998 0.1288067 0.1353462 0.1294141 0.1223024 0.1345396 0.1151667 0.1166361 0.2504277 0.1548456 0.1614641 0.1466488 0.1511755 0.1485892 0.1514363 0.2512398 0.2556866 0.1284869 0.1229904 0.1615084 
XM_005883745_2_PREDICTED_Myotis_brandtii_REV3_like_polymerase_DNA_directed_zeta_catalytic_subunit_REV3L_transcript_variant_X1_mRNA_1                       0.1539698 0.0832753 0.0755012 0.0588186 0.0773446 0.0709774 0.1253865 0.0635649 0.0646508 0.0779171 0.0628977 0.0747462 0.1033083 0.1638916 0.0000000 0.0835202 0.0737310 0.1708440 0.0832753 0.0618888 0.1761032 0.1055292 0.0834608 0.0966977 0.1311678 0.1550775 0.1336057 0.1537387 0.1643947 0.1568743 0.1447238 0.1380295 0.1513537 0.1167042 0.1523288 0.1164501 0.1106418 0.1393822 0.1211372 0.1012377 0.0969197 0.0950728 0.1159502 0.0920599 0.0759087 0.1246635 0.1336669 0.0923122 0.0713961 0.0714085 0.0755012 0.0609564 0.0694779 0.0696249 0.0670122 0.0696129 0.0611134 0.0573590 0.0593647 0.0694779 0.0748057 0.0772830 0.0754335 0.0634376 0.0672344 0.0672459 0.0672459 0.0628379 0.0666865 0.0709774 0.0666865 0.0688823 0.0667968 0.0653191 0.0631049 0.0609564 0.0645021 0.0589613 0.0695900 0.0709541 0.0709029 0.0706928 0.0704483 0.0608151 0.0666092 0.0705868 0.0682783 0.0665588 0.0663880 0.0569720 0.0646077 0.0685653 0.1023620 0.0587163 0.0842529 0.0818149 0.0627489 0.1190394 0.0664184 0.0572543 0.0672612 0.0534370 0.0625027 0.0424057 0.0626121 0.0668735 0.0534287 0.0666092 0.0607159 0.0218357 0.0154129 0.0121047 0.0137981 0.0044557 0.0964352 0.0657190 0.0798006 0.0756289 0.0836463 0.0814373 0.0852993 0.0853662 0.0891399 0.0939613 0.0773113 0.0870847 0.0502264 0.0898408 0.0823221 0.0814373 0.0798897 0.0855943 0.0811162 0.0819461 0.0803362 0.0843812 0.0760883 0.0897257 0.0705952 0.0767516 0.1816420 0.0939490 0.1052896 0.1011374 0.0884514 0.0921879 0.0942792 0.2243406 0.2359108 0.0609556 0.0511161 0.0806205 
XM_008852401_2_PREDICTED_Nannospalax_galili_REV3_like_DNA_directed_polymerase_zeta_catalytic_subunit_Rev3l_transcript_variant_X1_mRNA_1                    0.0726555 0.0657628 0.0905604 0.0733582 0.0600950 0.0842843 0.0572280 0.0720592 0.0897191 0.0605470 0.0771812 0.0614578 0.0796271 0.0900690 0.0835202 0.0000000 0.0580690 0.1673409 0.0657628 0.0828964 0.1751980 0.0807679 0.0599743 0.0737722 0.0615117 0.1589674 0.0672947 0.0725566 0.1559914 0.1116217 0.0689007 0.0757862 0.0796408 0.0529624 0.0810285 0.0546328 0.0854465 0.0667042 0.0961955 0.0785178 0.0649575 0.0631781 0.0544038 0.0606461 0.0748821 0.0972089 0.0673376 0.0608140 0.0742818 0.0742947 0.0905604 0.0712058 0.0723325 0.0724859 0.0755777 0.0724733 0.0694720 0.0655953 0.0719902 0.0723325 0.0822185 0.0966024 0.0946657 0.0738536 0.0777882 0.0778017 0.0778017 0.0775400 0.0797153 0.0842843 0.0797153 0.0820607 0.0798476 0.0738536 0.0715368 0.0712058 0.0734130 0.0715458 0.0764110 0.0842546 0.0841930 0.0720057 0.0836509 0.0734888 0.0678495 0.0718967 0.0695434 0.0717128 0.0676216 0.0694345 0.0658129 0.0698393 0.0827493 0.0598187 0.0936925 0.0937155 0.0876527 0.1093425 0.0676530 0.0796969 0.0865835 0.0755762 0.0894007 0.0713457 0.0854623 0.0943680 0.0795203 0.0678495 0.0618539 0.0819738 0.0799072 0.0880127 0.0950518 0.0857974 0.0625139 0.0870085 0.0887800 0.0844553 0.0660612 0.0639837 0.0676945 0.0677461 0.0655607 0.0719281 0.0600697 0.0655607 0.0722221 0.0680324 0.0666438 0.0639837 0.0643319 0.0718239 0.0675569 0.0663403 0.0686212 0.0686218 0.0626190 0.0777666 0.0465152 0.0558641 0.1718094 0.0913012 0.1019638 0.0921515 0.0983087 0.0844126 0.0997583 0.2116343 0.2187402 0.0654555 0.0632745 0.0943324 
XM_035296530_1_PREDICTED_Callithrix_jacchus_REV3_like_DNA_directed_polymerase_zeta_catalytic_subunit_REV3L_transcript_variant_X1_mRNA_1                    0.1057505 0.0136468 0.0673973 0.0596247 0.0153897 0.0692744 0.0969105 0.0502635 0.0667644 0.0153538 0.0552168 0.0467661 0.0700616 0.1219561 0.0737310 0.0580690 0.0000000 0.1476243 0.0136468 0.0563985 0.1477849 0.0789886 0.0485269 0.0683113 0.0936230 0.1352766 0.0947988 0.1023772 0.1316892 0.1143629 0.0984559 0.1111726 0.1148639 0.0920915 0.1152152 0.0812156 0.0795322 0.1012633 0.0862467 0.0688981 0.0637751 0.0665435 0.0858676 0.0639740 0.0627417 0.0906517 0.0916418 0.0641497 0.0565862 0.0584586 0.0673973 0.0520159 0.0565862 0.0567100 0.0597880 0.0567000 0.0498178 0.0462081 0.0563082 0.0565862 0.0615420 0.0730473 0.0712227 0.0562534 0.0556529 0.0556626 0.0556626 0.0629656 0.0695435 0.0692744 0.0695435 0.0717879 0.0651142 0.0581058 0.0559541 0.0520159 0.0512236 0.0494812 0.0560833 0.0692518 0.0692016 0.0553639 0.0733699 0.0512738 0.0580174 0.0538464 0.0559510 0.0579969 0.0541065 0.0516877 0.0560552 0.0556085 0.0807849 0.0502805 0.0728246 0.0708306 0.0648484 0.1024342 0.0535696 0.0714938 0.0670597 0.0713472 0.0645342 0.0614477 0.0634829 0.0795894 0.0688089 0.0580174 0.0480801 0.0690154 0.0716405 0.0795412 0.0814113 0.0751312 0.0640216 0.0601705 0.0686562 0.0627557 0.0137143 0.0154042 0.0152108 0.0185709 0.0217288 0.0251921 0.0153849 0.0201092 0.0578365 0.0251921 0.0170340 0.0154042 0.0169359 0.0200450 0.0183420 0.0136576 0.0219143 0.0153047 0.0121337 0.0539277 0.0377113 0.0374729 0.1599951 0.0701498 0.0807489 0.0703097 0.0694832 0.0694961 0.0807983 0.2075749 0.2173037 0.0538632 0.0494831 0.0737802 
XM_031964400_1_PREDICTED_Sarcophilus_harrisii_REV3_like_DNA_directed_polymerase_zeta_catalytic_subunit_REV3L_transcript_variant_X1_mRNA_1                  0.2145406 0.1540496 0.1628869 0.1465344 0.1633859 0.1577621 0.2081594 0.1471981 0.1563233 0.1627519 0.1505830 0.1483736 0.1753301 0.2149022 0.1708440 0.1673409 0.1476243 0.0000000 0.1540496 0.1452552 0.0472327 0.1893084 0.1622244 0.1733460 0.2076228 0.0443276 0.1746841 0.2008286 0.0439571 0.2267233 0.2014545 0.2134364 0.2231033 0.2009985 0.2249025 0.1859770 0.1934527 0.2077222 0.1891441 0.1753224 0.1563256 0.1636704 0.1899626 0.1619572 0.1530041 0.2019670 0.1981210 0.1589414 0.1530690 0.1531022 0.1628869 0.1495769 0.1506981 0.1510115 0.1491716 0.1509788 0.1458923 0.1411146 0.1465518 0.1506981 0.1525368 0.1700123 0.1677750 0.1449344 0.1386109 0.1386394 0.1386394 0.1442819 0.1584805 0.1577621 0.1584805 0.1616215 0.1498382 0.1472678 0.1441505 0.1495769 0.1511607 0.1489816 0.1491462 0.1443236 0.1503070 0.1452719 0.1558183 0.1513227 0.1535263 0.1418632 0.1471146 0.1499924 0.1447845 0.1526802 0.1460427 0.1424699 0.1730912 0.1430642 0.1399586 0.1570389 0.1538906 0.1698559 0.1397586 0.1645039 0.1645348 0.1534957 0.1615311 0.1535475 0.1762239 0.1763360 0.1577892 0.1535263 0.1395038 0.1557047 0.1674549 0.1752574 0.1774396 0.1669226 0.1771764 0.1477069 0.1683351 0.1677079 0.1547574 0.1586093 0.1516621 0.1633936 0.1627160 0.1642480 0.1633144 0.1602039 0.1455854 0.1618166 0.1661663 0.1586093 0.1651680 0.1668509 0.1659748 0.1604022 0.1783355 0.1599707 0.1607001 0.1649763 0.1476586 0.1490830 0.2827583 0.1479841 0.1529751 0.1328414 0.1585355 0.1543169 0.1591241 0.1864679 0.1877214 0.1424127 0.1392783 0.1516816 
XM_015448392_1_PREDICTED_Macaca_fascicularis_REV3_like_DNA_directed_polymerase_zeta_catalytic_subunit_REV3L_transcript_variant_X1_mRNA_1                   0.1102729 0.0000010 0.0689756 0.0649653 0.0168866 0.0747305 0.1055799 0.0554799 0.0683002 0.0168469 0.0604523 0.0519641 0.0737106 0.1333764 0.0832753 0.0657628 0.0136468 0.1540496 0.0000000 0.0579743 0.1590685 0.0846548 0.0537313 0.0763071 0.1022884 0.1462946 0.1034166 0.1111038 0.1406019 0.1214550 0.1071166 0.1201095 0.1239724 0.0923085 0.1264652 0.0895891 0.0852336 0.1100390 0.0900123 0.0686428 0.0691842 0.0720464 0.0943965 0.0694028 0.0661414 0.0903189 0.1002656 0.0695925 0.0599371 0.0618178 0.0689756 0.0572531 0.0599371 0.0600665 0.0651410 0.0600560 0.0549951 0.0513407 0.0616414 0.0599371 0.0630829 0.0746272 0.0728035 0.0615799 0.0609254 0.0609359 0.0609359 0.0683141 0.0750235 0.0747305 0.0750235 0.0773099 0.0705038 0.0634523 0.0612561 0.0572531 0.0527627 0.0510203 0.0613911 0.0747057 0.0746519 0.0606138 0.0788885 0.0528144 0.0633574 0.0591028 0.0612544 0.0633371 0.0593881 0.0532394 0.0613658 0.0608778 0.0823592 0.0555043 0.0765238 0.0705353 0.0663832 0.1017728 0.0588016 0.0691432 0.0686004 0.0728978 0.0698792 0.0668057 0.0688739 0.0811477 0.0703467 0.0633574 0.0532429 0.0667343 0.0771561 0.0851471 0.0870264 0.0806606 0.0656071 0.0617497 0.0663577 0.0605247 0.0029608 0.0044898 0.0044333 0.0044794 0.0105586 0.0137769 0.0137185 0.0090192 0.0593778 0.0137769 0.0185357 0.0044898 0.0184298 0.0215359 0.0198244 0.0232698 0.0319904 0.0250282 0.0217066 0.0591951 0.0427803 0.0425104 0.1536116 0.0657816 0.0909898 0.0737353 0.0749585 0.0753378 0.0823727 0.2146887 0.2244336 0.0591238 0.0546304 0.0772064 
XM_023650934_1_PREDICTED_Equus_caballus_REV3_like_DNA_directed_polymerase_zeta_catalytic_subunit_REV3L_transcript_variant_X1_mRNA_1                        0.1283349 0.0579743 0.0502063 0.0519608 0.0605513 0.0554134 0.1196505 0.0449790 0.0552371 0.0603651 0.0409652 0.0604174 0.0886716 0.1463984 0.0618888 0.0828964 0.0563985 0.1452552 0.0579743 0.0000000 0.1454101 0.0903500 0.0660493 0.0983405 0.1186175 0.1367314 0.1141688 0.1267335 0.1344523 0.1399167 0.1182227 0.1252533 0.1312573 0.1118539 0.1416395 0.1031321 0.0903206 0.1243754 0.1014948 0.0876035 0.0809003 0.0840437 0.1082089 0.0811687 0.0509669 0.1047578 0.1175034 0.0813938 0.0510046 0.0510137 0.0502063 0.0395604 0.0491807 0.0492906 0.0469659 0.0492818 0.0427900 0.0392545 0.0486583 0.0491807 0.0537982 0.0555809 0.0538356 0.0399496 0.0430577 0.0430656 0.0430656 0.0494933 0.0556185 0.0554134 0.0556185 0.0577140 0.0515009 0.0417195 0.0397306 0.0395604 0.0425299 0.0443618 0.0415504 0.0553960 0.0535428 0.0518118 0.0592755 0.0461323 0.0521566 0.0517280 0.0538003 0.0558181 0.0519761 0.0465050 0.0502442 0.0498470 0.0838314 0.0482203 0.0768823 0.0744567 0.0552371 0.1048573 0.0478671 0.0572661 0.0590671 0.0571465 0.0513444 0.0446664 0.0575342 0.0713477 0.0548359 0.0521566 0.0460571 0.0610135 0.0579087 0.0654706 0.0615697 0.0595524 0.0813265 0.0029254 0.0649287 0.0609393 0.0582391 0.0606102 0.0598553 0.0643572 0.0680008 0.0724621 0.0605257 0.0660508 0.0483887 0.0685413 0.0606624 0.0606102 0.0622450 0.0657895 0.0635344 0.0641946 0.0710521 0.0664452 0.0586056 0.0737234 0.0564325 0.0539387 0.1774247 0.0747127 0.0890718 0.0784865 0.0815043 0.0754233 0.0803392 0.2173120 0.2288108 0.0467065 0.0352486 0.0758357 
XM_036766364_1_PREDICTED_Trichosurus_vulpecula_REV3_like_DNA_directed_polymerase_zeta_catalytic_subunit_REV3L_transcript_variant_X1_mRNA_1                 0.2150034 0.1590685 0.1581478 0.1386361 0.1635747 0.1628828 0.2029399 0.1473577 0.1564952 0.1629388 0.1507468 0.1461802 0.1753951 0.2120977 0.1761032 0.1751980 0.1477849 0.0472327 0.1590685 0.1454101 0.0000000 0.1948386 0.1551268 0.1732068 0.2023572 0.0322120 0.1827783 0.2012390 0.0562988 0.2267445 0.2018680 0.2193951 0.2292729 0.2126959 0.2220488 0.1916604 0.1963162 0.2081631 0.1920944 0.1752846 0.1561760 0.1609730 0.1957254 0.1567756 0.1580546 0.2050381 0.2121573 0.1538055 0.1581210 0.1581558 0.1581478 0.1521951 0.1557258 0.1560502 0.1493340 0.1560160 0.1460488 0.1412640 0.1514870 0.1557258 0.1527032 0.1652297 0.1630030 0.1450906 0.1387566 0.1387853 0.1387853 0.1492082 0.1636291 0.1628828 0.1636291 0.1668247 0.1548490 0.1474276 0.1443049 0.1521951 0.1466164 0.1444495 0.1493085 0.1492514 0.1553372 0.1550091 0.1559911 0.1467738 0.1536955 0.1514708 0.1568618 0.1598283 0.1544854 0.1480878 0.1558399 0.1521233 0.1834665 0.1479278 0.1509320 0.1682986 0.1540584 0.1811771 0.1493333 0.1696537 0.1696845 0.1609800 0.1617125 0.1635194 0.1764362 0.1663912 0.1628200 0.1536955 0.1442946 0.1706518 0.1692665 0.1805480 0.1827461 0.1721023 0.1800171 0.1478656 0.1586292 0.1580419 0.1598022 0.1637340 0.1542872 0.1685676 0.1629028 0.1644392 0.1635029 0.1554927 0.1578116 0.1620033 0.1663606 0.1637340 0.1653595 0.1670448 0.1661663 0.1605850 0.1785570 0.1601522 0.1634090 0.1601441 0.1527176 0.1541325 0.2914225 0.1505189 0.1507724 0.1353447 0.1588006 0.1520400 0.1515897 0.1975172 0.1987339 0.1425651 0.1347561 0.1567645 
XM_040983897_1_PREDICTED_Ochotona_curzoniae_REV3_like_DNA_directed_polymerase_zeta_catalytic_subunit_REV3L_transcript_variant_X1_mRNA_1                    0.1384363 0.0846548 0.0934018 0.0885866 0.0786409 0.0980652 0.1161516 0.0806381 0.1036769 0.0832902 0.0738670 0.0681677 0.0934778 0.1431842 0.1055292 0.0807679 0.0789886 0.1893084 0.0846548 0.0903500 0.1948386 0.0000000 0.0584364 0.0983299 0.1195054 0.1856136 0.1217897 0.1359610 0.1774746 0.1444281 0.1271804 0.1209551 0.1450030 0.1049965 0.1322145 0.1130339 0.0137532 0.1176197 0.1042543 0.0967098 0.0838962 0.0820572 0.1125478 0.0792133 0.0836150 0.1135591 0.1243398 0.0788661 0.0829433 0.0788787 0.0934018 0.0717994 0.0809423 0.0831170 0.0842166 0.0810980 0.0779219 0.0739341 0.0866227 0.0809423 0.0910962 0.0974338 0.0954830 0.0764760 0.0844996 0.0865245 0.0865245 0.0909231 0.0932196 0.0980652 0.0932196 0.0957140 0.0933751 0.0784469 0.0760738 0.0717994 0.0845710 0.0867122 0.0810755 0.0980275 0.0979554 0.0998160 0.0931334 0.0887524 0.0952220 0.0996737 0.0969892 0.0994158 0.0949099 0.0844642 0.0929809 0.0973977 0.1121151 0.0863833 0.0969195 0.1057223 0.1015147 0.1248395 0.0949555 0.1017163 0.1113422 0.0972413 0.0989690 0.0967601 0.0908459 0.1119253 0.1035380 0.0952220 0.0886433 0.1082778 0.1060406 0.1147724 0.1180634 0.1080113 0.0937511 0.0945844 0.1004346 0.0959126 0.0850357 0.0827929 0.0867075 0.0867764 0.0864951 0.0892180 0.0786067 0.0844326 0.0877300 0.0852409 0.0857848 0.0827929 0.0832389 0.0911381 0.0865271 0.0833154 0.0829872 0.0809338 0.0814612 0.0849954 0.0601343 0.0719395 0.1911061 0.1010484 0.1061208 0.1107408 0.1059230 0.1022832 0.1033760 0.2276959 0.2263955 0.0777202 0.0838579 0.0996951 
XM_008263376_2_PREDICTED_Oryctolagus_cuniculus_REV3_like_DNA_directed_polymerase_zeta_catalytic_subunit_REV3L_transcript_variant_X1_mRNA_1                 0.1169437 0.0537313 0.0773265 0.0654784 0.0562188 0.0771399 0.1055940 0.0615478 0.0805410 0.0560499 0.0646802 0.0462279 0.0715775 0.1288100 0.0834608 0.0599743 0.0485269 0.1622244 0.0537313 0.0660493 0.1551268 0.0584364 0.0000000 0.0842352 0.1001353 0.1537092 0.0991916 0.1090532 0.1461977 0.1281964 0.1008372 0.1113902 0.1240392 0.0949666 0.1242517 0.0916651 0.0588426 0.1014677 0.0877907 0.0744000 0.0597985 0.0624826 0.0965050 0.0599821 0.0726709 0.0928523 0.1089578 0.0601468 0.0720892 0.0721017 0.0773265 0.0633615 0.0701558 0.0703048 0.0695023 0.0702926 0.0591316 0.0554106 0.0698230 0.0701558 0.0712844 0.0831236 0.0812580 0.0658916 0.0651867 0.0651978 0.0651978 0.0706408 0.0774444 0.0771399 0.0774444 0.0797629 0.0728602 0.0677957 0.0655444 0.0633615 0.0648431 0.0630295 0.0656857 0.0771139 0.0770582 0.0710866 0.0813487 0.0649086 0.0676952 0.0709807 0.0732676 0.0754634 0.0713300 0.0654408 0.0695110 0.0689516 0.0891925 0.0634545 0.0830897 0.0851213 0.0785464 0.1000525 0.0667962 0.0815697 0.0787666 0.0773960 0.0723628 0.0750779 0.0772549 0.0961488 0.0787195 0.0676952 0.0610729 0.0829378 0.0857833 0.0920513 0.0898459 0.0808416 0.0719873 0.0699334 0.0805489 0.0763431 0.0539769 0.0562732 0.0555759 0.0599514 0.0597600 0.0678864 0.0561954 0.0578694 0.0713411 0.0622187 0.0582134 0.0562732 0.0560168 0.0613859 0.0591907 0.0560714 0.0621113 0.0582258 0.0543438 0.0658634 0.0393067 0.0443395 0.1737590 0.0847715 0.0958942 0.0845272 0.0897299 0.0811827 0.0827973 0.1977628 0.1989806 0.0633607 0.0587401 0.0792126 
