152
NM_001372078_1_Homo_sapiens_REV3_like_DNA_directed_polymerase_zeta_catalytic_subunit_REV3L_transcript_variant_4_mRNA_1                                     0.0000000 0.1615570 0.1879021 0.0193493 0.0902532 0.0805093 0.0026818 0.0826618 0.1403390 0.0194644 0.0857732 0.0780043 0.0821921 0.0937136 0.0856711 0.1400163 0.1009651 0.1135304 0.0777691 0.0333186 0.2303492 0.2338385 0.2264151 0.2232449 0.1169024 0.1276833 0.0873200 0.1854641 0.0915709 0.1225856 0.1623299 0.1479586 0.1364831 0.1853475 0.1624822 0.1905986 0.1625132 0.1653042 0.1444496 0.1429878 0.1083443 0.1190344 0.1058312 0.0904994 0.0905829 0.0888046 0.0875434 0.0814920 0.0800613 0.0797550 0.0791361 0.0807094 0.0793333 0.0798104 0.0805093 0.0784479 0.0843399 0.0865532 0.0757965 0.0829808 0.0872230 0.0827619 0.0809896 0.0785637 0.0774003 0.0774910 0.0780286 0.0753605 0.0791994 0.0753960 0.0751358 0.0921202 0.0903893 0.0904195 0.0911685 0.0891719 0.0891880 0.0922802 0.0934398 0.0957638 0.0779684 0.0789683 0.0802300 0.0785669 0.0776570 0.0763642 0.0783820 0.0780347 0.0774475 0.0783201 0.0781877 0.0779151 0.0760581 0.0766988 0.0767071 0.0767209 0.1396606 0.1194448 0.1074823 0.0951725 0.0824651 0.0820857 0.0846363 0.0968030 0.1006945 0.0889188 0.0881228 0.0858818 0.0943027 0.0995006 0.1049301 0.0973693 0.0915717 0.0919371 0.0829497 0.0780807 0.1624561 0.0740980 0.1813950 0.0227243 0.0203706 0.0191515 0.0207251 0.0207314 0.0200416 0.0205093 0.0209629 0.0247657 0.0053887 0.0030060 0.0109781 0.0131228 0.0137091 0.0323902 0.0352844 0.0326042 0.0308755 0.0964411 0.0541160 0.0573364 0.0776050 0.0967221 0.1343947 0.1042903 0.0922226 0.0913381 0.1063098 0.3511614 0.3446606 0.0830700 0.0711643 0.0859875 
NM_011264_3_Mus_musculus_REV3_like_DNA_directed_polymerase_zeta_catalytic_subunit_Rev3l_mRNA_1                                                             0.1615570 0.0000000 0.0908954 0.1646655 0.1868413 0.1788840 0.1617377 0.1842060 0.1017298 0.1645149 0.1844738 0.1756237 0.1783498 0.1958882 0.1826760 0.1001018 0.1778152 0.1330595 0.1731703 0.1707668 0.3230580 0.3321668 0.3218452 0.3152203 0.2031252 0.2107663 0.1823680 0.0187534 0.1613884 0.1925593 0.0327978 0.1076481 0.1809230 0.0871140 0.0556193 0.0686005 0.0547962 0.1247234 0.1050339 0.1043690 0.1824187 0.1966420 0.1845826 0.1749184 0.1747919 0.1710797 0.1694029 0.1787212 0.1754947 0.1742562 0.1745146 0.1780649 0.1741436 0.1748867 0.1785444 0.1751407 0.1822231 0.1844746 0.1775382 0.1824977 0.1855050 0.1813542 0.1791780 0.1749295 0.1788316 0.1803581 0.1805306 0.1755441 0.1825734 0.1764184 0.1755988 0.1867454 0.1864898 0.1870783 0.1895887 0.1850427 0.1868101 0.1873688 0.1886585 0.1888511 0.1756752 0.1787164 0.1822130 0.1785527 0.1808064 0.1790123 0.1799641 0.1806019 0.1793186 0.1806857 0.1805861 0.1806001 0.1794409 0.1789870 0.1793344 0.1791444 0.2328163 0.2257379 0.2067866 0.1961651 0.1787103 0.1788213 0.1832515 0.1963868 0.1990953 0.1850381 0.1834023 0.1865162 0.1946404 0.1963975 0.2055290 0.1984942 0.1932848 0.1941399 0.1821873 0.1738312 0.2505543 0.1727362 0.2736452 0.1646679 0.1649457 0.1647803 0.1650111 0.1660360 0.1640463 0.1622259 0.1625013 0.1668905 0.1630829 0.1619223 0.1624762 0.1622586 0.1618337 0.1677783 0.1785036 0.1702652 0.1667935 0.1948918 0.1584360 0.1613404 0.1855739 0.1848448 0.2296693 0.2004263 0.1876745 0.1870364 0.2005109 0.4391700 0.4334406 0.1794542 0.1731901 0.1816525 
XM_006256524_2_PREDICTED_Rattus_norvegicus_REV3_like_DNA_directed_polymerase_zeta_catalytic_subunit_Rev3l_transcript_variant_X1_mRNA_1                     0.1879021 0.0908954 0.0000000 0.1893429 0.2137913 0.2060791 0.1878586 0.2092357 0.1265946 0.1895329 0.2081602 0.1978228 0.2049278 0.2198359 0.2104800 0.1253818 0.2040722 0.1608861 0.1986863 0.1966694 0.3477508 0.3605983 0.3469611 0.3434153 0.2257536 0.2355610 0.2050299 0.0999208 0.1877780 0.2203616 0.0912825 0.1281884 0.2036093 0.0132319 0.0917708 0.1123485 0.0908389 0.1471707 0.1288202 0.1291058 0.2089240 0.2227983 0.2124303 0.1979674 0.1978353 0.1929985 0.1930053 0.2063996 0.2034940 0.2017978 0.2019408 0.2064989 0.2006174 0.2015864 0.2064355 0.1990832 0.2049045 0.2075255 0.2020020 0.2075923 0.2123040 0.2088534 0.2060105 0.1988886 0.2023259 0.2041437 0.2044959 0.1992796 0.2038279 0.1985062 0.1984078 0.2125497 0.2143231 0.2140474 0.2182331 0.2123221 0.2152240 0.2136443 0.2157157 0.2152418 0.2001281 0.2026012 0.2071324 0.2024311 0.2057362 0.2012873 0.2048873 0.2050186 0.2044273 0.2052771 0.2057615 0.2055248 0.2032694 0.2036907 0.2032284 0.2010285 0.2551317 0.2530638 0.2301867 0.2224172 0.2052438 0.2077238 0.2077426 0.2194946 0.2256446 0.2082990 0.2088682 0.2099054 0.2186298 0.2204863 0.2320727 0.2242067 0.2147806 0.2168994 0.2096025 0.1986098 0.2729672 0.2003891 0.2964396 0.1906523 0.1894602 0.1907329 0.1891926 0.1909564 0.1887411 0.1885084 0.1876538 0.1934955 0.1899132 0.1880554 0.1880513 0.1906588 0.1909740 0.1932715 0.2075205 0.1963311 0.1925959 0.2174533 0.1850041 0.1855771 0.2110943 0.2128127 0.2525526 0.2224234 0.2158254 0.2151363 0.2301359 0.4468965 0.4415921 0.2044376 0.1971297 0.2077389 
XM_028847034_1_PREDICTED_Macaca_mulatta_REV3_like_DNA_directed_polymerase_zeta_catalytic_subunit_REV3L_transcript_variant_X1_mRNA_1                        0.0193493 0.1646655 0.1893429 0.0000000 0.0930792 0.0808622 0.0192258 0.0848869 0.1431291 0.0007484 0.0866872 0.0780647 0.0823082 0.0948227 0.0849340 0.1418165 0.1014421 0.1173632 0.0790263 0.0343083 0.2286553 0.2339116 0.2257285 0.2246976 0.1205271 0.1303829 0.0907050 0.1888668 0.0912599 0.1226782 0.1650303 0.1480378 0.1411249 0.1875594 0.1661007 0.1929782 0.1661650 0.1689111 0.1465308 0.1450330 0.1089774 0.1198020 0.1072077 0.0910086 0.0918095 0.0902916 0.0881830 0.0827176 0.0812490 0.0809412 0.0805917 0.0822122 0.0803869 0.0811247 0.0808622 0.0789700 0.0847291 0.0877706 0.0765691 0.0832142 0.0877722 0.0832803 0.0817748 0.0793570 0.0774395 0.0778005 0.0783386 0.0752224 0.0794724 0.0752072 0.0757646 0.0940506 0.0935599 0.0932475 0.0947217 0.0923410 0.0926089 0.0945261 0.0966254 0.0976311 0.0804528 0.0821252 0.0840981 0.0817208 0.0806256 0.0789865 0.0813584 0.0810055 0.0804119 0.0809689 0.0805528 0.0808854 0.0786919 0.0793880 0.0793120 0.0794927 0.1387523 0.1217670 0.1082845 0.0945287 0.0822833 0.0823602 0.0849602 0.0975391 0.1011337 0.0895403 0.0881256 0.0881909 0.0956849 0.0997323 0.1061210 0.0983417 0.0929335 0.0927014 0.0851960 0.0790403 0.1604357 0.0751534 0.1805273 0.0105592 0.0054941 0.0018248 0.0041947 0.0045230 0.0041973 0.0091094 0.0095478 0.0136163 0.0195955 0.0191143 0.0185379 0.0194778 0.0200904 0.0332795 0.0351843 0.0334715 0.0317314 0.0963376 0.0557610 0.0590673 0.0785609 0.0968810 0.1370839 0.1042443 0.0919230 0.0915341 0.1075505 0.3510012 0.3463216 0.0833522 0.0721375 0.0861601 
XM_024996589_1_PREDICTED_Bos_taurus_REV3_like_DNA_directed_polymerase_zeta_catalytic_subunit_REV3L_transcript_variant_X1_mRNA_1                            0.0902532 0.1868413 0.2137913 0.0930792 0.0000000 0.0832045 0.0896293 0.0639386 0.1672654 0.0932264 0.0871969 0.0807825 0.0834373 0.0979029 0.1089823 0.1661272 0.1230293 0.1405369 0.0806543 0.0959873 0.2372469 0.2431273 0.2362148 0.2344567 0.1441453 0.1534183 0.1132614 0.2112949 0.1125485 0.1433595 0.1884103 0.1720199 0.1579428 0.2125001 0.1858819 0.2191720 0.1867150 0.1931260 0.1653434 0.1645932 0.1299023 0.1405326 0.1288624 0.1127836 0.1133879 0.1102090 0.1095748 0.0838397 0.0826075 0.0816255 0.0819477 0.0834497 0.0821436 0.0818091 0.0833354 0.0812433 0.0851649 0.0870238 0.0766632 0.0831769 0.0889474 0.0853650 0.0838120 0.0808176 0.0778099 0.0794166 0.0792811 0.0765699 0.0807688 0.0761195 0.0770074 0.0243245 0.0020304 0.0001057 0.0015351 0.0001061 0.0089729 0.0191864 0.0212188 0.0219954 0.0657285 0.0675937 0.0692241 0.0672057 0.0529843 0.0503059 0.0521074 0.0523217 0.0521805 0.0524433 0.0525995 0.0527081 0.0505681 0.0508378 0.0504420 0.0500972 0.1461979 0.1254205 0.1125664 0.1006676 0.0836801 0.0832868 0.0833045 0.0971386 0.0995128 0.0907275 0.0877397 0.0906465 0.0957928 0.0997500 0.1073371 0.0995348 0.0939238 0.0950958 0.0855940 0.0812386 0.1628865 0.0993148 0.1813413 0.0952835 0.0939048 0.0935682 0.0942469 0.0949735 0.0938766 0.0948016 0.0947835 0.0986300 0.0920138 0.0897791 0.0909039 0.0916572 0.0911828 0.0950706 0.1012738 0.0963370 0.0927325 0.1288089 0.0855979 0.0870435 0.1089600 0.1079407 0.1471538 0.1158965 0.1048314 0.1065237 0.1150510 0.3566263 0.3534308 0.0839726 0.0735277 0.0997871 
XM_014118216_3_PREDICTED_Canis_lupus_familiaris_REV3_like_DNA_directed_polymerase_zeta_catalytic_subunit_REV3L_transcript_variant_X1_mRNA_1                0.0805093 0.1788840 0.2060791 0.0808622 0.0832045 0.0000000 0.0808615 0.0741246 0.1568968 0.0810041 0.0449318 0.0365930 0.0699739 0.0844674 0.1016580 0.1566098 0.1140241 0.1274242 0.0701036 0.0889949 0.2317388 0.2356840 0.2246890 0.2260671 0.1401669 0.1490581 0.1084737 0.2074096 0.1038398 0.1364515 0.1821517 0.1627310 0.1512259 0.2037952 0.1784751 0.2099966 0.1780934 0.1856203 0.1527514 0.1533543 0.1198590 0.1317486 0.1202932 0.1044646 0.1035206 0.1022401 0.0998720 0.0418892 0.0432271 0.0427028 0.0424854 0.0424333 0.0423240 0.0423456 0.0002128 0.0374696 0.0436443 0.0452857 0.0344860 0.0458400 0.0515319 0.0059152 0.0051550 0.0378200 0.0356623 0.0362962 0.0366552 0.0326680 0.0356976 0.0331332 0.0330413 0.0833624 0.0833952 0.0833658 0.0836531 0.0826010 0.0828882 0.0845935 0.0855134 0.0882769 0.0692392 0.0704781 0.0709615 0.0700854 0.0689227 0.0675752 0.0691323 0.0687382 0.0680659 0.0688547 0.0690438 0.0693032 0.0663768 0.0667869 0.0676993 0.0665488 0.1338956 0.1120086 0.0991096 0.0881547 0.0703485 0.0716475 0.0714760 0.0851351 0.0894417 0.0771451 0.0756305 0.0772930 0.0839481 0.0884438 0.0943741 0.0873339 0.0827994 0.0819758 0.0724702 0.0698561 0.1491518 0.0884872 0.1657931 0.0820808 0.0820614 0.0811591 0.0821129 0.0824130 0.0816246 0.0814414 0.0816745 0.0865969 0.0817897 0.0810070 0.0791833 0.0817807 0.0813073 0.0859124 0.0917545 0.0862268 0.0853683 0.1184501 0.0769743 0.0789737 0.1019249 0.0965495 0.1401566 0.1076976 0.0943157 0.0933875 0.1081006 0.3532346 0.3468092 0.0421950 0.0607209 0.0888152 
XM_016956167_2_PREDICTED_Pan_troglodytes_REV3_like_DNA_directed_polymerase_zeta_catalytic_subunit_REV3L_transcript_variant_X1_mRNA_1                       0.0026818 0.1617377 0.1878586 0.0192258 0.0896293 0.0808615 0.0000000 0.0830730 0.1402171 0.0193407 0.0861278 0.0780875 0.0817280 0.0934985 0.0851137 0.1397202 0.1004683 0.1126567 0.0769529 0.0329441 0.2297475 0.2330359 0.2258204 0.2230597 0.1167612 0.1281567 0.0864395 0.1855596 0.0908907 0.1219759 0.1620551 0.1475501 0.1366749 0.1857976 0.1618350 0.1896643 0.1626943 0.1651763 0.1437263 0.1426909 0.1076869 0.1187887 0.1053103 0.0904966 0.0902720 0.0891208 0.0875797 0.0819122 0.0804690 0.0801623 0.0795431 0.0811291 0.0797400 0.0802180 0.0808615 0.0788512 0.0849936 0.0869078 0.0764665 0.0835366 0.0870243 0.0828432 0.0813417 0.0789670 0.0774821 0.0778429 0.0783806 0.0751972 0.0794563 0.0751820 0.0755371 0.0914836 0.0901033 0.0897950 0.0908742 0.0888858 0.0885659 0.0913723 0.0928717 0.0951291 0.0772475 0.0783882 0.0799629 0.0779876 0.0775462 0.0760570 0.0781373 0.0779239 0.0773367 0.0776211 0.0778090 0.0778043 0.0756296 0.0765879 0.0762778 0.0765604 0.1392827 0.1190255 0.1081310 0.0956588 0.0820006 0.0819506 0.0840408 0.0972502 0.1000627 0.0889287 0.0876709 0.0860417 0.0944496 0.0989226 0.1049983 0.0971551 0.0910176 0.0913666 0.0825064 0.0778021 0.1622991 0.0735533 0.1812301 0.0228408 0.0202462 0.0193834 0.0206004 0.0208470 0.0201569 0.0206248 0.0210785 0.0251189 0.0057150 0.0009620 0.0109727 0.0131178 0.0138139 0.0325116 0.0354032 0.0327055 0.0307413 0.0966387 0.0542475 0.0569238 0.0781701 0.0967711 0.1339218 0.1039643 0.0917773 0.0911410 0.1062588 0.3514664 0.3442724 0.0832063 0.0711119 0.0859783 
XM_021091238_1_PREDICTED_Sus_scrofa_REV3_like_DNA_directed_polymerase_zeta_catalytic_subunit_REV3L_transcript_variant_X1_mRNA_1                            0.0826618 0.1842060 0.2092357 0.0848869 0.0639386 0.0741246 0.0830730 0.0000000 0.1603645 0.0850309 0.0789550 0.0716533 0.0756967 0.0879287 0.0990216 0.1600897 0.1163979 0.1321470 0.0731887 0.0908355 0.2283546 0.2364176 0.2253626 0.2251694 0.1383763 0.1464341 0.1085417 0.2097225 0.1068349 0.1392490 0.1851834 0.1663090 0.1540598 0.2075713 0.1829724 0.2118375 0.1833231 0.1892985 0.1605275 0.1592648 0.1254471 0.1354914 0.1224331 0.1069737 0.1081907 0.1055872 0.1038278 0.0750422 0.0738153 0.0739231 0.0742370 0.0748179 0.0737640 0.0736937 0.0742532 0.0728443 0.0773749 0.0795092 0.0666682 0.0771742 0.0797482 0.0763792 0.0750251 0.0732266 0.0677382 0.0694184 0.0695507 0.0675719 0.0708688 0.0678616 0.0683971 0.0636416 0.0643257 0.0640867 0.0646170 0.0629958 0.0638793 0.0651942 0.0658782 0.0679020 0.0607401 0.0615939 0.0625892 0.0614676 0.0508151 0.0479616 0.0501090 0.0497976 0.0497965 0.0504616 0.0507097 0.0500438 0.0490847 0.0493122 0.0487229 0.0475407 0.1404290 0.1181383 0.1039235 0.0947569 0.0755405 0.0756356 0.0760752 0.0896396 0.0938699 0.0827874 0.0818233 0.0822370 0.0872429 0.0931849 0.0998944 0.0912353 0.0865164 0.0851983 0.0781649 0.0733664 0.1519595 0.0925311 0.1694864 0.0873770 0.0856553 0.0851683 0.0861668 0.0862680 0.0853297 0.0865076 0.0866240 0.0907351 0.0845398 0.0832200 0.0838868 0.0850229 0.0843885 0.0879545 0.0942166 0.0888704 0.0882651 0.1188755 0.0814367 0.0828446 0.1042819 0.1002308 0.1418775 0.1092071 0.0984312 0.1002671 0.1089351 0.3593894 0.3528037 0.0756987 0.0653758 0.0947568 
XM_040758199_1_PREDICTED_Mesocricetus_auratus_REV3_like_DNA_directed_polymerase_zeta_catalytic_subunit_Rev3l_transcript_variant_X1_mRNA_1                  0.1403390 0.1017298 0.1265946 0.1431291 0.1672654 0.1568968 0.1402171 0.1603645 0.0000000 0.1429839 0.1603308 0.1517720 0.1562013 0.1743814 0.1584289 0.0334868 0.1535005 0.1115500 0.1516155 0.1465967 0.3046492 0.3081690 0.3073020 0.2994559 0.1871729 0.1962029 0.1545896 0.1105258 0.1370885 0.1673005 0.1003342 0.0731753 0.1539136 0.1236766 0.1017075 0.1166196 0.0990879 0.0793647 0.0668277 0.0660370 0.1626962 0.1577562 0.1606912 0.1503834 0.1501790 0.1468830 0.1451948 0.1574629 0.1546660 0.1544413 0.1538984 0.1573295 0.1522510 0.1537653 0.1568968 0.1515178 0.1580399 0.1610725 0.1525261 0.1581742 0.1623058 0.1587708 0.1574308 0.1513196 0.1543265 0.1550961 0.1552599 0.1507709 0.1556201 0.1516712 0.1510649 0.1676194 0.1667531 0.1674883 0.1701533 0.1657452 0.1676755 0.1674013 0.1696647 0.1710325 0.1552050 0.1575379 0.1612468 0.1567271 0.1580880 0.1552251 0.1576462 0.1573183 0.1568082 0.1577595 0.1576807 0.1582456 0.1556786 0.1555825 0.1566761 0.1558920 0.2132223 0.1985858 0.1840113 0.1717071 0.1553947 0.1560525 0.1598541 0.1596094 0.1606825 0.1643986 0.1616291 0.1631512 0.1708677 0.1758640 0.1773973 0.1781743 0.1719273 0.1728509 0.1576362 0.1526136 0.2363196 0.1503469 0.2534033 0.1451062 0.1427545 0.1433702 0.1436154 0.1441264 0.1436345 0.1444210 0.1437566 0.1487307 0.1422151 0.1407052 0.1414868 0.1413917 0.1413760 0.1424912 0.1486676 0.1462891 0.1439587 0.1769076 0.1345687 0.1385718 0.1609601 0.1668226 0.2095986 0.1771303 0.1664900 0.1627338 0.1802535 0.4307637 0.4183555 0.1559616 0.1481100 0.1613365 
XM_015448392_1_PREDICTED_Macaca_fascicularis_REV3_like_DNA_directed_polymerase_zeta_catalytic_subunit_REV3L_transcript_variant_X1_mRNA_1                   0.0194644 0.1645149 0.1895329 0.0007484 0.0932264 0.0810041 0.0193407 0.0850309 0.1429839 0.0000000 0.0868320 0.0784740 0.0824510 0.0949730 0.0850821 0.1416712 0.1017511 0.1175229 0.0794360 0.0344303 0.2286917 0.2341280 0.2259407 0.2249102 0.1206874 0.1302366 0.0908517 0.1886757 0.0914070 0.1228452 0.1648798 0.1475698 0.1409769 0.1874041 0.1659505 0.1928203 0.1660142 0.1687588 0.1463850 0.1448874 0.1090006 0.1201306 0.1072335 0.0911600 0.0919607 0.0904383 0.0883284 0.0827198 0.0812512 0.0809433 0.0805938 0.0822143 0.0803890 0.0811268 0.0810041 0.0791112 0.0848728 0.0879157 0.0767095 0.0832164 0.0877745 0.0834232 0.0819170 0.0794984 0.0775800 0.0779413 0.0784797 0.0753620 0.0796190 0.0753468 0.0759044 0.0939170 0.0937073 0.0933948 0.0948736 0.0924884 0.0927561 0.0949537 0.0970551 0.0980612 0.0805939 0.0822671 0.0842447 0.0818625 0.0807673 0.0791273 0.0815005 0.0811473 0.0805534 0.0811106 0.0806944 0.0810272 0.0788328 0.0795292 0.0794530 0.0796336 0.1392335 0.1216180 0.1084394 0.0946754 0.0824261 0.0825029 0.0853773 0.0978447 0.1012851 0.0894094 0.0882710 0.0881933 0.0961195 0.0998836 0.1059844 0.0984933 0.0930812 0.0928531 0.0853398 0.0794500 0.1607622 0.0747728 0.1808739 0.0106705 0.0056031 0.0019326 0.0043033 0.0046318 0.0043059 0.0092199 0.0096585 0.0137302 0.0197107 0.0192292 0.0186526 0.0195929 0.0202060 0.0334008 0.0353235 0.0335928 0.0318521 0.0962045 0.0556394 0.0591996 0.0787051 0.0970308 0.1372572 0.1047221 0.0923596 0.0915365 0.1079985 0.3512715 0.3461121 0.0834954 0.0722755 0.0865800 
XM_004753515_2_PREDICTED_Mustela_putorius_furo_REV3_like_polymerase_DNA_directed_zeta_catalytic_subunit_REV3L_transcript_variant_X1_mRNA_1                 0.0857732 0.1844738 0.2081602 0.0866872 0.0871969 0.0449318 0.0861278 0.0789550 0.1603308 0.0868320 0.0000000 0.0366968 0.0724926 0.0897202 0.1056358 0.1581867 0.1179211 0.1287938 0.0751406 0.0942442 0.2298849 0.2346062 0.2271376 0.2277407 0.1384822 0.1476333 0.1085710 0.2066738 0.1069470 0.1410076 0.1853110 0.1644080 0.1552638 0.2057309 0.1830184 0.2113904 0.1837636 0.1884982 0.1566849 0.1573927 0.1233861 0.1329763 0.1244389 0.1075272 0.1079116 0.1048915 0.1036968 0.0491260 0.0488886 0.0486135 0.0481474 0.0489254 0.0479782 0.0482510 0.0451759 0.0379364 0.0143063 0.0045116 0.0337647 0.0507846 0.0548153 0.0465211 0.0449130 0.0382869 0.0351779 0.0366613 0.0370207 0.0333772 0.0350591 0.0333708 0.0341094 0.0852572 0.0875344 0.0873610 0.0887907 0.0866024 0.0860275 0.0876450 0.0877406 0.0909333 0.0733839 0.0753151 0.0769307 0.0749171 0.0736862 0.0717620 0.0740307 0.0744428 0.0738691 0.0741381 0.0745995 0.0735159 0.0718972 0.0725790 0.0715236 0.0713733 0.1369694 0.1185752 0.1027155 0.0926397 0.0720738 0.0740428 0.0734887 0.0887795 0.0920826 0.0811569 0.0794281 0.0783353 0.0865191 0.0916616 0.0976375 0.0926134 0.0872981 0.0867075 0.0766441 0.0751583 0.1482074 0.0961426 0.1642218 0.0886918 0.0870948 0.0872773 0.0880961 0.0882557 0.0874698 0.0886584 0.0884926 0.0930279 0.0876320 0.0862762 0.0849713 0.0877364 0.0872364 0.0915019 0.0954200 0.0922718 0.0906413 0.1219225 0.0806145 0.0827416 0.1075400 0.1011413 0.1411818 0.1111784 0.0963328 0.0980848 0.1117058 0.3562473 0.3533780 0.0126379 0.0656925 0.0916013 
XM_034668992_1_PREDICTED_Ailuropoda_melanoleuca_REV3_like_DNA_directed_polymerase_zeta_catalytic_subunit_REV3L_transcript_variant_X1_mRNA_1                0.0780043 0.1756237 0.1978228 0.0780647 0.0807825 0.0365930 0.0780875 0.0716533 0.1517720 0.0784740 0.0366968 0.0000000 0.0658187 0.0825723 0.0991631 0.1504630 0.1107460 0.1251599 0.0657327 0.0858279 0.2289617 0.2322283 0.2243221 0.2244076 0.1345500 0.1436902 0.1059462 0.1997281 0.1007732 0.1354459 0.1754496 0.1593253 0.1488409 0.1963084 0.1759113 0.2028104 0.1740861 0.1808482 0.1470890 0.1487526 0.1187022 0.1271874 0.1190369 0.1008948 0.1009470 0.0987380 0.0971424 0.0407734 0.0412503 0.0411126 0.0408953 0.0411907 0.0401278 0.0405148 0.0365930 0.0086492 0.0349785 0.0366996 0.0273295 0.0433079 0.0487920 0.0386242 0.0366949 0.0090862 0.0282432 0.0289844 0.0295693 0.0261432 0.0277462 0.0261378 0.0258131 0.0795923 0.0809689 0.0809422 0.0817508 0.0801739 0.0801944 0.0812098 0.0822607 0.0853985 0.0671417 0.0686242 0.0700114 0.0684957 0.0671110 0.0644515 0.0673148 0.0678631 0.0667816 0.0673065 0.0674935 0.0672087 0.0654935 0.0661615 0.0647330 0.0636983 0.1321731 0.1113765 0.0955765 0.0865076 0.0663464 0.0682217 0.0672841 0.0834319 0.0863766 0.0756566 0.0744230 0.0737819 0.0786141 0.0849956 0.0906828 0.0858384 0.0807984 0.0800511 0.0702717 0.0654870 0.1430735 0.0869664 0.1596174 0.0810677 0.0788601 0.0786235 0.0795827 0.0797370 0.0789490 0.0801080 0.0799502 0.0853788 0.0793702 0.0784999 0.0773584 0.0789441 0.0784741 0.0830393 0.0873486 0.0829143 0.0818223 0.1164417 0.0746999 0.0762707 0.0987434 0.0946074 0.1358769 0.1058517 0.0913278 0.0920044 0.1068199 0.3527119 0.3492480 0.0336685 0.0573071 0.0861528 
XM_015600069_2_PREDICTED_Pteropus_alecto_REV3_like_DNA_directed_polymerase_zeta_catalytic_subunit_REV3L_transcript_variant_X1_mRNA_1                       0.0821921 0.1783498 0.2049278 0.0823082 0.0834373 0.0699739 0.0817280 0.0756967 0.1562013 0.0824510 0.0724926 0.0658187 0.0000000 0.0731441 0.1003917 0.1563963 0.1130883 0.1292272 0.0681435 0.0888754 0.2312927 0.2354895 0.2290914 0.2285555 0.1416560 0.1507158 0.1065861 0.2029315 0.1049088 0.1377618 0.1793584 0.1599542 0.1548578 0.2025056 0.1787321 0.2070213 0.1776053 0.1825855 0.1546383 0.1551047 0.1213426 0.1332875 0.1203500 0.1035676 0.1039641 0.1022738 0.1003269 0.0698210 0.0694328 0.0687470 0.0683696 0.0698451 0.0676756 0.0686570 0.0699739 0.0675835 0.0727485 0.0732505 0.0626093 0.0711381 0.0761387 0.0721952 0.0704319 0.0677092 0.0629587 0.0643606 0.0642299 0.0619903 0.0663245 0.0619782 0.0635919 0.0814348 0.0841749 0.0835990 0.0845850 0.0823818 0.0826842 0.0823763 0.0838311 0.0859164 0.0711367 0.0721248 0.0735981 0.0717304 0.0672172 0.0667343 0.0672350 0.0675766 0.0670262 0.0672755 0.0678701 0.0673151 0.0653259 0.0659970 0.0651428 0.0667824 0.1364568 0.1128023 0.0996166 0.0868456 0.0031143 0.0205149 0.0530491 0.0755863 0.0786638 0.0692619 0.0685093 0.0677843 0.0654678 0.0760275 0.0811992 0.0752653 0.0702917 0.0700814 0.0611496 0.0684139 0.1536440 0.0912850 0.1691714 0.0848293 0.0835140 0.0834582 0.0834075 0.0843886 0.0833239 0.0838448 0.0838140 0.0888298 0.0834830 0.0817339 0.0814255 0.0828128 0.0828721 0.0885380 0.0936334 0.0883888 0.0859095 0.1234463 0.0757364 0.0763033 0.0994256 0.0959013 0.1365534 0.1083781 0.0940770 0.0937656 0.1084983 0.3568729 0.3536558 0.0702406 0.0604170 0.0880846 
XM_005883745_2_PREDICTED_Myotis_brandtii_REV3_like_polymerase_DNA_directed_zeta_catalytic_subunit_REV3L_transcript_variant_X1_mRNA_1                       0.0937136 0.1958882 0.2198359 0.0948227 0.0979029 0.0844674 0.0934985 0.0879287 0.1743814 0.0949730 0.0897202 0.0825723 0.0731441 0.0000000 0.1106978 0.1739161 0.1268627 0.1428320 0.0818172 0.1007449 0.2490910 0.2550115 0.2463919 0.2428035 0.1540616 0.1628172 0.1210618 0.2248525 0.1176287 0.1471169 0.1964557 0.1776934 0.1646279 0.2155733 0.1936839 0.2249153 0.1962819 0.2007719 0.1714963 0.1706083 0.1356948 0.1464138 0.1271337 0.1200271 0.1148205 0.1176935 0.1163305 0.0801683 0.0835721 0.0834027 0.0834574 0.0794963 0.0825175 0.0837331 0.0844674 0.0842806 0.0885618 0.0902810 0.0792969 0.0869072 0.0927195 0.0856560 0.0840772 0.0838449 0.0805126 0.0817521 0.0820411 0.0783525 0.0820088 0.0781179 0.0793918 0.0980235 0.0981820 0.0980765 0.0931495 0.0963575 0.0977392 0.0996388 0.0995178 0.1011792 0.0837358 0.0847841 0.0811371 0.0845004 0.0839368 0.0811939 0.0834486 0.0832395 0.0826602 0.0836558 0.0836919 0.0842133 0.0809324 0.0813144 0.0819081 0.0810874 0.1501113 0.1250193 0.1123445 0.1017975 0.0728339 0.0730609 0.0736913 0.0742644 0.0789016 0.0664841 0.0647126 0.0557939 0.0867602 0.0350194 0.0349910 0.0100920 0.0137307 0.0037567 0.0572896 0.0819585 0.1649106 0.1002073 0.1831475 0.0966990 0.0960792 0.0952600 0.0965536 0.0969573 0.0952668 0.0953528 0.0957642 0.1014269 0.0947038 0.0937888 0.0925704 0.0941857 0.0941659 0.0999480 0.1048632 0.0994340 0.0975106 0.1281482 0.0907154 0.0940086 0.1140893 0.1133431 0.1473061 0.1246581 0.1019964 0.1091467 0.1232812 0.3742902 0.3671570 0.0866529 0.0730503 0.1026592 
XM_006157005_3_PREDICTED_Tupaia_chinensis_REV3_like_DNA_directed_polymerase_zeta_catalytic_subunit_REV3L_transcript_variant_X3_mRNA_1                      0.0856711 0.1826760 0.2104800 0.0849340 0.1089823 0.1016580 0.0851137 0.0990216 0.1584289 0.0850821 0.1056358 0.0991631 0.1003917 0.1106978 0.0000000 0.1579780 0.1185842 0.1315042 0.0960315 0.0909954 0.2435189 0.2486434 0.2396160 0.2392442 0.1394122 0.1505949 0.1047568 0.2081927 0.1085166 0.1340687 0.1826439 0.1666472 0.1556062 0.2075400 0.1808706 0.2091692 0.1815393 0.1889047 0.1608236 0.1600953 0.1251696 0.1375625 0.1207882 0.1059158 0.1040603 0.1034981 0.1018408 0.1007226 0.1003068 0.1000875 0.1001177 0.0995338 0.0996315 0.1009419 0.1016580 0.0999126 0.1067885 0.1068702 0.0960115 0.1063192 0.1080362 0.1035332 0.1025199 0.0997398 0.0980025 0.0991916 0.0991985 0.0961070 0.1021197 0.0960071 0.0974832 0.1102532 0.1088291 0.1091677 0.1077473 0.1078883 0.1085127 0.1090921 0.1118974 0.1137852 0.0978380 0.0999410 0.0999252 0.0995171 0.0969733 0.0964097 0.0983691 0.0976999 0.0967807 0.0981890 0.0975726 0.0970892 0.0952267 0.0959160 0.0962253 0.0960734 0.1617695 0.1326822 0.1269559 0.1164998 0.1002407 0.0998017 0.0996229 0.1156596 0.1182879 0.1068453 0.1056104 0.1067926 0.1124496 0.1215187 0.1280456 0.1129498 0.1139410 0.1119959 0.1018863 0.0967707 0.1830690 0.0925993 0.2026336 0.0874551 0.0859003 0.0850850 0.0869542 0.0871139 0.0862325 0.0870249 0.0882837 0.0921061 0.0856204 0.0852659 0.0843186 0.0853791 0.0857448 0.0903046 0.0974404 0.0908512 0.0881709 0.1178032 0.0778881 0.0799714 0.1054990 0.1112009 0.1488524 0.1210928 0.1058046 0.1086902 0.1221756 0.3712287 0.3635836 0.1038971 0.0895349 0.1031634 
XM_027402162_2_PREDICTED_Cricetulus_griseus_REV3_like_DNA_directed_polymerase_zeta_catalytic_subunit_Rev3l_transcript_variant_X5_mRNA_1                    0.1400163 0.1001018 0.1253818 0.1418165 0.1661272 0.1566098 0.1397202 0.1600897 0.0334868 0.1416712 0.1581867 0.1504630 0.1563963 0.1739161 0.1579780 0.0000000 0.1520471 0.1103072 0.1530753 0.1456347 0.3019661 0.3104375 0.3062406 0.2996446 0.1881816 0.1975136 0.1548662 0.1091566 0.1372622 0.1667854 0.1001738 0.0712775 0.1541502 0.1239042 0.1001043 0.1153746 0.0984154 0.0775117 0.0641650 0.0644511 0.1636844 0.1558523 0.1572280 0.1480305 0.1474487 0.1443956 0.1435903 0.1548784 0.1512772 0.1519585 0.1515574 0.1547449 0.1503932 0.1514246 0.1566098 0.1503815 0.1570875 0.1592534 0.1511980 0.1562564 0.1606484 0.1582545 0.1573321 0.1501836 0.1523459 0.1532676 0.1534310 0.1493347 0.1539761 0.1497485 0.1502849 0.1656456 0.1656159 0.1663494 0.1688081 0.1647709 0.1666775 0.1664044 0.1688585 0.1707365 0.1534787 0.1558733 0.1590194 0.1553885 0.1573802 0.1536245 0.1567846 0.1565994 0.1560897 0.1568858 0.1569612 0.1575377 0.1552809 0.1548607 0.1549721 0.1538676 0.2133288 0.1960120 0.1812605 0.1711235 0.1555885 0.1573637 0.1607120 0.1606041 0.1620423 0.1638619 0.1615437 0.1612887 0.1719112 0.1755177 0.1755493 0.1782593 0.1703729 0.1720618 0.1576117 0.1540613 0.2372460 0.1504561 0.2526734 0.1430863 0.1416116 0.1417598 0.1416652 0.1423215 0.1418281 0.1432132 0.1425496 0.1473912 0.1411233 0.1395767 0.1401397 0.1416196 0.1411410 0.1419349 0.1455515 0.1446320 0.1432254 0.1735660 0.1331999 0.1369975 0.1623595 0.1641862 0.2081263 0.1776124 0.1674444 0.1626936 0.1819401 0.4335955 0.4240175 0.1539077 0.1483376 0.1596402 
XM_013069186_2_PREDICTED_Heterocephalus_glaber_REV3_like_DNA_directed_polymerase_zeta_catalytic_subunit_Rev3l_transcript_variant_X1_mRNA_1                 0.1009651 0.1778152 0.2040722 0.1014421 0.1230293 0.1140241 0.1004683 0.1163979 0.1535005 0.1017511 0.1179211 0.1107460 0.1130883 0.1268627 0.1185842 0.1520471 0.0000000 0.1271512 0.1105016 0.1080510 0.2512397 0.2588786 0.2512324 0.2470695 0.1478325 0.1567894 0.1186049 0.2027081 0.1048306 0.1375220 0.1787084 0.1586784 0.1508204 0.2006056 0.1781813 0.2050777 0.1759030 0.1765303 0.1555658 0.1543876 0.0619440 0.0700560 0.0413708 0.1073482 0.1056518 0.1044445 0.1021280 0.1139612 0.1125852 0.1127204 0.1132046 0.1144706 0.1114713 0.1124664 0.1143191 0.1118032 0.1180139 0.1189964 0.1089566 0.1159379 0.1201883 0.1153285 0.1139631 0.1125139 0.1091687 0.1109529 0.1108074 0.1089715 0.1136493 0.1089303 0.1094621 0.1243779 0.1237257 0.1232197 0.1248734 0.1223428 0.1243731 0.1242625 0.1263507 0.1274894 0.1134181 0.1151429 0.1173142 0.1152936 0.1139198 0.1119841 0.1144742 0.1148361 0.1124847 0.1143261 0.1137896 0.1141979 0.1115060 0.1122781 0.1116553 0.1117386 0.1717742 0.1519902 0.1386502 0.1258528 0.1130900 0.1149416 0.1140639 0.1286914 0.1323399 0.1214772 0.1211975 0.1198342 0.1275507 0.1302438 0.1376003 0.1299599 0.1234297 0.1235030 0.1153535 0.1115070 0.1917122 0.1083846 0.2109144 0.1033453 0.1025853 0.1016586 0.1026717 0.1037705 0.1023902 0.1026605 0.1027369 0.1069841 0.1016552 0.1006240 0.1002805 0.0991675 0.0994060 0.1072972 0.1123522 0.1071287 0.1059355 0.1344847 0.0927650 0.0941071 0.1192334 0.1253080 0.1707004 0.1369789 0.1229750 0.1252335 0.1398138 0.3808468 0.3765196 0.1161105 0.1044482 0.1188563 
XM_008852401_2_PREDICTED_Nannospalax_galili_REV3_like_DNA_directed_polymerase_zeta_catalytic_subunit_Rev3l_transcript_variant_X1_mRNA_1                    0.1135304 0.1330595 0.1608861 0.1173632 0.1405369 0.1274242 0.1126567 0.1321470 0.1115500 0.1175229 0.1287938 0.1251599 0.1292272 0.1428320 0.1315042 0.1103072 0.1271512 0.0000000 0.1274864 0.1195035 0.2681405 0.2745988 0.2721638 0.2665378 0.1606081 0.1692194 0.1279184 0.1511657 0.1111126 0.1393837 0.1324386 0.1216259 0.1316754 0.1575765 0.1342131 0.1622237 0.1319616 0.1393355 0.1117043 0.1121100 0.1347112 0.1430910 0.1310051 0.1159633 0.1155833 0.1123996 0.1116760 0.1297017 0.1276132 0.1278557 0.1271909 0.1289924 0.1271944 0.1277768 0.1274242 0.1255382 0.1289151 0.1298743 0.1228826 0.1316935 0.1357062 0.1289167 0.1273037 0.1259675 0.1248048 0.1257710 0.1259252 0.1213798 0.1263104 0.1217134 0.1221814 0.1397267 0.1400571 0.1407413 0.1421087 0.1385995 0.1403895 0.1399420 0.1411358 0.1445523 0.1267616 0.1295669 0.1312526 0.1294173 0.1268164 0.1256103 0.1268948 0.1264010 0.1260026 0.1268318 0.1261990 0.1267940 0.1246979 0.1244945 0.1253844 0.1258103 0.1874937 0.1671604 0.1535083 0.1466108 0.1290870 0.1300031 0.1315986 0.1430640 0.1471508 0.1323024 0.1321601 0.1343021 0.1420607 0.1423505 0.1514047 0.1460886 0.1413132 0.1403528 0.1294275 0.1287327 0.2098443 0.1219961 0.2305522 0.1194261 0.1174791 0.1174210 0.1182959 0.1179966 0.1176948 0.1180993 0.1180753 0.1228077 0.1151440 0.1131140 0.1155779 0.1155759 0.1150947 0.1188422 0.1238594 0.1207612 0.1175068 0.1545352 0.1071129 0.1087270 0.1352206 0.1396047 0.1841443 0.1514843 0.1377795 0.1373751 0.1508439 0.3942930 0.3851585 0.1258056 0.1213396 0.1324769 
XM_023650934_1_PREDICTED_Equus_caballus_REV3_like_DNA_directed_polymerase_zeta_catalytic_subunit_REV3L_transcript_variant_X1_mRNA_1                        0.0777691 0.1731703 0.1986863 0.0790263 0.0806543 0.0701036 0.0769529 0.0731887 0.1516155 0.0794360 0.0751406 0.0657327 0.0681435 0.0818172 0.0960315 0.1530753 0.1105016 0.1274864 0.0000000 0.0867462 0.2277591 0.2297096 0.2250220 0.2226194 0.1312174 0.1391638 0.1016973 0.1959423 0.1012729 0.1350649 0.1743333 0.1564898 0.1525960 0.1966823 0.1727942 0.2014772 0.1724080 0.1784474 0.1490343 0.1499707 0.1188677 0.1300561 0.1172710 0.1008756 0.1012414 0.0997482 0.0978698 0.0691667 0.0679327 0.0670338 0.0674634 0.0689352 0.0677925 0.0681269 0.0701036 0.0667176 0.0729199 0.0749782 0.0633496 0.0708482 0.0742286 0.0726246 0.0712889 0.0668334 0.0645870 0.0656022 0.0657329 0.0628846 0.0664489 0.0632505 0.0634498 0.0785364 0.0812549 0.0808137 0.0812004 0.0795931 0.0801002 0.0795035 0.0821816 0.0838385 0.0685143 0.0689729 0.0702392 0.0683223 0.0658406 0.0640520 0.0657312 0.0660668 0.0649823 0.0656385 0.0660885 0.0661798 0.0639544 0.0643597 0.0636988 0.0638416 0.1296728 0.1104956 0.1010415 0.0894356 0.0681310 0.0685176 0.0671137 0.0838356 0.0845859 0.0768926 0.0743738 0.0763437 0.0811844 0.0878983 0.0925926 0.0845258 0.0789942 0.0788227 0.0704189 0.0026746 0.1447229 0.0859555 0.1628055 0.0809666 0.0799466 0.0797452 0.0802747 0.0812439 0.0801799 0.0803568 0.0807710 0.0845713 0.0794928 0.0768229 0.0785497 0.0792281 0.0797117 0.0876299 0.0906940 0.0868110 0.0839367 0.1173447 0.0732275 0.0727962 0.0968550 0.0956375 0.1363346 0.1031902 0.0921548 0.0916112 0.1053051 0.3531572 0.3498236 0.0711541 0.0438104 0.0857299 
XM_035296530_1_PREDICTED_Callithrix_jacchus_REV3_like_DNA_directed_polymerase_zeta_catalytic_subunit_REV3L_transcript_variant_X1_mRNA_1                    0.0333186 0.1707668 0.1966694 0.0343083 0.0959873 0.0889949 0.0329441 0.0908355 0.1465967 0.0344303 0.0942442 0.0858279 0.0888754 0.1007449 0.0909954 0.1456347 0.1080510 0.1195035 0.0867462 0.0000000 0.2371619 0.2403067 0.2338470 0.2328292 0.1276776 0.1364551 0.0925553 0.1944475 0.0979957 0.1261027 0.1710383 0.1540177 0.1425070 0.1930804 0.1722612 0.2010858 0.1726796 0.1734372 0.1499219 0.1485051 0.1138911 0.1215103 0.1144477 0.0980851 0.0981160 0.0972618 0.0948179 0.0899999 0.0887183 0.0885538 0.0884805 0.0899205 0.0879869 0.0886159 0.0889949 0.0867677 0.0930215 0.0942403 0.0843525 0.0916429 0.0948130 0.0910473 0.0897878 0.0868848 0.0859734 0.0858008 0.0862136 0.0836228 0.0881689 0.0833331 0.0839438 0.0974468 0.0961906 0.0961581 0.0972873 0.0952523 0.0953261 0.0983319 0.0988645 0.1008640 0.0866051 0.0884628 0.0902182 0.0879233 0.0846963 0.0827713 0.0859835 0.0844100 0.0846271 0.0844459 0.0851161 0.0849589 0.0831340 0.0841161 0.0836628 0.0832826 0.1452638 0.1264759 0.1154681 0.1016977 0.0885714 0.0891654 0.0890049 0.1033630 0.1044911 0.0946754 0.0943045 0.0932047 0.1012787 0.1060861 0.1125047 0.1036518 0.0985953 0.0983809 0.0889849 0.0869042 0.1720683 0.0803596 0.1902516 0.0370886 0.0356259 0.0346278 0.0348109 0.0359194 0.0351884 0.0360525 0.0362871 0.0405260 0.0334770 0.0330666 0.0331673 0.0325120 0.0335356 0.0187393 0.0200979 0.0187140 0.0172624 0.1035589 0.0617065 0.0648154 0.0869460 0.1041457 0.1401129 0.1123440 0.0998083 0.0977331 0.1131928 0.3611796 0.3525616 0.0918088 0.0787707 0.0929985 
XM_007484437_2_PREDICTED_Monodelphis_domestica_REV3_like_DNA_directed_polymerase_zeta_catalytic_subunit_REV3L_transcript_variant_X1_mRNA_1                 0.2303492 0.3230580 0.3477508 0.2286553 0.2372469 0.2317388 0.2297475 0.2283546 0.3046492 0.2286917 0.2298849 0.2289617 0.2312927 0.2490910 0.2435189 0.3019661 0.2512397 0.2681405 0.2277591 0.2371619 0.0000000 0.0788769 0.0681245 0.0660436 0.2765311 0.2886293 0.2476335 0.3605827 0.2513760 0.2797435 0.3254324 0.3033372 0.2969728 0.3448802 0.3195153 0.3570386 0.3210908 0.3353406 0.2960493 0.2972110 0.2636059 0.2726190 0.2610729 0.2536593 0.2453164 0.2443592 0.2454900 0.2268864 0.2242731 0.2237655 0.2233050 0.2269023 0.2234134 0.2240261 0.2319189 0.2308505 0.2315612 0.2304662 0.2235799 0.2308436 0.2317697 0.2337181 0.2322831 0.2302163 0.2230396 0.2247493 0.2239679 0.2250747 0.2289426 0.2237320 0.2258078 0.2365084 0.2378077 0.2375302 0.2400681 0.2361460 0.2387444 0.2409402 0.2399062 0.2404163 0.2293870 0.2288693 0.2322109 0.2276943 0.2270125 0.2242315 0.2277061 0.2272340 0.2264620 0.2279692 0.2279695 0.2271584 0.2249397 0.2252113 0.2231415 0.2237801 0.2941941 0.2705981 0.2511060 0.2378347 0.2303615 0.2305885 0.2340450 0.2485355 0.2524015 0.2368609 0.2363719 0.2429575 0.2495589 0.2453800 0.2570985 0.2483491 0.2414493 0.2429107 0.2324962 0.2285697 0.3114936 0.2420333 0.3387675 0.2318307 0.2282491 0.2303284 0.2302654 0.2306690 0.2284614 0.2316909 0.2315243 0.2360980 0.2332761 0.2295880 0.2301175 0.2297558 0.2296616 0.2370793 0.2465142 0.2371353 0.2345849 0.2617277 0.2248179 0.2279946 0.2427267 0.2320582 0.2754640 0.2349041 0.2309205 0.2300150 0.2445268 0.3131024 0.3110110 0.2282762 0.2215717 0.2265938 
XM_031964400_1_PREDICTED_Sarcophilus_harrisii_REV3_like_DNA_directed_polymerase_zeta_catalytic_subunit_REV3L_transcript_variant_X1_mRNA_1                  0.2338385 0.3321668 0.3605983 0.2339116 0.2431273 0.2356840 0.2330359 0.2364176 0.3081690 0.2341280 0.2346062 0.2322283 0.2354895 0.2550115 0.2486434 0.3104375 0.2588786 0.2745988 0.2297096 0.2403067 0.0788769 0.0000000 0.0607692 0.0580298 0.2829034 0.2946752 0.2473565 0.3714062 0.2508712 0.2831782 0.3307015 0.3072264 0.2967643 0.3586057 0.3293749 0.3662624 0.3311214 0.3382261 0.3034505 0.3046150 0.2719065 0.2795845 0.2736061 0.2577849 0.2537385 0.2504165 0.2489301 0.2359872 0.2318223 0.2307420 0.2314005 0.2363229 0.2309125 0.2312691 0.2358998 0.2346073 0.2370223 0.2350470 0.2287652 0.2373911 0.2366053 0.2373908 0.2357796 0.2339694 0.2281828 0.2295197 0.2285536 0.2290720 0.2322312 0.2279002 0.2305633 0.2418576 0.2431819 0.2434159 0.2468796 0.2415745 0.2446835 0.2456004 0.2461515 0.2468722 0.2347714 0.2369163 0.2419782 0.2353900 0.2331988 0.2302037 0.2319278 0.2331498 0.2322125 0.2327664 0.2340689 0.2331604 0.2292997 0.2304225 0.2283131 0.2293188 0.2955691 0.2746804 0.2546486 0.2413134 0.2341238 0.2339070 0.2370244 0.2532726 0.2528835 0.2423364 0.2420975 0.2430847 0.2527361 0.2491229 0.2619003 0.2561919 0.2474767 0.2502431 0.2350931 0.2299832 0.3225082 0.2492466 0.3464913 0.2359975 0.2328805 0.2350595 0.2347326 0.2357290 0.2338108 0.2335001 0.2340927 0.2387842 0.2364146 0.2328761 0.2353172 0.2355140 0.2358054 0.2403972 0.2512986 0.2410245 0.2394887 0.2665246 0.2272451 0.2276000 0.2463462 0.2356146 0.2818755 0.2397753 0.2362845 0.2290933 0.2500238 0.3194830 0.3133868 0.2343570 0.2239584 0.2289517 
XM_036766364_1_PREDICTED_Trichosurus_vulpecula_REV3_like_DNA_directed_polymerase_zeta_catalytic_subunit_REV3L_transcript_variant_X1_mRNA_1                 0.2264151 0.3218452 0.3469611 0.2257285 0.2362148 0.2246890 0.2258204 0.2253626 0.3073020 0.2259407 0.2271376 0.2243221 0.2290914 0.2463919 0.2396160 0.3062406 0.2512324 0.2721638 0.2250220 0.2338470 0.0681245 0.0607692 0.0000000 0.0416494 0.2775114 0.2922896 0.2422420 0.3636779 0.2435669 0.2798775 0.3210522 0.3031446 0.2928066 0.3448341 0.3208846 0.3599126 0.3200468 0.3330842 0.3023711 0.3009299 0.2618705 0.2716274 0.2605732 0.2499168 0.2448791 0.2407776 0.2411281 0.2273927 0.2240811 0.2230804 0.2239242 0.2277190 0.2226863 0.2243665 0.2246890 0.2264230 0.2278189 0.2270520 0.2190337 0.2289223 0.2288762 0.2271176 0.2252912 0.2265653 0.2187152 0.2203989 0.2194509 0.2195652 0.2248182 0.2186214 0.2199662 0.2341126 0.2365930 0.2364965 0.2393685 0.2349464 0.2379128 0.2379177 0.2364189 0.2372094 0.2258099 0.2264083 0.2304156 0.2249138 0.2246950 0.2238948 0.2246969 0.2254838 0.2241267 0.2251354 0.2261038 0.2246646 0.2219103 0.2225635 0.2221342 0.2220746 0.2984260 0.2711620 0.2501823 0.2369448 0.2277528 0.2271892 0.2327904 0.2462899 0.2489881 0.2370511 0.2362748 0.2395445 0.2479067 0.2423534 0.2549599 0.2475324 0.2393733 0.2417375 0.2308229 0.2260521 0.3096431 0.2365059 0.3353228 0.2280418 0.2255029 0.2266422 0.2269322 0.2269582 0.2262712 0.2262371 0.2274057 0.2314702 0.2295165 0.2260498 0.2271289 0.2270832 0.2279507 0.2336297 0.2475163 0.2339506 0.2328669 0.2566017 0.2194046 0.2232952 0.2399462 0.2258809 0.2731818 0.2339528 0.2296295 0.2261176 0.2419726 0.3115286 0.3059763 0.2254066 0.2174773 0.2208608 
