132
NM_001372078_1_Homo_sapiens_REV3_like_DNA_directed_polymerase_zeta_catalytic_subunit_REV3L_transcript_variant_4_mRNA_1                                     0.0000000 0.1948605 0.1852531 0.0114846 0.1006992 0.0721514 0.0000010 0.0943733 0.1113265 0.0114846 0.0498894 0.0784475 0.0579628 0.0857437 0.0857437 0.1034078 0.0634604 0.0931606 0.0695829 0.0359801 0.1193779 0.1098205 0.1265092 0.1228251 0.0784475 0.0784475 0.0566182 0.1817764 0.0908364 0.0846775 0.1721741 0.1529072 0.1759084 0.1667041 0.1948605 0.2736321 0.2049952 0.1641156 0.1883322 0.1529072 0.0794332 0.0804460 0.0642180 0.1006992 0.0774894 0.0774894 0.0846775 0.0712730 0.0566182 0.0566182 0.0634604 0.0712730 0.0721514 0.0642180 0.0566182 0.0498894 0.0846775 0.0566182 0.0712730 0.0642180 0.0642180 0.0712730 0.0846775 0.0427956 0.0427956 0.0498894 0.0704172 0.1006992 0.1083598 0.1083598 0.0695829 0.0765561 0.0765561 0.0919822 0.1069423 0.1069423 0.0994037 0.0908364 0.0994037 0.1069423 0.1069423 0.0846775 0.0919822 0.1083598 0.0981448 0.1193779 0.0774894 0.0695829 0.0553391 0.0649954 0.0572819 0.0498894 0.1020333 0.0774894 0.0712730 0.0634604 0.0498894 0.0642180 0.0846775 0.0695829 0.0774894 0.0774894 0.0857437 0.0695829 0.0765561 0.0695829 0.1105606 0.0836403 0.0173686 0.0173686 0.0173686 0.0173686 0.0173686 0.0297342 0.0233481 0.0294243 0.0233481 0.0634604 0.0423293 0.0559707 0.0695829 0.0712730 0.0627220 0.0695829 0.0566182 0.0868400 0.0931606 0.1883322 0.1817764 0.0566182 0.0695829 0.0712730 
NM_011264_3_Mus_musculus_REV3_like_DNA_directed_polymerase_zeta_catalytic_subunit_Rev3l_mRNA_1                                                             0.1948605 0.0000000 0.0774894 0.1750685 0.1848843 0.1881178 0.1948605 0.2192355 0.0969078 0.1750685 0.1534354 0.2049952 0.1881178 0.1750685 0.2454436 0.0814881 0.1817764 0.1294061 0.1510356 0.1817764 0.2553971 0.2192355 0.2672814 0.2567320 0.2049952 0.1848843 0.1881178 0.0115996 0.1787868 0.1627266 0.0235896 0.1210738 0.2343171 0.0634604 0.0572819 0.0794332 0.0504640 0.1113265 0.1399449 0.0943733 0.1915318 0.2125610 0.1750685 0.2049952 0.1721741 0.1721741 0.1817764 0.1848843 0.1817764 0.1817764 0.1721741 0.1848843 0.1881178 0.1948605 0.1627266 0.1534354 0.2299327 0.2086990 0.2049952 0.1750685 0.1750685 0.1848843 0.2299327 0.1654149 0.1654149 0.1534354 0.1627266 0.1848843 0.1948605 0.1948605 0.1750685 0.1750685 0.1750685 0.1852531 0.2043579 0.2043579 0.1721741 0.1848843 0.1721741 0.1817764 0.1817764 0.1627266 0.1627266 0.1848843 0.1948605 0.1914864 0.1817764 0.1750685 0.1721741 0.1881178 0.2019371 0.1576411 0.1983252 0.1915318 0.1693881 0.1780782 0.1487213 0.1693881 0.1721741 0.1332847 0.1627266 0.1627266 0.1750685 0.1980224 0.1420847 0.1980224 0.2615754 0.2470755 0.1848843 0.1848843 0.1848843 0.1848843 0.1848843 0.2086990 0.1750685 0.1654149 0.1750685 0.1983252 0.1627266 0.1848843 0.1848843 0.1420847 0.1883322 0.2257313 0.1627266 0.2014395 0.2257313 0.2853093 0.2663094 0.1627266 0.1654149 0.1848843 
XM_006256524_2_PREDICTED_Rattus_norvegicus_REV3_like_DNA_directed_polymerase_zeta_catalytic_subunit_Rev3l_transcript_variant_X1_mRNA_1                     0.1852531 0.0774894 0.0000000 0.1667041 0.1759084 0.1980224 0.1852531 0.1883322 0.0931606 0.1667041 0.1641156 0.1947362 0.1787868 0.1313128 0.2320526 0.0857437 0.1731347 0.1402205 0.1358780 0.1731347 0.2407882 0.2078568 0.2517997 0.2217015 0.1947362 0.1947362 0.1883322 0.0765561 0.1977493 0.1731347 0.0627220 0.0931606 0.2014395 0.0114846 0.0774894 0.1275621 0.0846775 0.1020333 0.1378775 0.1083598 0.1693881 0.2014395 0.1759084 0.1947362 0.1641156 0.1641156 0.1731347 0.1576411 0.1552332 0.1552332 0.1464866 0.1576411 0.1980224 0.2043579 0.1731347 0.1641156 0.2382035 0.1787868 0.1759084 0.1852531 0.1852531 0.1947362 0.2382035 0.1759084 0.1759084 0.1787868 0.1552332 0.1759084 0.1852531 0.1852531 0.1667041 0.1667041 0.1667041 0.1855867 0.2037815 0.2037815 0.1464866 0.1576411 0.1464866 0.1552332 0.1552332 0.1378775 0.1378775 0.1576411 0.1667041 0.1721741 0.1552332 0.1947362 0.1731347 0.1787868 0.1915318 0.1552332 0.1883322 0.1641156 0.1487213 0.1693881 0.1641156 0.1759084 0.1464866 0.1275621 0.1210738 0.1210738 0.1313128 0.1704596 0.1443270 0.1704596 0.2559692 0.2141151 0.1759084 0.1759084 0.1759084 0.1759084 0.1759084 0.1980224 0.1667041 0.1576411 0.1667041 0.1980224 0.1552332 0.1759084 0.1576411 0.1443270 0.1794290 0.2141151 0.1552332 0.1822875 0.2240070 0.3039464 0.3234741 0.1731347 0.1576411 0.1947362 
XM_028847034_1_PREDICTED_Macaca_mulatta_REV3_like_DNA_directed_polymerase_zeta_catalytic_subunit_REV3L_transcript_variant_X1_mRNA_1                        0.0114846 0.1750685 0.1667041 0.0000000 0.0857437 0.0579628 0.0114846 0.0794332 0.0956218 0.0000010 0.0367690 0.0642180 0.0442631 0.0712730 0.0712730 0.0879681 0.0498894 0.0931606 0.0559707 0.0235896 0.1034078 0.0943733 0.1093519 0.1062861 0.0642180 0.0642180 0.0432736 0.1627266 0.0765561 0.0704172 0.1534354 0.1358780 0.1576411 0.1487213 0.1750685 0.2503086 0.1848843 0.1464866 0.1693881 0.1358780 0.0649954 0.0657938 0.0504640 0.0857437 0.0634604 0.0634604 0.0704172 0.0572819 0.0432736 0.0432736 0.0498894 0.0572819 0.0579628 0.0504640 0.0432736 0.0367690 0.0704172 0.0432736 0.0572819 0.0504640 0.0504640 0.0572819 0.0704172 0.0300508 0.0300508 0.0367690 0.0566182 0.0857437 0.0931606 0.0931606 0.0559707 0.0627220 0.0627220 0.0774894 0.0919822 0.0919822 0.0846775 0.0765561 0.0846775 0.0919822 0.0919822 0.0704172 0.0774894 0.0931606 0.0836403 0.1034078 0.0634604 0.0559707 0.0423293 0.0510527 0.0437628 0.0367690 0.0868400 0.0634604 0.0572819 0.0498894 0.0367690 0.0642180 0.0704172 0.0559707 0.0634604 0.0634604 0.0712730 0.0559707 0.0627220 0.0559707 0.1105606 0.0695829 0.0056958 0.0056958 0.0056958 0.0056958 0.0056958 0.0175446 0.0114846 0.0173686 0.0114846 0.0498894 0.0297342 0.0427956 0.0559707 0.0572819 0.0493291 0.0559707 0.0432736 0.0721514 0.0784475 0.1693881 0.1627266 0.0432736 0.0559707 0.0572819 
XM_024996589_1_PREDICTED_Bos_taurus_REV3_like_DNA_directed_polymerase_zeta_catalytic_subunit_REV3L_transcript_variant_X1_mRNA_1                            0.1006992 0.1848843 0.1759084 0.0857437 0.0000000 0.1048237 0.1006992 0.0943733 0.1487213 0.0857437 0.0943733 0.1275621 0.0969078 0.1193779 0.1443270 0.1228251 0.1098205 0.1704596 0.1006992 0.1020333 0.1275621 0.1339449 0.1534354 0.1667041 0.1358780 0.1358780 0.1098205 0.1817764 0.1484884 0.1339449 0.1627266 0.1399449 0.2425479 0.1576411 0.1654149 0.2388974 0.1948605 0.1693881 0.1948605 0.1576411 0.1294061 0.1313128 0.1113265 0.1529072 0.1257764 0.1257764 0.1339449 0.1193779 0.1020333 0.1020333 0.1020333 0.1193779 0.1048237 0.1193779 0.1020333 0.0943733 0.1339449 0.1020333 0.1034078 0.0956218 0.0956218 0.1113265 0.1339449 0.0857437 0.0857437 0.0943733 0.0432736 0.0000010 0.0056958 0.0056958 0.0238355 0.0300508 0.0300508 0.0868400 0.1020333 0.1020333 0.0566182 0.0627220 0.0566182 0.0634604 0.0634604 0.0566182 0.0498894 0.0784475 0.0559707 0.1487213 0.1257764 0.1240469 0.1069423 0.1048237 0.0956218 0.1020333 0.1128799 0.1098205 0.1034078 0.0943733 0.0943733 0.1193779 0.1177348 0.1083598 0.1098205 0.1098205 0.1193779 0.1161424 0.1083598 0.0981448 0.1563005 0.1006992 0.0931606 0.0931606 0.0931606 0.0931606 0.0931606 0.0943733 0.0857437 0.0931606 0.0857437 0.0846775 0.0919822 0.1083598 0.1240469 0.1113265 0.0931606 0.1161424 0.0868400 0.1294061 0.1358780 0.2178327 0.2114965 0.1020333 0.0857437 0.1193779 
XM_014118216_3_PREDICTED_Canis_lupus_familiaris_REV3_like_DNA_directed_polymerase_zeta_catalytic_subunit_REV3L_transcript_variant_X1_mRNA_1                0.0721514 0.1881178 0.1980224 0.0579628 0.1048237 0.0000000 0.0721514 0.0879681 0.1210738 0.0579628 0.0177253 0.0498894 0.0657938 0.0794332 0.0969078 0.1128799 0.0572819 0.1177348 0.0794332 0.0642180 0.1332847 0.1144832 0.1109623 0.1246362 0.0943733 0.0943733 0.0804460 0.1750685 0.0919822 0.0784475 0.1750685 0.1464866 0.1787868 0.1787868 0.1983252 0.2672814 0.1983252 0.1759084 0.2014395 0.1641156 0.0730550 0.0739833 0.0579628 0.0943733 0.0712730 0.0712730 0.0784475 0.0359801 0.0363702 0.0363702 0.0427956 0.0359801 0.0000010 0.0432736 0.0238355 0.0177253 0.0642180 0.0504640 0.0498894 0.0057518 0.0057518 0.0498894 0.0642180 0.0240883 0.0240883 0.0307052 0.0730550 0.1048237 0.1128799 0.1128799 0.0721514 0.0794332 0.0794332 0.0857437 0.1006992 0.1006992 0.0857437 0.1098205 0.0857437 0.0931606 0.0931606 0.0712730 0.0784475 0.1098205 0.1020333 0.1128799 0.0712730 0.0721514 0.0712730 0.0730550 0.0739833 0.0572819 0.0956218 0.0712730 0.0649954 0.0730550 0.0437628 0.0868400 0.0784475 0.0774894 0.0712730 0.0712730 0.0794332 0.0634604 0.0868400 0.0794332 0.1345430 0.0794332 0.0649954 0.0649954 0.0649954 0.0649954 0.0649954 0.0657938 0.0579628 0.0649954 0.0579628 0.0586614 0.0642180 0.0704172 0.0868400 0.0649954 0.0367690 0.0794332 0.0504640 0.0804460 0.1048237 0.1881178 0.1812113 0.0238355 0.0721514 0.0510527 
XM_016956167_2_PREDICTED_Pan_troglodytes_REV3_like_DNA_directed_polymerase_zeta_catalytic_subunit_REV3L_transcript_variant_X1_mRNA_1                       0.0000010 0.1948605 0.1852531 0.0114846 0.1006992 0.0721514 0.0000000 0.0943733 0.1113265 0.0114846 0.0498894 0.0784475 0.0579628 0.0857437 0.0857437 0.1034078 0.0634604 0.0931606 0.0695829 0.0359801 0.1193779 0.1098205 0.1265092 0.1228251 0.0784475 0.0784475 0.0566182 0.1817764 0.0908364 0.0846775 0.1721741 0.1529072 0.1759084 0.1667041 0.1948605 0.2736321 0.2049952 0.1641156 0.1883322 0.1529072 0.0794332 0.0804460 0.0642180 0.1006992 0.0774894 0.0774894 0.0846775 0.0712730 0.0566182 0.0566182 0.0634604 0.0712730 0.0721514 0.0642180 0.0566182 0.0498894 0.0846775 0.0566182 0.0712730 0.0642180 0.0642180 0.0712730 0.0846775 0.0427956 0.0427956 0.0498894 0.0704172 0.1006992 0.1083598 0.1083598 0.0695829 0.0765561 0.0765561 0.0919822 0.1069423 0.1069423 0.0994037 0.0908364 0.0994037 0.1069423 0.1069423 0.0846775 0.0919822 0.1083598 0.0981448 0.1193779 0.0774894 0.0695829 0.0553391 0.0649954 0.0572819 0.0498894 0.1020333 0.0774894 0.0712730 0.0634604 0.0498894 0.0642180 0.0846775 0.0695829 0.0774894 0.0774894 0.0857437 0.0695829 0.0765561 0.0695829 0.1105606 0.0836403 0.0173686 0.0173686 0.0173686 0.0173686 0.0173686 0.0297342 0.0233481 0.0294243 0.0233481 0.0634604 0.0423293 0.0559707 0.0695829 0.0712730 0.0627220 0.0695829 0.0566182 0.0868400 0.0931606 0.1883322 0.1817764 0.0566182 0.0695829 0.0712730 
XM_021091238_1_PREDICTED_Sus_scrofa_REV3_like_DNA_directed_polymerase_zeta_catalytic_subunit_REV3L_transcript_variant_X1_mRNA_1                            0.0943733 0.2192355 0.1883322 0.0794332 0.0943733 0.0879681 0.0943733 0.0000000 0.1552332 0.0794332 0.0784475 0.1177348 0.0956218 0.1098205 0.1378775 0.1294061 0.0931606 0.1339449 0.1098205 0.0642180 0.1210738 0.1113265 0.1077945 0.0969078 0.1378775 0.1378775 0.1113265 0.2049952 0.1069423 0.1083598 0.2049952 0.1552332 0.1855867 0.1693881 0.2014395 0.2553971 0.2086990 0.1759084 0.2014395 0.1641156 0.1113265 0.1128799 0.0943733 0.1257764 0.1006992 0.1006992 0.1083598 0.1020333 0.0857437 0.0857437 0.0931606 0.1020333 0.0879681 0.0994037 0.0857437 0.0784475 0.1358780 0.1034078 0.1020333 0.0794332 0.0794332 0.1069423 0.1358780 0.0868400 0.0868400 0.0956218 0.0712730 0.0943733 0.1020333 0.1020333 0.0634604 0.0704172 0.0704172 0.0931606 0.1083598 0.1083598 0.0627220 0.0846775 0.0627220 0.0695829 0.0695829 0.0627220 0.0695829 0.0846775 0.0774894 0.1464866 0.1006992 0.1177348 0.1006992 0.1034078 0.1048237 0.0712730 0.1193779 0.0931606 0.0868400 0.0956218 0.0784475 0.1020333 0.1083598 0.0994037 0.1006992 0.1006992 0.1098205 0.0846775 0.1177348 0.1177348 0.1563005 0.1177348 0.0868400 0.0868400 0.0868400 0.0868400 0.0868400 0.0730550 0.0721514 0.0721514 0.0721514 0.0784475 0.0857437 0.1020333 0.1098205 0.1020333 0.0774894 0.1177348 0.0712730 0.1034078 0.1464866 0.2141151 0.2078568 0.0857437 0.0943733 0.0868400 
XM_040758199_1_PREDICTED_Mesocricetus_auratus_REV3_like_DNA_directed_polymerase_zeta_catalytic_subunit_Rev3l_transcript_variant_X1_mRNA_1                  0.1113265 0.0969078 0.0931606 0.0956218 0.1487213 0.1210738 0.1113265 0.1552332 0.0000000 0.0956218 0.0943733 0.1358780 0.1048237 0.1034078 0.1275621 0.0300508 0.0868400 0.0765561 0.0956218 0.1020333 0.1534354 0.1332847 0.1682084 0.1627266 0.1144832 0.1144832 0.1128799 0.0879681 0.1320731 0.0994037 0.0956218 0.0765561 0.1443270 0.0784475 0.1048237 0.1721741 0.1210738 0.0774894 0.0868400 0.0627220 0.1128799 0.1228251 0.1034078 0.1275621 0.1020333 0.1020333 0.1098205 0.1034078 0.1020333 0.1020333 0.1098205 0.1034078 0.1210738 0.1275621 0.1020333 0.0943733 0.1552332 0.1210738 0.1193779 0.1113265 0.1113265 0.1193779 0.1552332 0.1034078 0.1034078 0.1048237 0.1048237 0.1487213 0.1399449 0.1576411 0.1113265 0.1034078 0.1034078 0.1145979 0.1302597 0.1302597 0.1257764 0.1358780 0.1257764 0.1339449 0.1339449 0.1177348 0.1177348 0.1358780 0.1443270 0.1228251 0.0994037 0.1193779 0.1098205 0.0969078 0.1144832 0.0868400 0.1378775 0.1257764 0.1113265 0.1128799 0.0943733 0.1034078 0.1020333 0.0857437 0.0943733 0.0943733 0.1034078 0.1161424 0.1034078 0.1358780 0.1597851 0.1529072 0.1034078 0.1034078 0.1034078 0.1034078 0.1034078 0.1210738 0.0956218 0.1034078 0.0956218 0.1210738 0.1020333 0.1193779 0.1193779 0.0559707 0.1083598 0.1358780 0.1020333 0.1177348 0.1275621 0.2125610 0.2276575 0.1020333 0.1113265 0.1006992 
XM_015448392_1_PREDICTED_Macaca_fascicularis_REV3_like_DNA_directed_polymerase_zeta_catalytic_subunit_REV3L_transcript_variant_X1_mRNA_1                   0.0114846 0.1750685 0.1667041 0.0000010 0.0857437 0.0579628 0.0114846 0.0794332 0.0956218 0.0000000 0.0367690 0.0642180 0.0442631 0.0712730 0.0712730 0.0879681 0.0498894 0.0931606 0.0559707 0.0235896 0.1034078 0.0943733 0.1093519 0.1062861 0.0642180 0.0642180 0.0432736 0.1627266 0.0765561 0.0704172 0.1534354 0.1358780 0.1576411 0.1487213 0.1750685 0.2503086 0.1848843 0.1464866 0.1693881 0.1358780 0.0649954 0.0657938 0.0504640 0.0857437 0.0634604 0.0634604 0.0704172 0.0572819 0.0432736 0.0432736 0.0498894 0.0572819 0.0579628 0.0504640 0.0432736 0.0367690 0.0704172 0.0432736 0.0572819 0.0504640 0.0504640 0.0572819 0.0704172 0.0300508 0.0300508 0.0367690 0.0566182 0.0857437 0.0931606 0.0931606 0.0559707 0.0627220 0.0627220 0.0774894 0.0919822 0.0919822 0.0846775 0.0765561 0.0846775 0.0919822 0.0919822 0.0704172 0.0774894 0.0931606 0.0836403 0.1034078 0.0634604 0.0559707 0.0423293 0.0510527 0.0437628 0.0367690 0.0868400 0.0634604 0.0572819 0.0498894 0.0367690 0.0642180 0.0704172 0.0559707 0.0634604 0.0634604 0.0712730 0.0559707 0.0627220 0.0559707 0.1105606 0.0695829 0.0056958 0.0056958 0.0056958 0.0056958 0.0056958 0.0175446 0.0114846 0.0173686 0.0114846 0.0498894 0.0297342 0.0427956 0.0559707 0.0572819 0.0493291 0.0559707 0.0432736 0.0721514 0.0784475 0.1693881 0.1627266 0.0432736 0.0559707 0.0572819 
XM_004753515_2_PREDICTED_Mustela_putorius_furo_REV3_like_polymerase_DNA_directed_zeta_catalytic_subunit_REV3L_transcript_variant_X1_mRNA_1                 0.0498894 0.1534354 0.1641156 0.0367690 0.0943733 0.0177253 0.0498894 0.0784475 0.0943733 0.0367690 0.0000000 0.0297342 0.0437628 0.0566182 0.0794332 0.0868400 0.0363702 0.0919822 0.0566182 0.0427956 0.1048237 0.0879681 0.0996008 0.0969078 0.0704172 0.0704172 0.0572819 0.1420847 0.0687712 0.0559707 0.1420847 0.1177348 0.1464866 0.1464866 0.1721741 0.2233553 0.1627266 0.1443270 0.1667041 0.1339449 0.0504640 0.0510527 0.0367690 0.0704172 0.0493291 0.0493291 0.0559707 0.0297342 0.0300508 0.0300508 0.0363702 0.0297342 0.0177253 0.0235896 0.0056958 0.0000010 0.0427956 0.0437628 0.0432736 0.0115996 0.0115996 0.0297342 0.0427956 0.0057518 0.0057518 0.0117168 0.0642180 0.0943733 0.1020333 0.1020333 0.0634604 0.0704172 0.0704172 0.0627220 0.0765561 0.0765561 0.0765561 0.0846775 0.0765561 0.0836403 0.0836403 0.0627220 0.0695829 0.0846775 0.0919822 0.0868400 0.0493291 0.0498894 0.0493291 0.0504640 0.0510527 0.0363702 0.0712730 0.0493291 0.0432736 0.0504640 0.0238355 0.0634604 0.0559707 0.0553391 0.0493291 0.0493291 0.0566182 0.0423293 0.0634604 0.0566182 0.1083897 0.0704172 0.0432736 0.0432736 0.0432736 0.0432736 0.0432736 0.0572819 0.0367690 0.0432736 0.0367690 0.0504640 0.0427956 0.0566182 0.0634604 0.0432736 0.0359801 0.0566182 0.0300508 0.0572819 0.0794332 0.1627266 0.1559250 0.0056958 0.0498894 0.0303734 
XM_034668992_1_PREDICTED_Ailuropoda_melanoleuca_REV3_like_DNA_directed_polymerase_zeta_catalytic_subunit_REV3L_transcript_variant_X1_mRNA_1                0.0784475 0.2049952 0.1947362 0.0642180 0.1275621 0.0498894 0.0784475 0.1177348 0.1358780 0.0642180 0.0297342 0.0000000 0.0794332 0.0784475 0.1113265 0.1275621 0.0704172 0.1320731 0.0712730 0.0634604 0.1399449 0.1210738 0.1443016 0.1399449 0.1006992 0.1006992 0.0868400 0.1915318 0.0908364 0.0919822 0.1721741 0.1616180 0.1947362 0.1759084 0.2049952 0.2855390 0.2152861 0.1731347 0.1980224 0.1616180 0.0721514 0.0712730 0.0712730 0.1083598 0.0846775 0.0846775 0.0919822 0.0493291 0.0498894 0.0498894 0.0566182 0.0493291 0.0498894 0.0177253 0.0359801 0.0297342 0.0566182 0.0579628 0.0642180 0.0427956 0.0427956 0.0238355 0.0566182 0.0300508 0.0300508 0.0367690 0.0943733 0.1275621 0.1358780 0.1358780 0.0931606 0.1006992 0.1006992 0.0994037 0.1145979 0.1145979 0.1145979 0.1161424 0.1145979 0.1223705 0.1223705 0.0994037 0.1069423 0.1083598 0.1240469 0.1275621 0.0704172 0.0784475 0.0774894 0.0868400 0.0804460 0.0704172 0.1098205 0.0704172 0.0784475 0.0794332 0.0432736 0.1006992 0.0774894 0.0908364 0.0704172 0.0704172 0.0784475 0.0765561 0.0784475 0.0712730 0.1470069 0.0857437 0.0712730 0.0712730 0.0712730 0.0712730 0.0572819 0.0868400 0.0642180 0.0712730 0.0642180 0.0794332 0.0566182 0.0712730 0.0784475 0.0642180 0.0695829 0.0857437 0.0634604 0.0943733 0.1113265 0.1848843 0.1780782 0.0359801 0.0784475 0.0642180 
XM_015600069_2_PREDICTED_Pteropus_alecto_REV3_like_DNA_directed_polymerase_zeta_catalytic_subunit_REV3L_transcript_variant_X1_mRNA_1                       0.0579628 0.1881178 0.1787868 0.0442631 0.0969078 0.0657938 0.0579628 0.0956218 0.1048237 0.0442631 0.0437628 0.0794332 0.0000000 0.0794332 0.0814881 0.0969078 0.0572819 0.1020333 0.0794332 0.0504640 0.0996008 0.1062861 0.1109623 0.1077945 0.0891293 0.0891293 0.0657938 0.1750685 0.0919822 0.0784475 0.1750685 0.1294061 0.1420847 0.1601374 0.1534354 0.2125610 0.1817764 0.1576411 0.1627266 0.1294061 0.0504640 0.0579628 0.0579628 0.0704172 0.0712730 0.0712730 0.0712730 0.0649954 0.0504640 0.0504640 0.0572819 0.0649954 0.0657938 0.0721514 0.0504640 0.0437628 0.0956218 0.0657938 0.0510527 0.0579628 0.0579628 0.0794332 0.0956218 0.0510527 0.0510527 0.0586614 0.0804460 0.0969078 0.1048237 0.1048237 0.0649954 0.0721514 0.0721514 0.0642180 0.0784475 0.0784475 0.0931606 0.0943733 0.0931606 0.1006992 0.1006992 0.0784475 0.0857437 0.0846775 0.1020333 0.1128799 0.0712730 0.0721514 0.0572819 0.0056958 0.0057518 0.0437628 0.0879681 0.0572819 0.0579628 0.0657938 0.0437628 0.0721514 0.0784475 0.0634604 0.0712730 0.0712730 0.0794332 0.0634604 0.0868400 0.0721514 0.1083897 0.0794332 0.0510527 0.0510527 0.0510527 0.0510527 0.0510527 0.0657938 0.0442631 0.0510527 0.0442631 0.0586614 0.0437628 0.0649954 0.0721514 0.0649954 0.0566182 0.0498894 0.0437628 0.0572819 0.0868400 0.1780782 0.1812113 0.0437628 0.0721514 0.0649954 
XM_005883745_2_PREDICTED_Myotis_brandtii_REV3_like_polymerase_DNA_directed_zeta_catalytic_subunit_REV3L_transcript_variant_X1_mRNA_1                       0.0857437 0.1750685 0.1313128 0.0712730 0.1193779 0.0794332 0.0857437 0.1098205 0.1034078 0.0712730 0.0566182 0.0784475 0.0794332 0.0000000 0.1193779 0.0784475 0.0704172 0.1320731 0.0572819 0.0774894 0.1113265 0.1210738 0.1228251 0.1034078 0.1113265 0.1113265 0.0943733 0.1627266 0.1207444 0.1069423 0.1627266 0.1113265 0.1616180 0.1144832 0.1654149 0.2503086 0.1848843 0.1552332 0.1787868 0.1443270 0.0721514 0.0879681 0.0712730 0.0931606 0.0704172 0.0704172 0.0774894 0.0642180 0.0498894 0.0498894 0.0566182 0.0642180 0.0794332 0.0857437 0.0634604 0.0566182 0.1098205 0.0649954 0.0642180 0.0712730 0.0712730 0.0784475 0.1098205 0.0642180 0.0642180 0.0721514 0.0794332 0.1193779 0.1275621 0.1275621 0.0857437 0.0784475 0.0784475 0.0994037 0.1145979 0.1145979 0.0846775 0.0931606 0.0846775 0.0919822 0.0919822 0.0704172 0.0774894 0.0931606 0.1006992 0.0956218 0.0566182 0.1006992 0.0846775 0.0721514 0.0879681 0.0704172 0.0620020 0.0553391 0.0627220 0.0704172 0.0566182 0.0857437 0.0367690 0.0363702 0.0057518 0.0057518 0.0000010 0.0765561 0.0642180 0.0784475 0.1345430 0.0931606 0.0784475 0.0784475 0.0784475 0.0784475 0.0784475 0.0943733 0.0712730 0.0642180 0.0712730 0.0868400 0.0634604 0.0784475 0.0712730 0.0784475 0.0695829 0.0931606 0.0634604 0.0943733 0.1193779 0.1693881 0.1627266 0.0634604 0.0642180 0.0784475 
XM_006157005_3_PREDICTED_Tupaia_chinensis_REV3_like_DNA_directed_polymerase_zeta_catalytic_subunit_REV3L_transcript_variant_X3_mRNA_1                      0.0857437 0.2454436 0.2320526 0.0712730 0.1443270 0.0969078 0.0857437 0.1378775 0.1275621 0.0712730 0.0794332 0.1113265 0.0814881 0.1193779 0.0000000 0.1399449 0.0943733 0.1275621 0.1083598 0.0794332 0.1399449 0.1294061 0.1585101 0.1534354 0.1193779 0.1193779 0.0943733 0.2299327 0.1240469 0.0994037 0.2192355 0.1947362 0.1576411 0.2114965 0.2233553 0.3234741 0.2567320 0.2078568 0.2078568 0.1947362 0.0969078 0.1144832 0.0956218 0.1275621 0.1098205 0.1098205 0.1177348 0.0956218 0.0794332 0.0794332 0.0868400 0.0956218 0.0969078 0.1034078 0.0868400 0.0794332 0.1177348 0.0868400 0.0956218 0.0879681 0.0879681 0.1113265 0.1177348 0.0784475 0.0784475 0.0868400 0.1098205 0.1443270 0.1529072 0.1529072 0.1083598 0.1161424 0.1161424 0.1177348 0.1339449 0.1339449 0.1339449 0.1320731 0.1339449 0.1422399 0.1422399 0.1177348 0.1257764 0.1358780 0.1402205 0.1576411 0.0774894 0.0931606 0.0774894 0.0891293 0.0730550 0.0794332 0.1378775 0.1098205 0.1034078 0.1020333 0.0794332 0.1113265 0.1177348 0.1006992 0.1098205 0.1098205 0.1193779 0.0931606 0.1161424 0.1083598 0.1470069 0.1240469 0.0784475 0.0784475 0.0784475 0.0784475 0.0784475 0.0943733 0.0712730 0.0784475 0.0712730 0.0868400 0.0774894 0.0931606 0.0931606 0.0857437 0.0642180 0.1006992 0.0868400 0.1210738 0.1275621 0.1883322 0.1817764 0.0868400 0.1083598 0.0857437 
XM_027402162_2_PREDICTED_Cricetulus_griseus_REV3_like_DNA_directed_polymerase_zeta_catalytic_subunit_Rev3l_transcript_variant_X5_mRNA_1                    0.1034078 0.0814881 0.0857437 0.0879681 0.1228251 0.1128799 0.1034078 0.1294061 0.0300508 0.0879681 0.0868400 0.1275621 0.0969078 0.0784475 0.1399449 0.0000000 0.0943733 0.0695829 0.1034078 0.0943733 0.1313128 0.1332847 0.1443016 0.1399449 0.1228251 0.1228251 0.1048237 0.0730550 0.1240469 0.1098205 0.0804460 0.0559707 0.1576411 0.0712730 0.0814881 0.1534354 0.0969078 0.0634604 0.0794332 0.0559707 0.1128799 0.1144832 0.0956218 0.1275621 0.1020333 0.1020333 0.1098205 0.0956218 0.0943733 0.0943733 0.1020333 0.0956218 0.1128799 0.1193779 0.0943733 0.0868400 0.1464866 0.1128799 0.1113265 0.1034078 0.1034078 0.1113265 0.1464866 0.0956218 0.0956218 0.1048237 0.0814881 0.1228251 0.1313128 0.1313128 0.0879681 0.0804460 0.0804460 0.0994037 0.1145979 0.1145979 0.1020333 0.1113265 0.1020333 0.1098205 0.1098205 0.0943733 0.0943733 0.1113265 0.1193779 0.1144832 0.1098205 0.1193779 0.1020333 0.0891293 0.1062861 0.0868400 0.0943733 0.1020333 0.0956218 0.0891293 0.0868400 0.1034078 0.0943733 0.0784475 0.0704172 0.0704172 0.0784475 0.1083598 0.1113265 0.1275621 0.1673283 0.1443270 0.0956218 0.0956218 0.0956218 0.0956218 0.0956218 0.1128799 0.0879681 0.0956218 0.0879681 0.1128799 0.0943733 0.1113265 0.1113265 0.0642180 0.1006992 0.1275621 0.0794332 0.1098205 0.1275621 0.1948605 0.2086990 0.0943733 0.0956218 0.1113265 
XM_013069186_2_PREDICTED_Heterocephalus_glaber_REV3_like_DNA_directed_polymerase_zeta_catalytic_subunit_Rev3l_transcript_variant_X1_mRNA_1                 0.0634604 0.1817764 0.1731347 0.0498894 0.1098205 0.0572819 0.0634604 0.0931606 0.0868400 0.0498894 0.0363702 0.0704172 0.0572819 0.0704172 0.0943733 0.0943733 0.0000000 0.0994037 0.0704172 0.0559707 0.0943733 0.0956218 0.0891293 0.0868400 0.0634604 0.0634604 0.0559707 0.1693881 0.0756472 0.0765561 0.1693881 0.1257764 0.1731347 0.1552332 0.1817764 0.2363285 0.1721741 0.1358780 0.1759084 0.1422399 0.0493291 0.0498894 0.0359801 0.0704172 0.0493291 0.0493291 0.0559707 0.0566182 0.0427956 0.0427956 0.0493291 0.0566182 0.0572819 0.0634604 0.0427956 0.0363702 0.0857437 0.0437628 0.0566182 0.0498894 0.0498894 0.0704172 0.0857437 0.0432736 0.0432736 0.0504640 0.0784475 0.1098205 0.1020333 0.1177348 0.0774894 0.0846775 0.0846775 0.0765561 0.0765561 0.0765561 0.0908364 0.0994037 0.0908364 0.0981448 0.0981448 0.0765561 0.0836403 0.0994037 0.1069423 0.0943733 0.0627220 0.0704172 0.0627220 0.0642180 0.0649954 0.0493291 0.0857437 0.0627220 0.0566182 0.0642180 0.0363702 0.0774894 0.0627220 0.0687712 0.0627220 0.0627220 0.0704172 0.0553391 0.0774894 0.0704172 0.0936002 0.0846775 0.0566182 0.0566182 0.0566182 0.0566182 0.0566182 0.0712730 0.0498894 0.0566182 0.0498894 0.0642180 0.0559707 0.0704172 0.0487815 0.0498894 0.0487815 0.0566182 0.0427956 0.0712730 0.0943733 0.1667041 0.1601374 0.0427956 0.0634604 0.0566182 
XM_008852401_2_PREDICTED_Nannospalax_galili_REV3_like_DNA_directed_polymerase_zeta_catalytic_subunit_Rev3l_transcript_variant_X1_mRNA_1                    0.0931606 0.1294061 0.1402205 0.0931606 0.1704596 0.1177348 0.0931606 0.1339449 0.0765561 0.0931606 0.0919822 0.1320731 0.1020333 0.1320731 0.1275621 0.0695829 0.0994037 0.0000000 0.1320731 0.0846775 0.1576411 0.1378775 0.1534354 0.1487213 0.1358780 0.1358780 0.1098205 0.1193779 0.1130989 0.0994037 0.1193779 0.1130989 0.1443270 0.1240469 0.1464866 0.2217015 0.1552332 0.1223705 0.1422399 0.1130989 0.1177348 0.1034078 0.1006992 0.1320731 0.1069423 0.1069423 0.1145979 0.1006992 0.0994037 0.0994037 0.1069423 0.1006992 0.1177348 0.1240469 0.0846775 0.0919822 0.1506608 0.1177348 0.1161424 0.1083598 0.1083598 0.1320731 0.1506608 0.1006992 0.1006992 0.1098205 0.1339449 0.1704596 0.1794290 0.1794290 0.1320731 0.1402205 0.1402205 0.1382652 0.1546225 0.1546225 0.1463863 0.1568764 0.1463863 0.1382652 0.1382652 0.1302597 0.1382652 0.1568764 0.1653835 0.1358780 0.0994037 0.1240469 0.1069423 0.1098205 0.1113265 0.0919822 0.1339449 0.1223705 0.1161424 0.1098205 0.0919822 0.1083598 0.1145979 0.0981448 0.1223705 0.1223705 0.1320731 0.1130989 0.1240469 0.1320731 0.1728749 0.1484884 0.1006992 0.1006992 0.1006992 0.1006992 0.1006992 0.1020333 0.0784475 0.0857437 0.0784475 0.1177348 0.0994037 0.1161424 0.1161424 0.0857437 0.0908364 0.1320731 0.0994037 0.1177348 0.1529072 0.2257313 0.2192355 0.0994037 0.1320731 0.1161424 
XM_023650934_1_PREDICTED_Equus_caballus_REV3_like_DNA_directed_polymerase_zeta_catalytic_subunit_REV3L_transcript_variant_X1_mRNA_1                        0.0695829 0.1510356 0.1358780 0.0559707 0.1006992 0.0794332 0.0695829 0.1098205 0.0956218 0.0559707 0.0566182 0.0712730 0.0794332 0.0572819 0.1083598 0.1034078 0.0704172 0.1320731 0.0000000 0.0704172 0.1193779 0.1098205 0.1443016 0.1399449 0.0836403 0.0836403 0.0774894 0.1399449 0.1130989 0.1069423 0.1313128 0.1358780 0.2043579 0.1193779 0.1693881 0.2192355 0.1693881 0.1552332 0.1693881 0.1358780 0.0794332 0.0879681 0.0712730 0.0931606 0.0704172 0.0704172 0.0774894 0.0784475 0.0634604 0.0634604 0.0704172 0.0784475 0.0794332 0.0642180 0.0634604 0.0566182 0.0919822 0.0634604 0.0784475 0.0712730 0.0712730 0.0572819 0.0919822 0.0493291 0.0493291 0.0498894 0.0620020 0.1006992 0.1083598 0.1083598 0.0695829 0.0695829 0.0695829 0.0994037 0.1145979 0.1145979 0.0994037 0.0908364 0.0994037 0.1069423 0.1069423 0.0846775 0.0919822 0.1083598 0.0981448 0.1034078 0.0704172 0.0908364 0.0756472 0.0794332 0.0784475 0.0634604 0.0943733 0.0846775 0.0712730 0.0704172 0.0432736 0.0784475 0.0432736 0.0559707 0.0498894 0.0498894 0.0572819 0.0765561 0.0056958 0.0765561 0.1317545 0.0908364 0.0627220 0.0627220 0.0627220 0.0627220 0.0627220 0.0774894 0.0559707 0.0493291 0.0559707 0.0774894 0.0359801 0.0493291 0.0627220 0.0642180 0.0695829 0.0765561 0.0634604 0.0943733 0.1006992 0.1883322 0.1817764 0.0634604 0.0493291 0.0784475 
XM_035296530_1_PREDICTED_Callithrix_jacchus_REV3_like_DNA_directed_polymerase_zeta_catalytic_subunit_REV3L_transcript_variant_X1_mRNA_1                    0.0359801 0.1817764 0.1731347 0.0235896 0.1020333 0.0642180 0.0359801 0.0642180 0.1020333 0.0235896 0.0427956 0.0634604 0.0504640 0.0774894 0.0794332 0.0943733 0.0559707 0.0846775 0.0704172 0.0000000 0.0969078 0.0879681 0.0915573 0.0814881 0.0794332 0.0794332 0.0572819 0.1693881 0.0620020 0.0627220 0.1510356 0.1422399 0.1731347 0.1552332 0.1817764 0.2343171 0.1721741 0.1529072 0.1759084 0.1422399 0.0712730 0.0721514 0.0566182 0.0919822 0.0695829 0.0695829 0.0765561 0.0634604 0.0493291 0.0493291 0.0559707 0.0634604 0.0642180 0.0566182 0.0493291 0.0427956 0.0857437 0.0572819 0.0634604 0.0566182 0.0566182 0.0634604 0.0857437 0.0432736 0.0432736 0.0504640 0.0712730 0.1020333 0.1098205 0.1098205 0.0704172 0.0774894 0.0774894 0.0836403 0.0981448 0.0981448 0.0765561 0.0774894 0.0765561 0.0836403 0.0836403 0.0765561 0.0836403 0.0846775 0.0846775 0.1098205 0.0695829 0.0634604 0.0493291 0.0572819 0.0510527 0.0427956 0.0931606 0.0695829 0.0634604 0.0642180 0.0427956 0.0704172 0.0765561 0.0620020 0.0695829 0.0695829 0.0774894 0.0620020 0.0774894 0.0704172 0.1317545 0.0846775 0.0297342 0.0297342 0.0297342 0.0297342 0.0297342 0.0300508 0.0115996 0.0175446 0.0115996 0.0572819 0.0427956 0.0566182 0.0634604 0.0634604 0.0553391 0.0704172 0.0493291 0.0784475 0.0943733 0.1915318 0.1848843 0.0493291 0.0704172 0.0498894 
XM_007484437_2_PREDICTED_Monodelphis_domestica_REV3_like_DNA_directed_polymerase_zeta_catalytic_subunit_REV3L_transcript_variant_X1_mRNA_1                 0.1193779 0.2553971 0.2407882 0.1034078 0.1275621 0.1332847 0.1193779 0.1210738 0.1534354 0.1034078 0.1048237 0.1399449 0.0996008 0.1113265 0.1399449 0.1313128 0.0943733 0.1576411 0.1193779 0.0969078 0.0000000 0.0303734 0.0504640 0.0363702 0.1193779 0.1193779 0.1098205 0.2388974 0.0956218 0.1048237 0.2276575 0.1627266 0.1817764 0.2192355 0.2208041 0.2729291 0.2553971 0.1948605 0.2125610 0.1721741 0.1210738 0.1228251 0.1034078 0.1358780 0.1098205 0.1098205 0.1177348 0.1313128 0.1128799 0.1128799 0.1210738 0.1313128 0.1332847 0.1313128 0.1128799 0.1048237 0.1378775 0.1210738 0.1144832 0.1228251 0.1228251 0.1228251 0.1378775 0.1034078 0.1034078 0.1128799 0.1177348 0.1275621 0.1275621 0.1358780 0.0931606 0.1006992 0.1006992 0.1294061 0.1464866 0.1464866 0.1339449 0.1320731 0.1339449 0.1422399 0.1422399 0.1177348 0.1257764 0.1443270 0.1402205 0.1443016 0.1378775 0.1006992 0.0943733 0.1077945 0.0903254 0.0969078 0.1098205 0.1210738 0.1313128 0.1294061 0.1048237 0.1144832 0.1294061 0.1193779 0.1020333 0.1020333 0.1113265 0.1113265 0.1275621 0.1193779 0.1690133 0.1358780 0.1113265 0.1034078 0.1034078 0.1113265 0.1113265 0.1128799 0.0879681 0.0956218 0.0879681 0.1020333 0.1098205 0.1275621 0.1083598 0.1228251 0.1193779 0.1193779 0.1128799 0.1420847 0.1576411 0.1257764 0.1443270 0.1128799 0.1083598 0.1313128 
XM_031964400_1_PREDICTED_Sarcophilus_harrisii_REV3_like_DNA_directed_polymerase_zeta_catalytic_subunit_REV3L_transcript_variant_X1_mRNA_1                  0.1098205 0.2192355 0.2078568 0.0943733 0.1339449 0.1144832 0.1098205 0.1113265 0.1332847 0.0943733 0.0879681 0.1210738 0.1062861 0.1210738 0.1294061 0.1332847 0.0956218 0.1378775 0.1098205 0.0879681 0.0303734 0.0000000 0.0579628 0.0432736 0.1128799 0.1128799 0.1113265 0.2049952 0.0868400 0.0956218 0.1948605 0.1601374 0.1787868 0.1883322 0.2086990 0.2915587 0.2192355 0.1721741 0.2086990 0.1693881 0.1228251 0.1246362 0.1048237 0.1177348 0.0931606 0.0931606 0.1006992 0.1128799 0.1034078 0.1034078 0.1113265 0.1128799 0.1144832 0.1128799 0.0956218 0.0879681 0.1193779 0.1113265 0.1210738 0.1048237 0.1048237 0.1048237 0.1193779 0.0868400 0.0868400 0.0956218 0.1083598 0.1339449 0.1339449 0.1422399 0.0994037 0.1069423 0.1069423 0.1358780 0.1529072 0.1529072 0.1240469 0.1223705 0.1240469 0.1320731 0.1320731 0.1083598 0.1161424 0.1339449 0.1302597 0.1332847 0.1275621 0.0994037 0.0931606 0.1144832 0.0969078 0.0879681 0.1193779 0.1113265 0.1210738 0.1193779 0.0956218 0.1048237 0.1193779 0.1098205 0.1113265 0.1113265 0.1210738 0.1020333 0.1177348 0.1098205 0.1728749 0.1257764 0.1020333 0.0943733 0.0943733 0.1020333 0.1020333 0.1034078 0.0794332 0.0868400 0.0794332 0.0931606 0.1006992 0.1177348 0.1098205 0.1048237 0.1098205 0.1098205 0.1034078 0.1313128 0.1464866 0.1576411 0.1787868 0.0956218 0.0846775 0.1210738 
XM_036766364_1_PREDICTED_Trichosurus_vulpecula_REV3_like_DNA_directed_polymerase_zeta_catalytic_subunit_REV3L_transcript_variant_X1_mRNA_1                 0.1265092 0.2672814 0.2517997 0.1093519 0.1534354 0.1109623 0.1265092 0.1077945 0.1682084 0.1093519 0.0996008 0.1443016 0.1109623 0.1228251 0.1585101 0.1443016 0.0891293 0.1534354 0.1443016 0.0915573 0.0504640 0.0579628 0.0000000 0.0300508 0.1265092 0.1265092 0.1161395 0.2503086 0.1228251 0.1077945 0.2503086 0.2192355 0.1983252 0.2299327 0.2553971 0.3234741 0.2553971 0.2343171 0.2793362 0.2299327 0.1161395 0.1178504 0.0982336 0.1313128 0.1048237 0.1048237 0.1128799 0.1265092 0.1077945 0.1077945 0.1161395 0.1265092 0.1109623 0.1353260 0.1077945 0.0996008 0.1465993 0.1284479 0.1265092 0.1010115 0.1010115 0.1443016 0.1465993 0.1093519 0.1093519 0.1196218 0.1246362 0.1534354 0.1534354 0.1627266 0.1144832 0.1228251 0.1228251 0.1420847 0.1601374 0.1601374 0.1210738 0.1487213 0.1210738 0.1294061 0.1294061 0.1128799 0.1210738 0.1487213 0.1399449 0.1682084 0.1332847 0.1228251 0.1161395 0.1196218 0.1214547 0.1077945 0.1210738 0.1161395 0.1265092 0.1374405 0.0996008 0.1443016 0.1420847 0.1313128 0.1128799 0.1128799 0.1228251 0.1062861 0.1534354 0.1265092 0.1769477 0.1265092 0.1178504 0.1093519 0.1093519 0.1178504 0.1178504 0.1024686 0.0928288 0.1010115 0.0928288 0.0996008 0.1161395 0.1353260 0.1228251 0.1178504 0.0982336 0.1265092 0.1077945 0.1374405 0.1682084 0.1693881 0.1915318 0.1077945 0.1313128 0.1178504 
XM_027848601_1_PREDICTED_Vombatus_ursinus_REV3_like_DNA_directed_polymerase_zeta_catalytic_subunit_REV3L_transcript_variant_X1_mRNA_1                      0.1228251 0.2567320 0.2217015 0.1062861 0.1667041 0.1246362 0.1228251 0.0969078 0.1627266 0.1062861 0.0969078 0.1399449 0.1077945 0.1034078 0.1534354 0.1399449 0.0868400 0.1487213 0.1399449 0.0814881 0.0363702 0.0432736 0.0300508 0.0000000 0.1228251 0.1228251 0.1128799 0.2407882 0.1034078 0.1048237 0.2407882 0.1721741 0.1721741 0.2014395 0.2454436 0.2736321 0.2343171 0.2049952 0.2454436 0.2014395 0.1128799 0.1144832 0.0956218 0.1275621 0.1020333 0.1020333 0.1098205 0.1228251 0.1048237 0.1048237 0.1128799 0.1228251 0.1246362 0.1313128 0.1048237 0.0969078 0.1420847 0.1246362 0.1228251 0.1144832 0.1144832 0.1399449 0.1420847 0.1062861 0.1062861 0.1161395 0.1378775 0.1667041 0.1667041 0.1759084 0.1275621 0.1358780 0.1358780 0.1378775 0.1552332 0.1552332 0.1098205 0.1193779 0.1098205 0.1177348 0.1177348 0.1098205 0.1177348 0.1193779 0.1275621 0.1627266 0.1294061 0.1193779 0.1128799 0.1161395 0.1178504 0.0891293 0.1177348 0.0969078 0.1228251 0.1332847 0.0969078 0.1228251 0.1210738 0.1113265 0.0943733 0.0943733 0.1034078 0.1034078 0.1487213 0.1228251 0.1690133 0.1399449 0.1144832 0.1062861 0.1062861 0.1144832 0.1144832 0.1161395 0.0903254 0.0982336 0.0903254 0.1128799 0.1128799 0.1313128 0.1034078 0.1144832 0.1113265 0.1228251 0.1048237 0.1332847 0.1627266 0.1641156 0.1852531 0.1048237 0.1275621 0.1062861 
XM_040983897_1_PREDICTED_Ochotona_curzoniae_REV3_like_DNA_directed_polymerase_zeta_catalytic_subunit_REV3L_transcript_variant_X1_mRNA_1                    0.0784475 0.2049952 0.1947362 0.0642180 0.1358780 0.0943733 0.0784475 0.1378775 0.1144832 0.0642180 0.0704172 0.1006992 0.0891293 0.1113265 0.1193779 0.1228251 0.0634604 0.1358780 0.0836403 0.0794332 0.1193779 0.1128799 0.1265092 0.1228251 0.0000000 0.0114846 0.0432736 0.1915318 0.0857437 0.0794332 0.1817764 0.1759084 0.1915318 0.1759084 0.2049952 0.2629652 0.2152861 0.1693881 0.1948605 0.1576411 0.0794332 0.0804460 0.0784475 0.0879681 0.0649954 0.0649954 0.0721514 0.0784475 0.0721514 0.0721514 0.0794332 0.0784475 0.0943733 0.0931606 0.0774894 0.0704172 0.1069423 0.0868400 0.1034078 0.0857437 0.0857437 0.1006992 0.1069423 0.0627220 0.0627220 0.0704172 0.0919822 0.1358780 0.1275621 0.1275621 0.1006992 0.1006992 0.1006992 0.1098205 0.1257764 0.1257764 0.1177348 0.1083598 0.1177348 0.1257764 0.1257764 0.1020333 0.1098205 0.1275621 0.1161424 0.1399449 0.1098205 0.0784475 0.0704172 0.0891293 0.0879681 0.0794332 0.1294061 0.1098205 0.1034078 0.0943733 0.0794332 0.1113265 0.1098205 0.0931606 0.1020333 0.1020333 0.1113265 0.0857437 0.0908364 0.0857437 0.1317545 0.0931606 0.0712730 0.0572819 0.0572819 0.0712730 0.0712730 0.0868400 0.0642180 0.0712730 0.0642180 0.0943733 0.0704172 0.0857437 0.0836403 0.0956218 0.0784475 0.0857437 0.0868400 0.1210738 0.1113265 0.1693881 0.1817764 0.0774894 0.0857437 0.1034078 
XM_004580498_1_PREDICTED_Ochotona_princeps_REV3_like_DNA_directed_polymerase_zeta_catalytic_subunit_REV3L_mRNA_1                                           0.0784475 0.1848843 0.1947362 0.0642180 0.1358780 0.0943733 0.0784475 0.1378775 0.1144832 0.0642180 0.0704172 0.1006992 0.0891293 0.1113265 0.1193779 0.1228251 0.0634604 0.1358780 0.0836403 0.0794332 0.1193779 0.1128799 0.1265092 0.1228251 0.0114846 0.0000000 0.0432736 0.1721741 0.0857437 0.0794332 0.1817764 0.1759084 0.1915318 0.1759084 0.1848843 0.2407882 0.1948605 0.1693881 0.1948605 0.1399449 0.0794332 0.0804460 0.0784475 0.0879681 0.0649954 0.0649954 0.0721514 0.0931606 0.0868400 0.0868400 0.0943733 0.0931606 0.0943733 0.0931606 0.0774894 0.0704172 0.1069423 0.0868400 0.1034078 0.0857437 0.0857437 0.1006992 0.1069423 0.0627220 0.0627220 0.0704172 0.0919822 0.1358780 0.1275621 0.1275621 0.1006992 0.1006992 0.1006992 0.1098205 0.1257764 0.1257764 0.1339449 0.1240469 0.1339449 0.1422399 0.1422399 0.1177348 0.1257764 0.1443270 0.1320731 0.1399449 0.1098205 0.0784475 0.0704172 0.0891293 0.0879681 0.0794332 0.1294061 0.1098205 0.1034078 0.0943733 0.0794332 0.1113265 0.1098205 0.0784475 0.1020333 0.1020333 0.1113265 0.0857437 0.0908364 0.0857437 0.1199243 0.1006992 0.0712730 0.0572819 0.0572819 0.0712730 0.0712730 0.0868400 0.0642180 0.0712730 0.0642180 0.0943733 0.0704172 0.0857437 0.0836403 0.0956218 0.0784475 0.0857437 0.0868400 0.1210738 0.1113265 0.1693881 0.1721741 0.0774894 0.0857437 0.1034078 
XM_008263376_2_PREDICTED_Oryctolagus_cuniculus_REV3_like_DNA_directed_polymerase_zeta_catalytic_subunit_REV3L_transcript_variant_X1_mRNA_1                 0.0566182 0.1881178 0.1883322 0.0432736 0.1098205 0.0804460 0.0566182 0.1113265 0.1128799 0.0432736 0.0572819 0.0868400 0.0657938 0.0943733 0.0943733 0.1048237 0.0559707 0.1098205 0.0774894 0.0572819 0.1098205 0.1113265 0.1161395 0.1128799 0.0432736 0.0432736 0.0000000 0.1848843 0.0634604 0.0712730 0.1750685 0.1552332 0.1693881 0.1693881 0.1983252 0.2363285 0.2086990 0.1667041 0.1721741 0.1378775 0.0572819 0.0579628 0.0297342 0.0794332 0.0572819 0.0572819 0.0642180 0.0794332 0.0642180 0.0642180 0.0712730 0.0794332 0.0804460 0.0794332 0.0642180 0.0572819 0.0836403 0.0642180 0.0794332 0.0721514 0.0721514 0.0868400 0.0836403 0.0498894 0.0498894 0.0572819 0.0784475 0.1098205 0.1177348 0.1020333 0.0774894 0.0846775 0.0846775 0.1006992 0.1161424 0.1161424 0.1083598 0.0994037 0.1083598 0.1161424 0.1161424 0.0931606 0.1006992 0.1177348 0.1069423 0.1210738 0.0857437 0.0498894 0.0363702 0.0730550 0.0649954 0.0572819 0.1113265 0.0857437 0.0794332 0.0627220 0.0504640 0.0721514 0.0931606 0.0774894 0.0857437 0.0857437 0.0943733 0.0634604 0.0846775 0.0634604 0.1199243 0.0774894 0.0498894 0.0498894 0.0498894 0.0498894 0.0498894 0.0642180 0.0432736 0.0498894 0.0432736 0.0572819 0.0493291 0.0634604 0.0620020 0.0721514 0.0566182 0.0634604 0.0642180 0.0956218 0.0774894 0.1487213 0.1420847 0.0642180 0.0774894 0.0794332 
