146
NM_001372078_1_Homo_sapiens_REV3_like_DNA_directed_polymerase_zeta_catalytic_subunit_REV3L_transcript_variant_4_mRNA_1                                     0.0000000 0.1077786 0.1330315 0.0068608 0.0669372 0.0480219 0.0022553 0.0562396 0.0573930 0.0068608 0.0571877 0.0559115 0.0682536 0.0655205 0.0657480 0.0757187 0.0560135 0.0964975 0.0807897 0.0236603 0.1498100 0.1424409 0.1516412 0.1393590 0.0885748 0.0947246 0.0848798 0.7640913 0.0783118 0.0715789 0.1094320 0.1052124 0.0783294 0.1223112 0.0844453 0.1178383 0.0799238 0.0802069 0.0734984 0.0704087 0.0764192 0.0784944 0.0736222 0.3359736 0.0698682 0.0729361 0.0816263 0.0534500 0.0506341 0.0506341 0.0507317 0.0534500 0.0508091 0.0504976 0.0605663 0.0605663 0.0508816 0.0483397 0.0597101 0.0507799 0.0480219 0.0504976 0.0534256 0.0534256 0.0531442 0.0481637 0.0453936 0.0453936 0.0486863 0.0874326 0.0584488 0.0669372 0.0611908 0.0646121 0.0640629 0.0617634 0.0639879 0.0639879 0.0565017 0.0592669 0.0592669 0.0565017 0.0526970 0.0580978 0.0610479 0.0554956 0.0582098 0.0554956 0.0526970 0.0500211 0.0500211 0.0561504 0.0580978 0.0868354 0.0872254 0.0702236 0.0536018 0.0652924 0.0566700 0.0713807 0.0805080 0.0622906 0.0626381 0.0708674 0.0510628 0.0698549 0.0844414 0.0711705 0.0624145 0.0719756 0.0655205 0.0589851 0.0776747 0.1100069 0.0367929 0.0992805 0.0091885 0.0091924 0.0115304 0.0115304 0.0115304 0.0091885 0.0115238 0.0022553 0.0091549 0.0115735 0.0115685 0.0285486 0.0608166 0.0263247 0.0238256 0.1018631 0.0418043 0.0363376 0.0667101 0.0978978 0.1366101 0.1062940 0.0746305 0.0652299 0.0403074 0.1952998 0.1779332 0.0635286 0.0560970 0.0802665 
NM_011264_3_Mus_musculus_REV3_like_DNA_directed_polymerase_zeta_catalytic_subunit_Rev3l_mRNA_1                                                             0.1077786 0.0000000 0.0763168 0.1060653 0.1173592 0.1021600 0.1067883 0.1125248 0.0624908 0.1060653 0.1259964 0.0977965 0.1272693 0.1263263 0.1265887 0.0656540 0.0936926 0.0904680 0.1390939 0.1037949 0.1877311 0.1995363 0.1878015 0.1744495 0.1365298 0.1435587 0.1491379 0.7640913 0.1212574 0.0957821 0.0283793 0.0701143 0.1002270 0.0647941 0.0610711 0.0856048 0.0450735 0.0665975 0.0681223 0.0651567 0.1015434 0.1038938 0.1139565 0.4218973 0.1081601 0.1115848 0.1240712 0.1060478 0.1025302 0.1025302 0.1094907 0.1060478 0.0986892 0.1045664 0.1306934 0.1306934 0.1053787 0.1096888 0.1171336 0.1055615 0.1021600 0.1045664 0.1083632 0.1083632 0.1050887 0.1039335 0.1074123 0.1074123 0.1051192 0.1261490 0.1070809 0.1173592 0.1103268 0.1149891 0.1138190 0.1062319 0.1136788 0.1136788 0.1017121 0.0983535 0.0983535 0.1017121 0.1016466 0.1015229 0.1116291 0.1050308 0.1082113 0.1050308 0.1016466 0.0985072 0.0985072 0.1063268 0.1015229 0.1662721 0.1762967 0.1299497 0.1234900 0.1235874 0.1201880 0.1176844 0.1196713 0.1156600 0.1048189 0.1119203 0.1116518 0.1311890 0.1643003 0.1298665 0.1149353 0.1351845 0.1263263 0.1160136 0.1352374 0.1413081 0.1059417 0.1522965 0.1028705 0.1094950 0.1127542 0.1127542 0.1095657 0.1028705 0.1060653 0.1067883 0.1140637 0.1146082 0.1148667 0.1126962 0.1523636 0.1035954 0.1138003 0.1467167 0.1108782 0.0903167 0.1415946 0.1608869 0.2000429 0.1688921 0.1256872 0.1169707 0.1083741 0.2673965 0.2446620 0.1345142 0.1190146 0.1377973 
XM_006256524_2_PREDICTED_Rattus_norvegicus_REV3_like_DNA_directed_polymerase_zeta_catalytic_subunit_Rev3l_transcript_variant_X1_mRNA_1                     0.1330315 0.0763168 0.0000000 0.1401638 0.1670186 0.1397262 0.1318720 0.1403593 0.0856597 0.1401638 0.1663260 0.1350143 0.1542856 0.1426940 0.1480627 0.0916902 0.1305365 0.1392827 0.1581499 0.1385125 0.2304624 0.2248322 0.2039735 0.1991290 0.1642267 0.1636463 0.1830149 1.6993179 0.1457531 0.1458241 0.0831239 0.1164743 0.1351452 0.0089673 0.0683295 0.1041095 0.0671075 0.1035085 0.0868664 0.0837972 0.1538894 0.1511578 0.1531860 0.4973769 0.1507529 0.1546509 0.1702864 0.1440586 0.1402129 0.1402129 0.1477764 0.1440586 0.1435260 0.1424445 0.1715490 0.1715490 0.1430581 0.1481145 0.1563089 0.1434017 0.1397262 0.1424445 0.1462370 0.1462370 0.1499395 0.1453518 0.1491868 0.1491868 0.1470108 0.1693194 0.1555425 0.1670186 0.1590804 0.1648222 0.1599706 0.1541787 0.1597777 0.1597777 0.1436514 0.1399747 0.1399747 0.1436514 0.1441264 0.1515342 0.1480493 0.1479220 0.1514030 0.1479220 0.1441264 0.1406869 0.1406869 0.1575282 0.1515342 0.1711696 0.2043713 0.1547558 0.1550416 0.1504037 0.1541487 0.1518316 0.1556461 0.1536208 0.1419556 0.1394285 0.1455683 0.1668284 0.1503849 0.1557210 0.1475168 0.1535175 0.1426940 0.1495845 0.1541237 0.1934970 0.1375933 0.1903129 0.1367671 0.1438711 0.1473410 0.1473410 0.1473410 0.1367671 0.1401638 0.1318720 0.1307262 0.1476371 0.1404898 0.1338696 0.2234484 0.1386690 0.1420469 0.1682475 0.1363039 0.1241757 0.1667782 0.1903157 0.2032926 0.2152596 0.1643576 0.1532077 0.1518652 0.2826770 0.2462561 0.1757007 0.1579214 0.1782560 
XM_028847034_1_PREDICTED_Macaca_mulatta_REV3_like_DNA_directed_polymerase_zeta_catalytic_subunit_REV3L_transcript_variant_X1_mRNA_1                        0.0068608 0.1060653 0.1401638 0.0000000 0.0636821 0.0450271 0.0045516 0.0531176 0.0606582 0.0000010 0.0540068 0.0528196 0.0649227 0.0622248 0.0631563 0.0793096 0.0529172 0.0925772 0.0772240 0.0212863 0.1447846 0.1474485 0.1568947 0.1443363 0.0991180 0.1054331 0.0885161 0.7640913 0.0756747 0.0750676 0.1161587 0.1010582 0.0819730 0.1292463 0.0905509 0.1246165 0.0860614 0.0839422 0.0770830 0.0739388 0.0729897 0.0749455 0.0702300 0.3255356 0.0664415 0.0694570 0.0780260 0.0503740 0.0476042 0.0476042 0.0476948 0.0503740 0.0477696 0.0474805 0.0573111 0.0573111 0.0478400 0.0453221 0.0565087 0.0477427 0.0450271 0.0474805 0.0503543 0.0503543 0.0500872 0.0451571 0.0424315 0.0424315 0.0456441 0.0838533 0.0553273 0.0636821 0.0580301 0.0613693 0.0608556 0.0585677 0.0607849 0.0607849 0.0533690 0.0560943 0.0560943 0.0533690 0.0496741 0.0549983 0.0578954 0.0524275 0.0551031 0.0524275 0.0496741 0.0470359 0.0470359 0.0530424 0.0549983 0.0905709 0.0869343 0.0691534 0.0505148 0.0620107 0.0535256 0.0679893 0.0769768 0.0590690 0.0593867 0.0675171 0.0480084 0.0664260 0.0881894 0.0619264 0.0591737 0.0685458 0.0622248 0.0558282 0.0741635 0.1058228 0.0396465 0.0953212 0.0022544 0.0022552 0.0045259 0.0045259 0.0045259 0.0022544 0.0045235 0.0045516 0.0068617 0.0092527 0.0092487 0.0261617 0.0557991 0.0239235 0.0214347 0.0992473 0.0447173 0.0391490 0.0759970 0.1019118 0.1414811 0.1130056 0.0711674 0.0685964 0.0374018 0.1959965 0.1836987 0.0602237 0.0529850 0.0767251 
XM_024996589_1_PREDICTED_Bos_taurus_REV3_like_DNA_directed_polymerase_zeta_catalytic_subunit_REV3L_transcript_variant_X1_mRNA_1                            0.0669372 0.1173592 0.1670186 0.0636821 0.0000000 0.0530678 0.0640371 0.0555890 0.0789013 0.0636821 0.0623693 0.0553254 0.0700031 0.0654805 0.0947499 0.0885429 0.0730630 0.1129593 0.0825389 0.0644789 0.1438531 0.1502342 0.1516819 0.1377961 0.1075090 0.1140021 0.0809821 0.7640913 0.1061246 0.0693567 0.1278711 0.0948029 0.1046544 0.1524190 0.1173899 0.1608183 0.1127180 0.0934898 0.0953259 0.0920148 0.0683260 0.0761729 0.0827341 0.3927227 0.0969671 0.1002544 0.1004534 0.0450678 0.0423420 0.0423420 0.0424218 0.0450678 0.0558775 0.0553953 0.0658001 0.0658001 0.0503482 0.0478327 0.0533781 0.0558448 0.0530678 0.0553953 0.0528648 0.0528648 0.0501810 0.0564434 0.0536055 0.0536055 0.0570538 0.0358332 0.0068198 0.0000010 0.0045265 0.0000010 0.0114588 0.0115147 0.0114460 0.0114460 0.0558463 0.0585745 0.0585745 0.0558463 0.0443066 0.0495439 0.0470311 0.0470052 0.0496370 0.0470052 0.0443066 0.0417112 0.0417112 0.0475557 0.0495439 0.0936761 0.1061200 0.0780366 0.0645626 0.0670710 0.0585332 0.0673571 0.0761645 0.0641654 0.0645250 0.0669748 0.0541610 0.0625525 0.0955583 0.0659899 0.0631685 0.0728421 0.0654805 0.0621751 0.0794485 0.1046558 0.0534987 0.0932282 0.0609366 0.0665618 0.0693570 0.0693570 0.0693570 0.0609366 0.0636821 0.0640371 0.0700907 0.0705392 0.0647666 0.0723924 0.1053330 0.0702343 0.0703089 0.1205399 0.0564336 0.0529267 0.0822993 0.1045604 0.1416744 0.1059321 0.0679043 0.0807583 0.0589376 0.2251784 0.2285970 0.0687840 0.0612748 0.0674437 
XM_014118216_3_PREDICTED_Canis_lupus_familiaris_REV3_like_DNA_directed_polymerase_zeta_catalytic_subunit_REV3L_transcript_variant_X1_mRNA_1                0.0480219 0.1021600 0.1397262 0.0450271 0.0530678 0.0000000 0.0452620 0.0368527 0.0708302 0.0450271 0.0314406 0.0260142 0.0455099 0.0403023 0.0771993 0.0905031 0.0507719 0.0961540 0.0619183 0.0447407 0.1447632 0.1438404 0.1451940 0.1391464 0.0887210 0.0948837 0.0732786 0.7640913 0.0874911 0.0614321 0.1196478 0.0919515 0.0810937 0.1326704 0.1022173 0.1402458 0.0977100 0.0890746 0.0807846 0.0775610 0.0535927 0.0542469 0.0597303 0.3658786 0.0789858 0.0821462 0.0823358 0.0185973 0.0210237 0.0210237 0.0259382 0.0185973 0.0022506 0.0310105 0.0342960 0.0342960 0.0234300 0.0210743 0.0260570 0.0022497 0.0000010 0.0310105 0.0233893 0.0233893 0.0258403 0.0262030 0.0237057 0.0237057 0.0264804 0.0728189 0.0502832 0.0530678 0.0475557 0.0507277 0.0503118 0.0506171 0.0502529 0.0502529 0.0317846 0.0343421 0.0343421 0.0317846 0.0370356 0.0422497 0.0450431 0.0397087 0.0423291 0.0397087 0.0370356 0.0344527 0.0344527 0.0401814 0.0422497 0.0806352 0.0865491 0.0574066 0.0450826 0.0427696 0.0347576 0.0453563 0.0562189 0.0448427 0.0397281 0.0475046 0.0270099 0.0434986 0.0725074 0.0455862 0.0374758 0.0460786 0.0403023 0.0345175 0.0590233 0.0897999 0.0482888 0.0788679 0.0423839 0.0477696 0.0480365 0.0480365 0.0504592 0.0423839 0.0450271 0.0452620 0.0503395 0.0568728 0.0512640 0.0613014 0.0945821 0.0510097 0.0536122 0.1143495 0.0480296 0.0423046 0.0717709 0.0823033 0.1260098 0.0995676 0.0537162 0.0562873 0.0397667 0.2034978 0.2032448 0.0369261 0.0315392 0.0646902 
XM_016956167_2_PREDICTED_Pan_troglodytes_REV3_like_DNA_directed_polymerase_zeta_catalytic_subunit_REV3L_transcript_variant_X1_mRNA_1                       0.0022553 0.1067883 0.1318720 0.0045516 0.0640371 0.0452620 0.0000000 0.0534044 0.0545065 0.0045516 0.0543036 0.0531022 0.0652924 0.0625763 0.0628025 0.0726490 0.0532007 0.0931787 0.0776893 0.0211903 0.1459087 0.1386307 0.1477041 0.1355534 0.0918472 0.0980364 0.0818214 0.7640913 0.0752263 0.0685752 0.1084410 0.1017465 0.0752312 0.1212284 0.0836738 0.1167995 0.0791757 0.0770413 0.0704219 0.0673617 0.0734141 0.0753955 0.0706351 0.3359736 0.0668302 0.0698682 0.0784997 0.0506427 0.0478550 0.0478550 0.0479466 0.0506427 0.0480219 0.0477296 0.0576322 0.0576322 0.0480929 0.0455603 0.0568205 0.0479948 0.0452620 0.0477296 0.0506225 0.0506225 0.0503528 0.0453936 0.0426509 0.0426509 0.0458858 0.0843560 0.0556255 0.0640371 0.0583459 0.0617109 0.0611908 0.0588898 0.0611192 0.0611192 0.0536582 0.0564013 0.0564013 0.0536582 0.0499347 0.0552928 0.0582098 0.0527059 0.0553987 0.0527059 0.0499347 0.0472801 0.0472801 0.0533276 0.0552928 0.0837053 0.0874775 0.0695606 0.0507851 0.0623596 0.0538166 0.0683821 0.0774353 0.0593963 0.0597186 0.0679028 0.0482632 0.0668149 0.0812894 0.0681801 0.0595034 0.0689469 0.0625763 0.0561323 0.0746039 0.1065443 0.0341690 0.0959446 0.0068579 0.0068608 0.0091795 0.0091795 0.0091795 0.0068579 0.0091743 0.0000010 0.0068331 0.0092141 0.0092102 0.0260414 0.0552094 0.0238142 0.0213377 0.0986212 0.0391508 0.0337500 0.0696357 0.0946025 0.1328693 0.1053213 0.0715858 0.0622965 0.0375922 0.1935994 0.1737859 0.0605663 0.0532702 0.0771836 
XM_021091238_1_PREDICTED_Sus_scrofa_REV3_like_DNA_directed_polymerase_zeta_catalytic_subunit_REV3L_transcript_variant_X1_mRNA_1                            0.0562396 0.1125248 0.1403593 0.0531176 0.0555890 0.0368527 0.0534044 0.0000000 0.0737673 0.0531176 0.0574015 0.0422034 0.0593203 0.0453513 0.0697049 0.0869982 0.0598972 0.1011782 0.0620264 0.0536452 0.1341846 0.1332067 0.1343831 0.1286926 0.1005684 0.1001069 0.0943727 0.7640913 0.0969206 0.0725828 0.1230960 0.0951156 0.0831277 0.1262211 0.0989186 0.1351448 0.0907487 0.0919762 0.0965819 0.0932151 0.0691333 0.0832959 0.0718178 0.3323478 0.0858678 0.0891154 0.0956496 0.0373544 0.0400449 0.0400449 0.0454873 0.0373544 0.0395090 0.0475844 0.0607815 0.0607815 0.0479450 0.0430985 0.0456100 0.0394879 0.0368527 0.0475844 0.0504619 0.0504619 0.0477833 0.0531075 0.0503222 0.0503222 0.0536774 0.0615534 0.0527888 0.0555890 0.0500494 0.0532575 0.0472986 0.0449910 0.0472435 0.0472435 0.0372078 0.0345732 0.0345732 0.0372078 0.0318377 0.0266394 0.0397109 0.0344626 0.0370450 0.0344626 0.0318377 0.0316548 0.0316548 0.0348733 0.0266394 0.0960300 0.0959159 0.0578105 0.0508292 0.0564592 0.0481129 0.0535876 0.0508154 0.0505447 0.0418760 0.0532628 0.0372301 0.0574739 0.0756490 0.0562998 0.0424929 0.0512045 0.0453513 0.0425557 0.0591276 0.0995615 0.0598846 0.0881901 0.0504167 0.0559338 0.0586836 0.0586836 0.0586836 0.0504167 0.0531176 0.0534044 0.0593048 0.0653854 0.0596362 0.0559069 0.1231259 0.0536887 0.0537626 0.1054525 0.0652549 0.0535090 0.0869318 0.0903846 0.1247411 0.1042067 0.0613514 0.0677577 0.0418146 0.1881376 0.1878270 0.0637428 0.0421764 0.0601348 
XM_040758199_1_PREDICTED_Mesocricetus_auratus_REV3_like_DNA_directed_polymerase_zeta_catalytic_subunit_Rev3l_transcript_variant_X1_mRNA_1                  0.0573930 0.0624908 0.0856597 0.0606582 0.0789013 0.0708302 0.0545065 0.0737673 0.0000000 0.0606582 0.0880128 0.0794021 0.0933804 0.0851668 0.0735602 0.0286767 0.0476875 0.0618934 0.0944214 0.0574721 0.1657889 0.1541347 0.1583262 0.1492692 0.1055351 0.1053442 0.0918489 0.7640913 0.0683337 0.0623316 0.0618750 0.0542641 0.0703708 0.0738689 0.0520537 0.0874717 0.0417952 0.0367659 0.0310416 0.0285082 0.0651545 0.0608902 0.0648134 0.3758817 0.0786778 0.0818185 0.0946535 0.0742368 0.0710922 0.0710922 0.0712413 0.0742368 0.0739502 0.0795324 0.0920432 0.0920432 0.0715951 0.0713338 0.0840628 0.0739005 0.0708302 0.0795324 0.0743640 0.0743640 0.0713665 0.0740214 0.0733190 0.0733190 0.0748544 0.0901369 0.0697849 0.0789013 0.0727140 0.0765000 0.0758033 0.0692949 0.0757111 0.0757111 0.0740822 0.0770877 0.0770877 0.0740822 0.0729901 0.0789128 0.0822276 0.0761007 0.0790774 0.0761007 0.0729901 0.0700546 0.0700546 0.0770366 0.0789128 0.1030672 0.1260121 0.0989921 0.0793995 0.0900717 0.0804763 0.0841785 0.0866206 0.0767795 0.0772830 0.0798253 0.0723734 0.0892248 0.1087955 0.0950897 0.0816807 0.0925624 0.0851668 0.0769164 0.0910430 0.1386718 0.0462835 0.1249185 0.0578278 0.0636224 0.0665049 0.0665049 0.0665049 0.0578278 0.0606582 0.0545065 0.0605161 0.0667092 0.0608609 0.0654593 0.1004096 0.0575203 0.0603325 0.1169678 0.0691990 0.0628557 0.0976423 0.1171418 0.1468208 0.1281545 0.0850410 0.0806836 0.0684027 0.2510640 0.1984830 0.0954356 0.0737673 0.0975382 
XM_015448392_1_PREDICTED_Macaca_fascicularis_REV3_like_DNA_directed_polymerase_zeta_catalytic_subunit_REV3L_transcript_variant_X1_mRNA_1                   0.0068608 0.1060653 0.1401638 0.0000010 0.0636821 0.0450271 0.0045516 0.0531176 0.0606582 0.0000000 0.0540068 0.0528196 0.0649227 0.0622248 0.0631563 0.0793096 0.0529172 0.0925772 0.0772240 0.0212863 0.1447846 0.1474485 0.1568947 0.1443363 0.0991180 0.1054331 0.0885161 0.7640913 0.0756747 0.0750676 0.1161587 0.1010582 0.0819730 0.1292463 0.0905509 0.1246165 0.0860614 0.0839422 0.0770830 0.0739388 0.0729897 0.0749455 0.0702300 0.3255356 0.0664415 0.0694570 0.0780260 0.0503740 0.0476042 0.0476042 0.0476948 0.0503740 0.0477696 0.0474805 0.0573111 0.0573111 0.0478400 0.0453221 0.0565087 0.0477427 0.0450271 0.0474805 0.0503543 0.0503543 0.0500872 0.0451571 0.0424315 0.0424315 0.0456441 0.0838533 0.0553273 0.0636821 0.0580301 0.0613693 0.0608556 0.0585677 0.0607849 0.0607849 0.0533690 0.0560943 0.0560943 0.0533690 0.0496741 0.0549983 0.0578954 0.0524275 0.0551031 0.0524275 0.0496741 0.0470359 0.0470359 0.0530424 0.0549983 0.0905709 0.0869343 0.0691534 0.0505148 0.0620107 0.0535256 0.0679893 0.0769768 0.0590690 0.0593867 0.0675171 0.0480084 0.0664260 0.0881894 0.0619264 0.0591737 0.0685458 0.0622248 0.0558282 0.0741635 0.1058228 0.0396465 0.0953212 0.0022544 0.0022552 0.0045259 0.0045259 0.0045259 0.0022544 0.0045235 0.0045516 0.0068617 0.0092527 0.0092487 0.0261617 0.0557991 0.0239235 0.0214347 0.0992473 0.0447173 0.0391490 0.0759970 0.1019118 0.1414811 0.1130056 0.0711674 0.0685964 0.0374018 0.1959965 0.1836987 0.0602237 0.0529850 0.0767251 
XM_004753515_2_PREDICTED_Mustela_putorius_furo_REV3_like_polymerase_DNA_directed_zeta_catalytic_subunit_REV3L_transcript_variant_X1_mRNA_1                 0.0571877 0.1259964 0.1663260 0.0540068 0.0623693 0.0314406 0.0543036 0.0574015 0.0880128 0.0540068 0.0000000 0.0316391 0.0512375 0.0556478 0.0875064 0.1090944 0.0753865 0.1047862 0.0812579 0.0513313 0.1359503 0.1408505 0.1502452 0.1360809 0.1009530 0.1077247 0.0801334 0.7640913 0.1022817 0.0814136 0.1344359 0.1135846 0.1072906 0.1587788 0.1254462 0.1667827 0.1210438 0.1022522 0.0987872 0.0953321 0.0723213 0.0726904 0.0790791 0.3590828 0.0935069 0.0968583 0.0970615 0.0313770 0.0288171 0.0288171 0.0311996 0.0313770 0.0340266 0.0287867 0.0045171 0.0045171 0.0187356 0.0212760 0.0341051 0.0340092 0.0314406 0.0287867 0.0236149 0.0236149 0.0260920 0.0315196 0.0289508 0.0289508 0.0318560 0.0829581 0.0594532 0.0623693 0.0566107 0.0600012 0.0594892 0.0598696 0.0594185 0.0594185 0.0432399 0.0459330 0.0459330 0.0432399 0.0488119 0.0543026 0.0572881 0.0516497 0.0544092 0.0516497 0.0488119 0.0516106 0.0516106 0.0522765 0.0543026 0.0913033 0.0909348 0.0645511 0.0459636 0.0484332 0.0402427 0.0634484 0.0631746 0.0538971 0.0548234 0.0598216 0.0381556 0.0556276 0.0868769 0.0553685 0.0525779 0.0619792 0.0556478 0.0436222 0.0781288 0.1120542 0.0634457 0.0999537 0.0512611 0.0568713 0.0564571 0.0564571 0.0596670 0.0512611 0.0540068 0.0543036 0.0595447 0.0665007 0.0606521 0.0686034 0.1272310 0.0639147 0.0606598 0.1381555 0.0663657 0.0600680 0.0922007 0.0744001 0.1322311 0.0950017 0.0488747 0.0660455 0.0460850 0.2085237 0.2054246 0.0068083 0.0454512 0.0598412 
XM_034668992_1_PREDICTED_Ailuropoda_melanoleuca_REV3_like_DNA_directed_polymerase_zeta_catalytic_subunit_REV3L_transcript_variant_X1_mRNA_1                0.0559115 0.0977965 0.1350143 0.0528196 0.0553254 0.0260142 0.0531022 0.0422034 0.0794021 0.0528196 0.0316391 0.0000000 0.0448520 0.0403109 0.0832040 0.0993951 0.0644606 0.0986208 0.0643324 0.0524911 0.1513547 0.1504840 0.1519227 0.1381393 0.0911879 0.0973252 0.0857983 0.7640913 0.0963605 0.0759557 0.1078165 0.0969319 0.0872247 0.1280771 0.1046643 0.1425990 0.1002138 0.0981357 0.0830694 0.0798587 0.0617306 0.0750869 0.0738420 0.3407383 0.0814590 0.0846167 0.0848069 0.0285633 0.0260531 0.0260531 0.0310794 0.0285633 0.0235303 0.0091080 0.0345143 0.0345143 0.0235751 0.0212043 0.0312267 0.0285045 0.0260142 0.0091080 0.0259227 0.0259227 0.0284036 0.0338616 0.0312902 0.0312902 0.0342208 0.0693105 0.0525452 0.0553254 0.0498243 0.0530085 0.0525751 0.0528943 0.0525141 0.0525141 0.0341643 0.0315851 0.0315851 0.0341643 0.0394244 0.0393786 0.0474388 0.0421018 0.0447217 0.0421018 0.0394244 0.0420722 0.0420722 0.0425995 0.0393786 0.0890585 0.0950282 0.0542389 0.0474829 0.0475853 0.0395454 0.0477690 0.0475931 0.0419406 0.0397375 0.0445657 0.0321935 0.0514586 0.0665127 0.0401062 0.0428211 0.0460758 0.0403109 0.0397727 0.0614360 0.0857920 0.0562354 0.0751303 0.0501419 0.0556103 0.0583350 0.0583350 0.0583350 0.0501419 0.0528196 0.0531022 0.0582151 0.0649652 0.0592732 0.0636948 0.1195157 0.0647668 0.0615935 0.1167303 0.0559317 0.0447014 0.0801452 0.0821632 0.1255637 0.1058150 0.0592594 0.0656654 0.0450884 0.1921087 0.1918085 0.0371614 0.0444802 0.0703305 
XM_015600069_2_PREDICTED_Pteropus_alecto_REV3_like_DNA_directed_polymerase_zeta_catalytic_subunit_REV3L_transcript_variant_X1_mRNA_1                       0.0682536 0.1272693 0.1542856 0.0649227 0.0700031 0.0455099 0.0652924 0.0593203 0.0933804 0.0649227 0.0512375 0.0448520 0.0000000 0.0455043 0.0973551 0.1144675 0.0806564 0.1274351 0.0829583 0.0715616 0.1394044 0.1397201 0.1456402 0.1396137 0.1254941 0.1355232 0.1042568 0.7640913 0.1116245 0.0861507 0.1433230 0.1053160 0.1181781 0.1398394 0.1198884 0.1674702 0.1083856 0.1134753 0.1038869 0.1073431 0.0880268 0.0942222 0.0846362 0.4292492 0.1057643 0.1091914 0.1093965 0.0395489 0.0368852 0.0368852 0.0422099 0.0395489 0.0482764 0.0558593 0.0568257 0.0568257 0.0477294 0.0452185 0.0508500 0.0482490 0.0455099 0.0558593 0.0508814 0.0508814 0.0481839 0.0600826 0.0571880 0.0571880 0.0607385 0.0907035 0.0670548 0.0700031 0.0641924 0.0676771 0.0670962 0.0675321 0.0670176 0.0670176 0.0508114 0.0535228 0.0535228 0.0508114 0.0508006 0.0562402 0.0560324 0.0536159 0.0563495 0.0536159 0.0508006 0.0535755 0.0535755 0.0542562 0.0562402 0.1016691 0.1001488 0.0632658 0.0592762 0.0022530 0.0091406 0.0390752 0.0583813 0.0470294 0.0477454 0.0467042 0.0348919 0.0370686 0.0814453 0.0538173 0.0455297 0.0544046 0.0455043 0.0371504 0.0798594 0.1057002 0.0720134 0.0976410 0.0621220 0.0678626 0.0649744 0.0649744 0.0707146 0.0621220 0.0649227 0.0652924 0.0714761 0.0778789 0.0718980 0.0821168 0.1259827 0.0775243 0.0775989 0.1392217 0.0676095 0.0652383 0.0771759 0.0954645 0.1290217 0.1134949 0.0631804 0.0690057 0.0568156 0.2136124 0.2105483 0.0597057 0.0560565 0.0768269 
XM_005883745_2_PREDICTED_Myotis_brandtii_REV3_like_polymerase_DNA_directed_zeta_catalytic_subunit_REV3L_transcript_variant_X1_mRNA_1                       0.0655205 0.1263263 0.1426940 0.0622248 0.0654805 0.0403023 0.0625763 0.0453513 0.0851668 0.0622248 0.0556478 0.0403109 0.0455043 0.0000000 0.0841361 0.1061647 0.0761123 0.1215819 0.0724650 0.0609533 0.1470190 0.1389286 0.1474935 0.1414583 0.1245277 0.1312867 0.0969800 0.7640913 0.1018829 0.0850404 0.1375403 0.1108308 0.1005595 0.1329605 0.1184632 0.1543938 0.1139845 0.1049908 0.0984949 0.0950472 0.0834734 0.0840422 0.0800722 0.3670333 0.1012759 0.1047309 0.1049391 0.0378248 0.0351166 0.0351166 0.0405320 0.0378248 0.0430419 0.0457544 0.0590603 0.0590603 0.0461075 0.0435474 0.0462035 0.0430180 0.0403023 0.0457544 0.0486608 0.0486608 0.0490308 0.0547141 0.0518422 0.0518422 0.0553173 0.0839511 0.0625246 0.0654805 0.0596481 0.0631077 0.0625631 0.0629694 0.0624885 0.0624885 0.0492305 0.0519886 0.0519886 0.0492305 0.0492192 0.0547527 0.0545453 0.0520800 0.0548609 0.0520800 0.0492192 0.0489498 0.0489498 0.0527166 0.0547527 0.0873579 0.0985235 0.0618696 0.0578335 0.0427612 0.0347433 0.0453505 0.0547231 0.0487436 0.0405222 0.0483970 0.0243240 0.0434908 0.0419637 0.0162498 0.0091482 0.0116052 0.0000010 0.0294408 0.0694021 0.1023634 0.0673849 0.0906193 0.0594357 0.0651481 0.0679881 0.0679881 0.0679881 0.0594357 0.0622248 0.0625763 0.0655323 0.0750749 0.0691228 0.0715275 0.1256529 0.0668426 0.0669201 0.1277565 0.0630481 0.0606345 0.0788439 0.0803351 0.1119992 0.1076767 0.0629594 0.0695563 0.0484264 0.2019153 0.1935058 0.0620596 0.0545680 0.0742790 
XM_006157005_3_PREDICTED_Tupaia_chinensis_REV3_like_DNA_directed_polymerase_zeta_catalytic_subunit_REV3L_transcript_variant_X3_mRNA_1                      0.0657480 0.1265887 0.1480627 0.0631563 0.0947499 0.0771993 0.0628025 0.0697049 0.0735602 0.0631563 0.0875064 0.0832040 0.0973551 0.0841361 0.0000000 0.0868884 0.0853468 0.1111130 0.1078136 0.0568755 0.1636059 0.1627190 0.1670171 0.1578334 0.1208197 0.1328694 0.1045507 0.7640913 0.0887317 0.0938346 0.1212179 0.1123884 0.0996474 0.1340385 0.1076053 0.1350594 0.1032075 0.0934909 0.0961002 0.0927794 0.0993637 0.1089542 0.0985739 0.4309891 0.1028031 0.1062204 0.1201083 0.0806773 0.0774813 0.0774813 0.0737652 0.0806773 0.0803693 0.0791560 0.0914718 0.0914718 0.0778094 0.0751097 0.0906720 0.0803140 0.0771993 0.0791560 0.0805938 0.0805938 0.0775693 0.0836537 0.0804475 0.0804475 0.0845965 0.1126244 0.0852601 0.0947499 0.0882890 0.0923822 0.0915097 0.0891699 0.0913989 0.0913989 0.0702840 0.0732159 0.0732159 0.0702840 0.0735771 0.0795157 0.0828398 0.0766978 0.0796819 0.0766978 0.0735771 0.0732101 0.0732101 0.0776422 0.0795157 0.1131337 0.1233910 0.0922737 0.0875427 0.0940180 0.0843356 0.0905373 0.0932084 0.0708384 0.0706145 0.0862843 0.0716016 0.0892494 0.1112842 0.0872353 0.0772966 0.0913572 0.0841361 0.0760733 0.1043347 0.1392521 0.0659936 0.1297138 0.0603275 0.0661238 0.0690043 0.0690043 0.0690043 0.0603275 0.0574463 0.0628025 0.0630039 0.0660059 0.0633645 0.0647817 0.1137546 0.0569226 0.0539552 0.1056546 0.0811202 0.0710931 0.1104400 0.1130760 0.1709660 0.1289158 0.0864432 0.0790215 0.0644657 0.2605846 0.2376515 0.0948090 0.0802745 0.1053842 
XM_027402162_2_PREDICTED_Cricetulus_griseus_REV3_like_DNA_directed_polymerase_zeta_catalytic_subunit_Rev3l_transcript_variant_X5_mRNA_1                    0.0757187 0.0656540 0.0916902 0.0793096 0.0885429 0.0905031 0.0726490 0.0869982 0.0286767 0.0793096 0.1090944 0.0993951 0.1144675 0.1061647 0.0868884 0.0000000 0.0709637 0.0740771 0.1087205 0.0758247 0.1669427 0.1628450 0.1517786 0.1455611 0.1235887 0.1232975 0.1086645 0.7640913 0.0939013 0.0653117 0.0650005 0.0723615 0.0770046 0.0797140 0.0581717 0.0885879 0.0423288 0.0533606 0.0417431 0.0390884 0.0900566 0.0825198 0.0833088 0.3832494 0.0946525 0.0979430 0.1113370 0.0941832 0.0908305 0.0908305 0.0910285 0.0941832 0.0938257 0.0995854 0.1134693 0.1134693 0.0938914 0.0911698 0.1047113 0.0937569 0.0905031 0.0995854 0.0967760 0.0967760 0.0936216 0.0962856 0.0929703 0.0929703 0.0973702 0.0999820 0.0791541 0.0885429 0.0821580 0.0861490 0.0853428 0.0785810 0.0852387 0.0852387 0.0939672 0.0971296 0.0971296 0.0939672 0.0859933 0.0921216 0.0956007 0.0892389 0.0923186 0.0892389 0.0859933 0.0829544 0.0829544 0.0903412 0.0921216 0.1314237 0.1415561 0.1208555 0.1003834 0.1109543 0.1007881 0.1048667 0.1138985 0.0966995 0.0907154 0.1064199 0.0925009 0.1010201 0.1313662 0.1095030 0.1024491 0.1142415 0.1061647 0.0969358 0.1051933 0.1665953 0.0674766 0.1515595 0.0763305 0.0824623 0.0854976 0.0854976 0.0854976 0.0763305 0.0793096 0.0726490 0.0790698 0.0857380 0.0795551 0.0841118 0.0996505 0.0758944 0.0788524 0.1181438 0.0882740 0.0719604 0.1185190 0.1427863 0.1660781 0.1520974 0.1084956 0.1034634 0.0880767 0.2718653 0.2343034 0.1170755 0.0936243 0.1144210 
XM_013069186_2_PREDICTED_Heterocephalus_glaber_REV3_like_DNA_directed_polymerase_zeta_catalytic_subunit_Rev3l_transcript_variant_X1_mRNA_1                 0.0560135 0.0936926 0.1305365 0.0529172 0.0730630 0.0507719 0.0532007 0.0598972 0.0476875 0.0529172 0.0753865 0.0644606 0.0806564 0.0761123 0.0853468 0.0709637 0.0000000 0.0862122 0.0752476 0.0615074 0.1536537 0.1527796 0.1569139 0.1479638 0.0954788 0.1017021 0.0924696 0.7640913 0.0685547 0.0621347 0.1068298 0.0886860 0.0724301 0.1171840 0.0921864 0.1225885 0.0806403 0.0785485 0.0678402 0.0648870 0.0308234 0.0366987 0.0283826 0.3405035 0.0559648 0.0588029 0.0704398 0.0537888 0.0566379 0.0566379 0.0623924 0.0537888 0.0535835 0.0702500 0.0790685 0.0790685 0.0593750 0.0624638 0.0685032 0.0480716 0.0507719 0.0702500 0.0619613 0.0619613 0.0591836 0.0657949 0.0628413 0.0628413 0.0665151 0.0939263 0.0644077 0.0730630 0.0671969 0.0707401 0.0701280 0.0705889 0.0700457 0.0700457 0.0626653 0.0654876 0.0654876 0.0626653 0.0618025 0.0617299 0.0704457 0.0647064 0.0675047 0.0647064 0.0618025 0.0590415 0.0590415 0.0654750 0.0617299 0.1106401 0.1173745 0.0856352 0.0715572 0.0775762 0.0686192 0.0718053 0.0836342 0.0710000 0.0656253 0.0738934 0.0608864 0.0702801 0.1093166 0.0820260 0.0728361 0.0829884 0.0761123 0.0691339 0.0783398 0.1289003 0.0482537 0.1161156 0.0502361 0.0557114 0.0584391 0.0584391 0.0584391 0.0502361 0.0529172 0.0532007 0.0590527 0.0650778 0.0593799 0.0669785 0.1254150 0.0648032 0.0619412 0.0953928 0.0591478 0.0531713 0.0922269 0.1132170 0.1620739 0.1326392 0.0810680 0.0884465 0.0657439 0.2218592 0.2028807 0.0822127 0.0679365 0.0839591 
XM_008852401_2_PREDICTED_Nannospalax_galili_REV3_like_DNA_directed_polymerase_zeta_catalytic_subunit_Rev3l_transcript_variant_X1_mRNA_1                    0.0964975 0.0904680 0.1392827 0.0925772 0.1129593 0.0961540 0.0931787 0.1011782 0.0618934 0.0925772 0.1047862 0.0986208 0.1274351 0.1215819 0.1111130 0.0740771 0.0862122 0.0000000 0.1345879 0.0858740 0.1769803 0.1641839 0.1852343 0.1669497 0.1480853 0.1476287 0.1198560 1.2005687 0.1070714 0.0844934 0.0995229 0.0864124 0.1076459 0.1255802 0.0934469 0.1307984 0.0841231 0.0820364 0.0769726 0.0739246 0.0893724 0.0979118 0.1058111 0.3520195 0.0820311 0.0852034 0.0922714 0.0998774 0.0964968 0.0964968 0.0964258 0.0998774 0.0995033 0.1052578 0.1090580 0.1090580 0.1060572 0.1033664 0.1105077 0.0994293 0.0961540 0.1052578 0.1089802 0.1089802 0.1057726 0.1058762 0.1024887 0.1024887 0.1070652 0.1157741 0.1028695 0.1129593 0.1060626 0.1105962 0.1094904 0.1020684 0.1093563 0.1093563 0.1152239 0.1117744 0.1117744 0.1152239 0.0951973 0.0950816 0.1049973 0.0985152 0.1016453 0.0985152 0.0951973 0.0921074 0.0921074 0.0997277 0.0950816 0.1617376 0.1574413 0.1218552 0.1117333 0.1237606 0.1156508 0.1060296 0.1223595 0.1042848 0.1054457 0.1075807 0.1026712 0.1188475 0.1504697 0.1326073 0.1176891 0.1302161 0.1215819 0.1045660 0.1307929 0.1580139 0.0958886 0.1470789 0.0894899 0.0958678 0.0990149 0.0990149 0.0990149 0.0894899 0.0925772 0.0931787 0.1001455 0.1074670 0.1008178 0.0989285 0.1245567 0.1006505 0.0998960 0.1334757 0.1038207 0.0900198 0.1332170 0.1494369 0.1874310 0.1631224 0.1084820 0.1128176 0.0947956 0.2530079 0.2270202 0.1125923 0.1078074 0.1269513 
XM_023650934_1_PREDICTED_Equus_caballus_REV3_like_DNA_directed_polymerase_zeta_catalytic_subunit_REV3L_transcript_variant_X1_mRNA_1                        0.0807897 0.1390939 0.1581499 0.0772240 0.0825389 0.0619183 0.0776893 0.0620264 0.0944214 0.0772240 0.0812579 0.0643324 0.0829583 0.0724650 0.1078136 0.1087205 0.0752476 0.1345879 0.0000000 0.0808099 0.1572485 0.1563943 0.1579603 0.1541418 0.1376615 0.1254072 0.1122170 0.7640913 0.1238184 0.0930695 0.1510707 0.1181757 0.1193871 0.1433249 0.1113587 0.1667321 0.1126457 0.1177922 0.1082397 0.1047077 0.0913611 0.1070985 0.0912335 0.3669017 0.1069928 0.1104765 0.1134818 0.0627382 0.0598075 0.0598075 0.0656456 0.0627382 0.0648312 0.0701182 0.0789294 0.0789294 0.0649067 0.0657235 0.0718600 0.0647912 0.0619183 0.0701182 0.0675154 0.0675154 0.0647030 0.0714751 0.0684746 0.0684746 0.0722564 0.0915398 0.0735577 0.0825389 0.0764391 0.0802027 0.0792704 0.0739028 0.0733229 0.0733229 0.0623038 0.0651097 0.0651097 0.0623038 0.0647744 0.0589071 0.0735455 0.0618667 0.0646580 0.0618667 0.0647744 0.0619777 0.0619777 0.0626050 0.0589071 0.1196576 0.1166795 0.0885766 0.0743794 0.0798743 0.0709117 0.0802398 0.0858261 0.0792097 0.0738182 0.0821501 0.0632073 0.0788442 0.1039353 0.0721188 0.0751725 0.0792090 0.0724650 0.0714440 0.0022431 0.1144770 0.0787423 0.1091568 0.0743142 0.0803001 0.0832655 0.0832655 0.0772893 0.0743142 0.0772240 0.0776893 0.0841822 0.0909475 0.0847059 0.0926661 0.1538518 0.0843638 0.0844347 0.1450399 0.0808708 0.0742252 0.1039265 0.1118879 0.1621394 0.1427287 0.0897227 0.0908017 0.0680401 0.2248540 0.2130086 0.0820731 0.0620264 0.0890996 
XM_035296530_1_PREDICTED_Callithrix_jacchus_REV3_like_DNA_directed_polymerase_zeta_catalytic_subunit_REV3L_transcript_variant_X1_mRNA_1                    0.0236603 0.1037949 0.1385125 0.0212863 0.0644789 0.0447407 0.0211903 0.0536452 0.0574721 0.0212863 0.0513313 0.0524911 0.0715616 0.0609533 0.0568755 0.0758247 0.0615074 0.0858740 0.0808099 0.0000000 0.1548195 0.1437342 0.1530063 0.1390471 0.0919018 0.1004604 0.0724236 0.7640913 0.0756381 0.0690568 0.1054779 0.0987312 0.0752452 0.1249294 0.0930538 0.1274485 0.0886153 0.0742019 0.0725946 0.0695353 0.0700756 0.0719417 0.0793897 0.3359736 0.0757509 0.0788645 0.0815282 0.0476488 0.0449052 0.0449052 0.0449902 0.0476488 0.0474671 0.0448949 0.0545987 0.0545987 0.0475370 0.0450323 0.0561540 0.0474406 0.0447407 0.0448949 0.0500379 0.0500379 0.0473774 0.0448690 0.0421595 0.0421595 0.0453506 0.0826007 0.0560126 0.0644789 0.0587504 0.0621410 0.0616139 0.0593012 0.0615415 0.0615415 0.0596469 0.0624444 0.0624444 0.0596469 0.0502832 0.0556757 0.0586126 0.0530730 0.0557830 0.0530730 0.0502832 0.0476114 0.0476114 0.0537023 0.0556757 0.0929736 0.0943079 0.0823226 0.0625168 0.0685610 0.0598269 0.0688609 0.0718610 0.0598133 0.0601408 0.0683739 0.0521638 0.0672926 0.0887848 0.0666371 0.0578414 0.0673981 0.0609533 0.0578930 0.0776917 0.1143108 0.0419833 0.1033807 0.0237584 0.0237697 0.0262385 0.0262385 0.0262385 0.0237584 0.0262218 0.0211903 0.0212688 0.0263311 0.0263184 0.0138447 0.0238464 0.0093123 0.0092420 0.0950056 0.0417650 0.0363050 0.0701118 0.0952581 0.1263246 0.1130041 0.0720892 0.0627342 0.0378644 0.2147374 0.1932829 0.0574920 0.0536452 0.0777206 
XM_007484437_2_PREDICTED_Monodelphis_domestica_REV3_like_DNA_directed_polymerase_zeta_catalytic_subunit_REV3L_transcript_variant_X1_mRNA_1                 0.1498100 0.1877311 0.2304624 0.1447846 0.1438531 0.1447632 0.1459087 0.1341846 0.1657889 0.1447846 0.1359503 0.1513547 0.1394044 0.1470190 0.1636059 0.1669427 0.1536537 0.1769803 0.1572485 0.1548195 0.0000000 0.0463079 0.0461546 0.0554478 0.2008046 0.2034060 0.1671092 0.7640913 0.2014608 0.1537172 0.2097725 0.1716726 0.1561190 0.2131703 0.1681171 0.2298648 0.1584162 0.1771129 0.1680616 0.1722909 0.1497262 0.1684680 0.1585238 0.5577561 0.1744666 0.1702286 0.1794877 0.1387285 0.1349847 0.1349847 0.1423528 0.1387285 0.1486110 0.1590661 0.1432861 0.1432861 0.1451376 0.1442551 0.1475248 0.1484805 0.1447632 0.1590661 0.1411299 0.1411299 0.1376423 0.1522670 0.1483876 0.1483876 0.1540316 0.1628489 0.1398719 0.1438531 0.1433648 0.1452590 0.1502590 0.1407628 0.1428649 0.1428649 0.1457433 0.1492858 0.1492858 0.1457433 0.1412004 0.1482352 0.1478106 0.1450485 0.1485830 0.1450485 0.1412004 0.1406578 0.1406578 0.1468973 0.1482352 0.1685504 0.1616126 0.1399773 0.1310138 0.1357023 0.1323024 0.1344578 0.1618547 0.1604797 0.1505648 0.1546161 0.1381352 0.1257811 0.1658613 0.1505637 0.1471465 0.1537799 0.1470190 0.1480486 0.1532422 0.1839265 0.1567359 0.1715780 0.1412560 0.1444577 0.1522518 0.1522518 0.1444791 0.1412560 0.1447846 0.1459087 0.1541173 0.1554926 0.1478733 0.1672918 0.2436314 0.1625436 0.1624888 0.2161138 0.1568387 0.1469773 0.1815159 0.1493810 0.1981232 0.1502772 0.1350153 0.1588590 0.1211253 0.2305134 0.2281716 0.1471470 0.1480308 0.1450651 
XM_031964400_1_PREDICTED_Sarcophilus_harrisii_REV3_like_DNA_directed_polymerase_zeta_catalytic_subunit_REV3L_transcript_variant_X1_mRNA_1                  0.1424409 0.1995363 0.2248322 0.1474485 0.1502342 0.1438404 0.1386307 0.1332067 0.1541347 0.1474485 0.1408505 0.1504840 0.1397201 0.1389286 0.1627190 0.1628450 0.1527796 0.1641839 0.1563943 0.1437342 0.0463079 0.0000000 0.0342754 0.0399025 0.1958210 0.1984083 0.1509988 0.7640913 0.1835589 0.1424527 0.2032700 0.1708813 0.1638090 0.2079465 0.1717388 0.2241795 0.1544935 0.1647488 0.1525012 0.1564839 0.1550972 0.1676542 0.1576749 0.5196358 0.1736974 0.1694350 0.1820264 0.1377775 0.1340083 0.1340083 0.1414270 0.1377775 0.1477133 0.1582414 0.1441336 0.1441336 0.1442202 0.1433349 0.1466260 0.1475827 0.1438404 0.1582414 0.1474415 0.1474415 0.1438928 0.1513924 0.1474885 0.1474885 0.1531610 0.1701627 0.1389192 0.1502342 0.1424369 0.1479227 0.1493777 0.1398094 0.1419344 0.1419344 0.1448263 0.1483934 0.1483934 0.1448263 0.1402544 0.1473387 0.1469117 0.1441280 0.1476870 0.1441280 0.1402544 0.1397084 0.1397084 0.1459809 0.1473387 0.1546044 0.1527081 0.1425986 0.1334685 0.1359438 0.1324762 0.1291080 0.1583157 0.1505969 0.1466983 0.1414573 0.1326643 0.1258245 0.1466962 0.1424602 0.1390478 0.1474908 0.1389286 0.1425495 0.1523635 0.1979691 0.1528756 0.1898676 0.1438704 0.1513671 0.1550239 0.1550239 0.1550239 0.1438704 0.1474485 0.1386307 0.1466472 0.1553329 0.1477919 0.1486613 0.2177130 0.1512266 0.1511991 0.2055333 0.1530590 0.1506343 0.1695742 0.1517768 0.2144132 0.1563912 0.1439421 0.1407930 0.1200455 0.2314336 0.2047232 0.1480882 0.1471313 0.1501173 
XM_036766364_1_PREDICTED_Trichosurus_vulpecula_REV3_like_DNA_directed_polymerase_zeta_catalytic_subunit_REV3L_transcript_variant_X1_mRNA_1                 0.1516412 0.1878015 0.2039735 0.1568947 0.1516819 0.1451940 0.1477041 0.1343831 0.1583262 0.1568947 0.1502452 0.1519227 0.1456402 0.1474935 0.1670171 0.1517786 0.1569139 0.1852343 0.1579603 0.1530063 0.0461546 0.0342754 0.0000000 0.0241122 0.2009461 0.2035360 0.1596403 0.7640913 0.1932664 0.1464470 0.2007497 0.1842611 0.1603073 0.1873427 0.1768762 0.2219334 0.1515723 0.1692534 0.1571555 0.1612241 0.1593286 0.1809854 0.1619182 0.5466639 0.1783062 0.1739635 0.1807219 0.1390247 0.1352011 0.1352011 0.1427261 0.1390247 0.1491255 0.1598016 0.1536248 0.1536248 0.1455752 0.1446722 0.1480124 0.1489916 0.1451940 0.1598016 0.1488429 0.1488429 0.1452432 0.1528612 0.1488972 0.1488972 0.1546694 0.1719317 0.1401958 0.1516819 0.1437635 0.1493474 0.1508058 0.1411084 0.1432526 0.1432526 0.1356814 0.1391789 0.1391789 0.1356814 0.1338316 0.1487395 0.1404930 0.1376912 0.1412508 0.1376912 0.1338316 0.1332897 0.1332897 0.1473785 0.1487395 0.1958717 0.1742007 0.1439545 0.1424568 0.1417602 0.1382074 0.1346620 0.1626454 0.1612475 0.1511160 0.1552536 0.1384226 0.1254297 0.1523482 0.1511138 0.1476242 0.1543970 0.1474935 0.1438734 0.1538650 0.2053573 0.1543805 0.1969368 0.1532117 0.1609460 0.1647128 0.1647128 0.1647128 0.1532117 0.1568947 0.1477041 0.1559870 0.1650258 0.1572470 0.1655031 0.2755062 0.1607340 0.1606835 0.2141148 0.1545341 0.1446847 0.1713286 0.1532459 0.2169630 0.1661883 0.1452968 0.1416195 0.1284553 0.2183549 0.1916356 0.1577130 0.1565082 0.1468562 
XM_027848601_1_PREDICTED_Vombatus_ursinus_REV3_like_DNA_directed_polymerase_zeta_catalytic_subunit_REV3L_transcript_variant_X1_mRNA_1                      0.1393590 0.1744495 0.1991290 0.1443363 0.1377961 0.1391464 0.1355534 0.1286926 0.1492692 0.1443363 0.1360809 0.1381393 0.1396137 0.1414583 0.1578334 0.1455611 0.1479638 0.1669497 0.1541418 0.1390471 0.0554478 0.0399025 0.0241122 0.0000000 0.1988577 0.2105698 0.1586432 0.7640913 0.1831464 0.1376880 0.1842045 0.1743297 0.1632741 0.1828523 0.1726958 0.2160212 0.1479747 0.1596598 0.1454702 0.1494304 0.1583268 0.1797865 0.1609042 0.4581278 0.1570021 0.1529427 0.1617952 0.1257991 0.1221368 0.1221368 0.1293600 0.1257991 0.1429849 0.1456883 0.1393413 0.1393413 0.1395368 0.1311245 0.1343318 0.1428598 0.1391464 0.1456883 0.1427370 0.1427370 0.1392115 0.1466328 0.1427626 0.1427626 0.1483482 0.1571980 0.1267922 0.1377961 0.1302329 0.1354396 0.1370155 0.1275740 0.1297529 0.1297529 0.1324894 0.1359836 0.1359836 0.1324894 0.1280590 0.1426325 0.1345849 0.1318251 0.1353101 0.1318251 0.1280590 0.1275329 0.1275329 0.1412281 0.1426325 0.1804088 0.1591103 0.1361698 0.1273416 0.1358237 0.1323440 0.1289670 0.1485117 0.1548720 0.1449932 0.1490461 0.1325323 0.1256698 0.1436670 0.1373872 0.1415804 0.1482331 0.1414583 0.1424539 0.1501394 0.2024631 0.1480623 0.1914870 0.1407567 0.1482517 0.1519104 0.1519104 0.1519104 0.1407567 0.1443363 0.1355534 0.1435609 0.1522209 0.1446801 0.1512290 0.2258648 0.1464811 0.1464642 0.1984290 0.1483467 0.1459076 0.1646892 0.1661861 0.2092635 0.1532575 0.1392485 0.1358036 0.1156391 0.2230445 0.1854843 0.1432606 0.1424186 0.1454091 
