112
NM_011264_3_Mus_musculus_REV3_like_DNA_directed_polymerase_zeta_catalytic_subunit_Rev3l_mRNA_1                                                             0.0000000 0.1078396 0.1061485 0.1462879 0.1078396 0.1660017 0.0684703 0.1298487 0.1326451 0.1158146 0.1178295 0.1195186 0.0771192 0.1120385 0.1093731 0.1175727 0.2840489 0.1175727 0.2588467 0.0876457 0.0877521 0.0981060 0.0512275 0.2834484 0.0676424 0.2515838 0.0886822 0.0279165 0.0512191 0.1349463 0.1460799 0.0771192 0.0586537 0.0875623 0.0528936 0.1324303 0.1279698 0.1277977 0.1277977 0.0592940 0.1062121 0.1463868 0.1404933 0.1240704 0.1175727 0.1463868 0.1061485 0.1158146 0.1257493 0.1176634 0.1176634 0.1257493 0.1257493 0.1159254 0.1063137 0.1159254 0.1259437 0.1437399 0.1660017 0.1259437 0.1383293 0.1488347 0.1661669 0.1661669 0.1573978 0.1488347 0.1573978 0.1063137 0.1895932 0.1660310 0.1326451 0.1806588 0.1974980 0.1738973 0.1598627 0.1381145 0.1384114 0.1277222 0.1381145 0.1708142 0.1135602 0.1028030 0.1120385 0.1278239 0.1277222 0.1175727 0.1384348 0.1387040 0.0981060 0.0981060 0.1076693 0.1076693 0.1406562 0.1093546 0.1076693 0.1076693 0.1175727 0.1548994 0.0795003 0.0886822 0.0887367 0.1194941 0.1593116 0.1297254 0.1625040 0.1203268 0.1003170 0.4971264 0.4721946 0.1041348 0.1077739 0.0981060 
XM_028847034_1_PREDICTED_Macaca_mulatta_REV3_like_DNA_directed_polymerase_zeta_catalytic_subunit_REV3L_transcript_variant_X1_mRNA_1                        0.1078396 0.0000000 0.0584888 0.0776294 0.0000010 0.0679913 0.0437330 0.0599229 0.0436481 0.0505346 0.0204601 0.0506173 0.0919553 0.0511586 0.0506092 0.0204134 0.1867661 0.0348637 0.1512126 0.0428599 0.0429230 0.0204309 0.0604272 0.1662271 0.0441889 0.1968113 0.0423649 0.0697822 0.0604169 0.1452626 0.0775309 0.0919553 0.0785189 0.0428220 0.0624606 0.0665778 0.0579620 0.0423775 0.0423775 0.0688567 0.0585230 0.0750280 0.0667268 0.0898418 0.0500080 0.0750280 0.0584888 0.0505346 0.0584888 0.0511503 0.0511503 0.0584888 0.0584888 0.0505797 0.0585755 0.0505797 0.0585755 0.0516448 0.0679913 0.0585755 0.0500962 0.0579107 0.0680536 0.0680536 0.0688380 0.0579107 0.0688380 0.0750959 0.0852563 0.0680016 0.0436481 0.0773195 0.0681044 0.0516056 0.0500962 0.0500231 0.0349343 0.0423530 0.0500231 0.0579107 0.0682841 0.0592678 0.0511586 0.0592239 0.0423530 0.0348637 0.0676011 0.1316265 0.0066473 0.0066473 0.0134448 0.0134448 0.0506544 0.0067099 0.0134448 0.0134448 0.0204134 0.0611764 0.0204309 0.0134562 0.0424019 0.0506092 0.0823933 0.0835388 0.0765716 0.0424146 0.0659940 0.3329667 0.4077334 0.0611297 0.0275755 0.0348838 
XM_014118216_3_PREDICTED_Canis_lupus_familiaris_REV3_like_DNA_directed_polymerase_zeta_catalytic_subunit_REV3L_transcript_variant_X1_mRNA_1                0.1061485 0.0584888 0.0000000 0.0610725 0.0584888 0.0520181 0.0774844 0.0280798 0.0440286 0.0203697 0.0666767 0.0673878 0.1212204 0.0277909 0.0510740 0.0665391 0.1959180 0.0351462 0.1536281 0.0759134 0.0760030 0.0351771 0.0783760 0.1691032 0.0966902 0.1749152 0.0584365 0.0886277 0.0610354 0.2457763 0.0783618 0.1212204 0.0862776 0.0758438 0.0811382 0.0672357 0.0749843 0.0749165 0.0749165 0.0873592 0.0757992 0.0275082 0.0845076 0.1526407 0.0665391 0.0275082 0.0000010 0.0203697 0.0134162 0.0205875 0.0205875 0.0134162 0.0134162 0.0066333 0.0134352 0.0066333 0.0134352 0.0362650 0.0520181 0.0134352 0.0351975 0.0427343 0.0520658 0.0520658 0.0526331 0.0427343 0.0526331 0.0758438 0.0686677 0.0520259 0.0440286 0.0781192 0.0758886 0.0758438 0.0505346 0.0351462 0.0505642 0.0277668 0.0351462 0.0584365 0.0431819 0.0351975 0.0277909 0.0366119 0.0427094 0.0351462 0.0352231 0.0751268 0.0505052 0.0505052 0.0584024 0.0584024 0.0511042 0.0591254 0.0584024 0.0584024 0.0665391 0.0979831 0.0505052 0.0427471 0.0749601 0.0673764 0.1008588 0.0844299 0.1024744 0.0358828 0.0436089 0.3428527 0.3594157 0.0286255 0.0277909 0.0504897 
XM_021091238_1_PREDICTED_Sus_scrofa_REV3_like_DNA_directed_polymerase_zeta_catalytic_subunit_REV3L_transcript_variant_X1_mRNA_1                            0.1462879 0.0776294 0.0610725 0.0000000 0.0776294 0.0506018 0.0895648 0.0806047 0.0623930 0.0696425 0.0865724 0.0697629 0.1374888 0.0451466 0.0697506 0.0863878 0.2493814 0.0521614 0.1742200 0.1161474 0.0970664 0.0522093 0.0906854 0.1917260 0.1103085 0.2359924 0.0955069 0.1018773 0.0906679 0.2443537 0.0617066 0.1374888 0.1118776 0.1160363 0.0940733 0.0873732 0.0776294 0.0955399 0.0955399 0.1003002 0.1159672 0.0784837 0.0875785 0.1630373 0.1047603 0.0784837 0.0610725 0.0696425 0.0610725 0.0705923 0.0705923 0.0610725 0.0610725 0.0527711 0.0611670 0.0527711 0.0611670 0.0353059 0.0506018 0.0611670 0.0522407 0.0604364 0.0506470 0.0506470 0.0511812 0.0604364 0.0511812 0.0785848 0.0893508 0.0711334 0.0623930 0.1199421 0.0969150 0.0968566 0.0689541 0.0521614 0.0689956 0.0441287 0.0521614 0.0775568 0.0626133 0.0534385 0.0451466 0.0451397 0.0604001 0.0521614 0.0707035 0.1180791 0.0689127 0.0689127 0.0775103 0.0775103 0.0698164 0.0785723 0.0775103 0.0775103 0.0863878 0.1222908 0.0689127 0.0604559 0.0955967 0.0681044 0.1238032 0.1061948 0.1259897 0.0604923 0.0864912 0.3844870 0.4721946 0.0730236 0.0441690 0.0688900 
NM_001372078_1_Homo_sapiens_REV3_like_DNA_directed_polymerase_zeta_catalytic_subunit_REV3L_transcript_variant_4_mRNA_1                                     0.1078396 0.0000010 0.0584888 0.0776294 0.0000000 0.0679913 0.0437330 0.0599229 0.0436481 0.0505346 0.0204601 0.0506173 0.0919553 0.0511586 0.0506092 0.0204134 0.1867661 0.0348637 0.1512126 0.0428599 0.0429230 0.0204309 0.0604272 0.1662271 0.0441889 0.1968113 0.0423649 0.0697822 0.0604169 0.1452626 0.0775309 0.0919553 0.0785189 0.0428220 0.0624606 0.0665778 0.0579620 0.0423775 0.0423775 0.0688567 0.0585230 0.0750280 0.0667268 0.0898418 0.0500080 0.0750280 0.0584888 0.0505346 0.0584888 0.0511503 0.0511503 0.0584888 0.0584888 0.0505797 0.0585755 0.0505797 0.0585755 0.0516448 0.0679913 0.0585755 0.0500962 0.0579107 0.0680536 0.0680536 0.0688380 0.0579107 0.0688380 0.0750959 0.0852563 0.0680016 0.0436481 0.0773195 0.0681044 0.0516056 0.0500962 0.0500231 0.0349343 0.0423530 0.0500231 0.0579107 0.0682841 0.0592678 0.0511586 0.0592239 0.0423530 0.0348637 0.0676011 0.1316265 0.0066473 0.0066473 0.0134448 0.0134448 0.0506544 0.0067099 0.0134448 0.0134448 0.0204134 0.0611764 0.0204309 0.0134562 0.0424019 0.0506092 0.0823933 0.0835388 0.0765716 0.0424146 0.0659940 0.3329667 0.4077334 0.0611297 0.0275755 0.0348838 
XM_024996589_1_PREDICTED_Bos_taurus_REV3_like_DNA_directed_polymerase_zeta_catalytic_subunit_REV3L_transcript_variant_X1_mRNA_1                            0.1660017 0.0679913 0.0520181 0.0506018 0.0679913 0.0000000 0.1069631 0.0704575 0.0531201 0.0440220 0.0765599 0.0774259 0.1574259 0.0445530 0.0774121 0.0596002 0.2327760 0.0283251 0.1615727 0.0863585 0.0689315 0.0436024 0.1083709 0.1781640 0.1285341 0.1646467 0.0851359 0.1201874 0.1083495 0.2652054 0.1083495 0.1574259 0.1304484 0.0862776 0.1124771 0.0772475 0.0852431 0.0679509 0.0679509 0.1182520 0.0862261 0.0686983 0.0953453 0.1910718 0.0763990 0.0686983 0.0520181 0.0440220 0.0520181 0.0610154 0.0610154 0.0520181 0.0520181 0.0440484 0.0520970 0.0440484 0.0520970 0.0134543 0.0000010 0.0362650 0.0436283 0.0515045 0.0134467 0.0134467 0.0135654 0.0515045 0.0135654 0.0862776 0.0789318 0.0614960 0.0531201 0.0889679 0.0863291 0.0862776 0.0596710 0.0435632 0.0436676 0.0358456 0.0283251 0.0679290 0.0617248 0.0527140 0.0445530 0.0526739 0.0358563 0.0283251 0.0446279 0.1063775 0.0596356 0.0596356 0.0678887 0.0678887 0.0603806 0.0687741 0.0514900 0.0514900 0.0596002 0.1100190 0.0596356 0.0515205 0.0679913 0.0774121 0.0762837 0.0952559 0.1141414 0.0515511 0.0764894 0.3270330 0.4083810 0.0719307 0.0358776 0.0596167 
XM_040758199_1_PREDICTED_Mesocricetus_auratus_REV3_like_DNA_directed_polymerase_zeta_catalytic_subunit_Rev3l_transcript_variant_X1_mRNA_1                  0.0684703 0.0437330 0.0774844 0.0895648 0.0437330 0.1069631 0.0000000 0.0981822 0.0791301 0.0863291 0.0517063 0.0689435 0.0371995 0.0751284 0.0604728 0.0680316 0.2589006 0.0680316 0.2111011 0.0605288 0.0606018 0.0516286 0.0278963 0.2304094 0.0279206 0.2676324 0.0436936 0.0357074 0.0278921 0.1400252 0.0894464 0.0371995 0.0593291 0.0604728 0.0287544 0.0790068 0.0767012 0.0766052 0.0766052 0.0506692 0.0775309 0.1143158 0.0864775 0.0693454 0.0680316 0.1143158 0.0774844 0.0863291 0.0954172 0.0875623 0.0875623 0.0954172 0.0954172 0.0864101 0.0776034 0.0864101 0.0955637 0.0883258 0.1069631 0.0955637 0.0854227 0.0942888 0.1070656 0.1070656 0.1085424 0.0942888 0.1085424 0.0955967 0.1266866 0.1069806 0.0791301 0.0986401 0.1268824 0.1070830 0.1035373 0.0852934 0.0854731 0.0765599 0.0852934 0.1128005 0.0936072 0.0668261 0.0751284 0.0836780 0.0765599 0.0680316 0.1064794 0.1365917 0.0516286 0.0516286 0.0597065 0.0597065 0.0865724 0.0441889 0.0597065 0.0597065 0.0680316 0.1204211 0.0516286 0.0436936 0.0597966 0.0864618 0.1220262 0.0954588 0.1167915 0.0766759 0.0854227 0.4251104 0.4352492 0.0760612 0.0597610 0.0680720 
XM_004753515_2_PREDICTED_Mustela_putorius_furo_REV3_like_polymerase_DNA_directed_zeta_catalytic_subunit_REV3L_transcript_variant_X1_mRNA_1                 0.1298487 0.0599229 0.0280798 0.0806047 0.0599229 0.0704575 0.0981822 0.0000000 0.0450761 0.0207921 0.0683646 0.0868516 0.1478493 0.0437311 0.0868356 0.0682197 0.2053326 0.0359297 0.1866792 0.0961082 0.0780235 0.0517046 0.0994505 0.2051123 0.1194941 0.2097693 0.0768444 0.1110316 0.0805262 0.2575450 0.0994671 0.1478493 0.0886966 0.0960168 0.1032168 0.1052379 0.0948408 0.0768700 0.0768700 0.0898540 0.0959590 0.0432455 0.1054848 0.1819847 0.0856196 0.0432455 0.0280798 0.0207921 0.0280798 0.0067051 0.0067051 0.0280798 0.0280798 0.0208102 0.0281210 0.0208102 0.0281210 0.0533964 0.0704575 0.0281210 0.0517355 0.0598678 0.0705248 0.0705248 0.0713790 0.0598678 0.0713790 0.0778555 0.0810855 0.0704687 0.0450761 0.0991127 0.0961082 0.0778555 0.0683237 0.0516574 0.0517665 0.0436916 0.0516574 0.0768700 0.0605594 0.0517355 0.0437311 0.0539641 0.0598320 0.0359297 0.0517743 0.1138154 0.0517046 0.0517046 0.0598320 0.0598320 0.0691716 0.0605961 0.0598320 0.0598320 0.0682197 0.1009390 0.0517046 0.0437311 0.0769160 0.0691068 0.1037359 0.1053468 0.1054644 0.0527792 0.0784961 0.4057472 0.4222870 0.0139722 0.0283922 0.0516883 
XM_015600069_2_PREDICTED_Pteropus_alecto_REV3_like_DNA_directed_polymerase_zeta_catalytic_subunit_REV3L_transcript_variant_X1_mRNA_1                       0.1326451 0.0436481 0.0440286 0.0623930 0.0436481 0.0531201 0.0791301 0.0450761 0.0000000 0.0362159 0.0516056 0.0688073 0.1240392 0.0366508 0.0687953 0.0514976 0.1959529 0.0209815 0.1576435 0.0774965 0.0604821 0.0358936 0.0800628 0.1736773 0.0987964 0.2151756 0.0596256 0.0905788 0.0800480 0.2253050 0.0987168 0.1240392 0.1001193 0.0774242 0.0829460 0.0861076 0.0765515 0.0596446 0.0596446 0.0892498 0.0773778 0.0602978 0.0863069 0.1561837 0.0678991 0.0602978 0.0440286 0.0362159 0.0440286 0.0366450 0.0366450 0.0440286 0.0440286 0.0362487 0.0440951 0.0362487 0.0440951 0.0370256 0.0531201 0.0440951 0.0359149 0.0436089 0.0531698 0.0531698 0.0537623 0.0436089 0.0537623 0.0603535 0.0701390 0.0531283 0.0000010 0.0797955 0.0603898 0.0440951 0.0359149 0.0358615 0.0359362 0.0283292 0.0209815 0.0436089 0.0532895 0.0446008 0.0366508 0.0445670 0.0435830 0.0209815 0.0527792 0.1161245 0.0358936 0.0358936 0.0435830 0.0435830 0.0521693 0.0441022 0.0435830 0.0435830 0.0514976 0.0811648 0.0358936 0.0283543 0.0596800 0.0432523 0.0748053 0.0758322 0.0759134 0.0436481 0.0680016 0.3888060 0.4344165 0.0460007 0.0138260 0.0278151 
XM_034668992_1_PREDICTED_Ailuropoda_melanoleuca_REV3_like_DNA_directed_polymerase_zeta_catalytic_subunit_REV3L_transcript_variant_X1_mRNA_1                0.1158146 0.0505346 0.0203697 0.0696425 0.0505346 0.0440220 0.0863291 0.0207921 0.0362159 0.0000000 0.0585230 0.0758571 0.1317752 0.0351771 0.0758438 0.0427222 0.1824111 0.0277668 0.1660073 0.0845703 0.0675176 0.0427471 0.0873592 0.1822218 0.1061312 0.1626470 0.0665567 0.0980110 0.0695770 0.2327238 0.0873732 0.1317752 0.0774121 0.0844925 0.0904898 0.0756853 0.0835304 0.0665778 0.0665778 0.0783494 0.0844429 0.0348082 0.0933942 0.1637371 0.0748488 0.0348082 0.0203697 0.0000010 0.0203697 0.0135556 0.0135556 0.0203697 0.0203697 0.0134276 0.0203988 0.0134276 0.0203988 0.0440885 0.0440220 0.0203988 0.0427721 0.0504897 0.0602886 0.0602886 0.0609689 0.0504897 0.0609689 0.0673764 0.0773057 0.0602422 0.0362159 0.0870723 0.0845703 0.0673764 0.0584888 0.0427094 0.0427970 0.0351462 0.0427094 0.0665778 0.0510363 0.0427721 0.0351771 0.0445260 0.0504603 0.0277668 0.0428032 0.1013830 0.0427471 0.0427471 0.0504603 0.0504603 0.0591692 0.0510664 0.0351566 0.0351566 0.0427222 0.0885710 0.0427471 0.0351771 0.0505346 0.0591155 0.0747378 0.0932766 0.0933772 0.0436089 0.0679393 0.3256395 0.3424636 0.0211942 0.0205846 0.0427343 
XM_006157005_3_PREDICTED_Tupaia_chinensis_REV3_like_DNA_directed_polymerase_zeta_catalytic_subunit_REV3L_transcript_variant_X3_mRNA_1                      0.1178295 0.0204601 0.0666767 0.0865724 0.0204601 0.0765599 0.0517063 0.0683646 0.0516056 0.0585230 0.0000000 0.0506470 0.1018568 0.0592678 0.0586097 0.0423775 0.2008997 0.0423775 0.1633783 0.0668149 0.0507434 0.0275914 0.0689208 0.1790878 0.0689850 0.1835619 0.0500658 0.0786412 0.0689088 0.1797092 0.0864618 0.1018568 0.0876014 0.0667546 0.0712787 0.0749601 0.0501251 0.0349039 0.0349039 0.0775653 0.0505937 0.0836275 0.0751284 0.1191650 0.0423649 0.0836275 0.0666767 0.0585230 0.0666767 0.0592579 0.0592579 0.0666767 0.0666767 0.0585755 0.0667758 0.0585755 0.0667758 0.0598156 0.0765599 0.0667758 0.0579955 0.0659940 0.0766304 0.0766304 0.0775447 0.0659940 0.0775447 0.0837035 0.0942483 0.0765716 0.0516056 0.0862261 0.0943911 0.0766423 0.0742994 0.0579107 0.0580291 0.0500520 0.0579107 0.0826624 0.0769432 0.0675909 0.0592678 0.0675406 0.0500520 0.0423775 0.0761428 0.1416866 0.0275914 0.0275914 0.0348838 0.0348838 0.0752079 0.0206471 0.0348838 0.0348838 0.0423775 0.0876597 0.0275914 0.0204426 0.0349343 0.0586097 0.0740342 0.0750603 0.0680824 0.0501251 0.0742757 0.3834227 0.4256968 0.0697506 0.0349141 0.0424019 
XM_013069186_2_PREDICTED_Heterocephalus_glaber_REV3_like_DNA_directed_polymerase_zeta_catalytic_subunit_Rev3l_transcript_variant_X1_mRNA_1                 0.1195186 0.0506173 0.0673878 0.0697629 0.0506173 0.0774259 0.0689435 0.0868516 0.0688073 0.0758571 0.0506470 0.0000000 0.1110962 0.0598881 0.0592140 0.0584984 0.1908354 0.0584984 0.1539318 0.0675509 0.0512654 0.0278354 0.0697095 0.1694434 0.0875948 0.2097832 0.0505723 0.0795915 0.0696972 0.2076310 0.0874953 0.1110962 0.0886989 0.0674892 0.0721293 0.0362106 0.0135867 0.0585326 0.0585326 0.0784854 0.0759018 0.0845854 0.0281172 0.1419762 0.0666278 0.0845854 0.0673878 0.0758571 0.0673878 0.0768836 0.0768836 0.0673878 0.0673878 0.0591790 0.0511586 0.0591790 0.0674892 0.0604467 0.0774259 0.0674892 0.0585851 0.0666879 0.0774982 0.0774982 0.0784378 0.0666879 0.0784378 0.1026833 0.0953933 0.0774380 0.0688073 0.1255066 0.1027431 0.1026833 0.0751089 0.0584984 0.0751527 0.0505427 0.0584984 0.0835936 0.0778241 0.0517526 0.0598881 0.0598790 0.0505427 0.0584984 0.0770013 0.1437332 0.0428166 0.0428166 0.0505427 0.0505427 0.0592866 0.0511510 0.0505427 0.0505427 0.0584984 0.1078309 0.0428166 0.0352338 0.0506173 0.0759715 0.1010269 0.1118524 0.1026480 0.0506173 0.0750846 0.3782770 0.4223282 0.0886588 0.0505878 0.0585326 
XM_006256524_2_PREDICTED_Rattus_norvegicus_REV3_like_DNA_directed_polymerase_zeta_catalytic_subunit_Rev3l_transcript_variant_X1_mRNA_1                     0.0771192 0.0919553 0.1212204 0.1374888 0.0919553 0.1574259 0.0371995 0.1478493 0.1240392 0.1317752 0.1018568 0.1110962 0.0000000 0.1169897 0.1010057 0.1093055 0.3115780 0.1093055 0.3016596 0.0888683 0.0889779 0.0899422 0.0438372 0.3303810 0.0529106 0.3268159 0.0805916 0.0434137 0.0518224 0.1727716 0.1372898 0.0000010 0.0780253 0.0887824 0.0535395 0.1238340 0.1196573 0.1194941 0.1194941 0.0684069 0.1077918 0.1653316 0.1320176 0.1085253 0.1093055 0.1653316 0.1212204 0.1317752 0.1426538 0.1341082 0.1341082 0.1426538 0.1426538 0.1319078 0.1214180 0.1319078 0.1428845 0.1351124 0.1574259 0.1428845 0.1300044 0.1405174 0.1575861 0.1575861 0.1603623 0.1405174 0.1603623 0.1078966 0.1574541 0.1574541 0.1240392 0.1638088 0.1711027 0.1490037 0.1515652 0.1297969 0.1300835 0.1194208 0.1297969 0.1625678 0.1396832 0.1072002 0.1169897 0.1271149 0.1194208 0.1093055 0.1569764 0.1810748 0.0899422 0.0899422 0.0994505 0.0994505 0.1321736 0.0932117 0.0994505 0.0994505 0.0898540 0.1577390 0.0899422 0.0805916 0.0996104 0.1110316 0.1734608 0.1427160 0.1598284 0.1196123 0.1196123 0.5194942 0.5827366 0.1187810 0.0995485 0.1093731 
XM_005883745_2_PREDICTED_Myotis_brandtii_REV3_like_polymerase_DNA_directed_zeta_catalytic_subunit_REV3L_transcript_variant_X1_mRNA_1                       0.1120385 0.0511586 0.0277909 0.0451466 0.0511586 0.0445530 0.0751284 0.0437311 0.0366508 0.0351771 0.0592678 0.0598881 0.1169897 0.0000000 0.0516968 0.0591441 0.1730562 0.0280800 0.1444310 0.0857663 0.0684174 0.0281047 0.0759598 0.1597136 0.0936072 0.1786936 0.0674276 0.0858040 0.0759466 0.2109476 0.0794513 0.1169897 0.0750603 0.0856862 0.0785456 0.0766951 0.0675110 0.0674493 0.0674493 0.0846221 0.0856352 0.0427721 0.0768717 0.1471187 0.0758571 0.0427721 0.0277909 0.0351771 0.0277909 0.0355806 0.0355806 0.0277909 0.0277909 0.0206024 0.0278313 0.0206024 0.0278313 0.0289724 0.0445530 0.0278313 0.0281212 0.0355755 0.0445941 0.0445941 0.0450698 0.0355755 0.0450698 0.0682723 0.0610354 0.0445597 0.0366508 0.0883494 0.0683132 0.0682723 0.0432847 0.0280800 0.0433103 0.0207922 0.0280800 0.0511125 0.0135673 0.0066473 0.0000010 0.0139620 0.0355545 0.0280800 0.0356332 0.0937463 0.0432592 0.0432592 0.0510823 0.0510823 0.0437643 0.0517053 0.0510823 0.0510823 0.0591441 0.0899009 0.0432592 0.0355861 0.0674892 0.0598779 0.0932536 0.0855928 0.0947369 0.0286726 0.0521614 0.3728638 0.4074380 0.0352284 0.0208103 0.0432460 
XM_008852401_2_PREDICTED_Nannospalax_galili_REV3_like_DNA_directed_polymerase_zeta_catalytic_subunit_Rev3l_transcript_variant_X1_mRNA_1                    0.1093731 0.0506092 0.0510740 0.0697506 0.0506092 0.0774121 0.0604728 0.0868356 0.0687953 0.0758438 0.0586097 0.0592140 0.1010057 0.0516968 0.0000000 0.0584888 0.1962555 0.0584888 0.1662936 0.0675394 0.0512571 0.0278313 0.0611202 0.1825396 0.0785456 0.2239447 0.0505642 0.0706246 0.0611097 0.1951083 0.0696617 0.1010057 0.0980710 0.0674777 0.0632062 0.0590807 0.0667368 0.0666767 0.0666767 0.0874651 0.0674378 0.0674378 0.0592140 0.0979802 0.0584888 0.0674378 0.0510740 0.0758438 0.0673764 0.0768700 0.0768700 0.0673764 0.0673764 0.0591692 0.0674777 0.0591692 0.0674777 0.0604364 0.0774121 0.0674777 0.0428478 0.0505797 0.0774844 0.0774844 0.0784236 0.0505797 0.0784236 0.1026642 0.0953756 0.0774242 0.0687953 0.1059202 0.0847263 0.0846765 0.0585938 0.0584888 0.0751397 0.0505346 0.0584888 0.0666979 0.0690663 0.0599138 0.0516968 0.0598689 0.0505346 0.0584888 0.0769876 0.1235883 0.0428099 0.0428099 0.0505346 0.0505346 0.0660038 0.0511427 0.0505346 0.0505346 0.0584888 0.1078096 0.0428099 0.0352284 0.0667156 0.0759582 0.1101392 0.0687621 0.0935499 0.0506092 0.0585755 0.3607913 0.4408957 0.0794641 0.0505797 0.0585230 
XM_035296530_1_PREDICTED_Callithrix_jacchus_REV3_like_DNA_directed_polymerase_zeta_catalytic_subunit_REV3L_transcript_variant_X1_mRNA_1                    0.1175727 0.0204134 0.0665391 0.0863878 0.0204134 0.0596002 0.0680316 0.0682197 0.0514976 0.0427222 0.0423775 0.0584984 0.1093055 0.0591441 0.0584888 0.0000000 0.2004172 0.0422916 0.1629993 0.0505642 0.0506388 0.0275359 0.0687741 0.1786692 0.0688154 0.1916466 0.0499640 0.0784712 0.0687621 0.1792542 0.0862776 0.1093055 0.0874121 0.0505192 0.0711221 0.0583684 0.0659179 0.0499792 0.0499792 0.0774001 0.0665778 0.0834546 0.0666278 0.1188608 0.0577749 0.0834546 0.0665391 0.0427222 0.0665391 0.0591342 0.0591342 0.0665391 0.0665391 0.0584547 0.0666378 0.0584547 0.0666378 0.0596900 0.0596002 0.0666378 0.0578772 0.0658593 0.0764693 0.0764693 0.0773795 0.0658593 0.0773795 0.0835304 0.0940507 0.0764107 0.0514976 0.0860137 0.0835789 0.0666378 0.0578772 0.0577927 0.0423775 0.0499503 0.0577927 0.0658593 0.0767799 0.0674493 0.0591441 0.0673993 0.0499503 0.0422916 0.0759831 0.1413974 0.0134371 0.0134371 0.0203843 0.0203843 0.0585413 0.0278112 0.0066342 0.0066342 0.0134294 0.0696534 0.0275359 0.0204017 0.0348637 0.0584888 0.0739068 0.0921489 0.0922470 0.0500231 0.0741239 0.3160625 0.4251739 0.0696002 0.0348436 0.0423160 
XM_031964400_1_PREDICTED_Sarcophilus_harrisii_REV3_like_DNA_directed_polymerase_zeta_catalytic_subunit_REV3L_transcript_variant_X1_mRNA_1                  0.2840489 0.1867661 0.1959180 0.2493814 0.1867661 0.2327760 0.2589006 0.2053326 0.1959529 0.1824111 0.2008997 0.1908354 0.3115780 0.1730562 0.1962555 0.2004172 0.0000000 0.1728610 0.0599239 0.2158814 0.1879728 0.1730562 0.2660643 0.0605604 0.3014937 0.1053842 0.2148355 0.2589006 0.2361067 0.4322144 0.3012372 0.3115780 0.2586157 0.1875176 0.2333507 0.2195992 0.2007702 0.1866431 0.1866431 0.2833628 0.1961314 0.1961314 0.2201910 0.3382159 0.2004172 0.1961314 0.1959180 0.1824111 0.1959180 0.1865940 0.1865940 0.1693560 0.1693560 0.1826114 0.1962555 0.1826114 0.1696543 0.2018750 0.2327760 0.1875176 0.2007702 0.1866431 0.2330467 0.2330467 0.1968364 0.1866431 0.1968364 0.1828120 0.2750044 0.2420921 0.1959529 0.2343736 0.2426379 0.2203442 0.2299627 0.2004172 0.1919330 0.1864336 0.2004172 0.2150388 0.1907072 0.1867661 0.1730562 0.1776349 0.1864336 0.1728610 0.2064197 0.2846824 0.1730562 0.1730562 0.1864336 0.1864336 0.2103734 0.1908354 0.1864336 0.1864336 0.2004172 0.2113544 0.1730562 0.1598857 0.2006758 0.2052899 0.2290750 0.2153675 0.2512587 0.1777920 0.2209854 0.2422515 0.2782671 0.2110643 0.1598857 0.1729768 
XM_023650934_1_PREDICTED_Equus_caballus_REV3_like_DNA_directed_polymerase_zeta_catalytic_subunit_REV3L_transcript_variant_X1_mRNA_1                        0.1175727 0.0348637 0.0351462 0.0521614 0.0348637 0.0283251 0.0680316 0.0359297 0.0209815 0.0277668 0.0423775 0.0584984 0.1093055 0.0280800 0.0584888 0.0422916 0.1728610 0.0000000 0.1392402 0.0666767 0.0506388 0.0275359 0.0687741 0.1535647 0.0863449 0.1658600 0.0499640 0.0784712 0.0687621 0.2032572 0.0862776 0.1093055 0.0874121 0.0666167 0.0711221 0.0748053 0.0659179 0.0499792 0.0499792 0.0774001 0.0665778 0.0504897 0.0749730 0.1395061 0.0577749 0.0504897 0.0351462 0.0277668 0.0351462 0.0280758 0.0280758 0.0351462 0.0351462 0.0277909 0.0351975 0.0277909 0.0351975 0.0283670 0.0283251 0.0351975 0.0275517 0.0348334 0.0283502 0.0283502 0.0286257 0.0348334 0.0286257 0.0505346 0.0595903 0.0435696 0.0209815 0.0519557 0.0666767 0.0505346 0.0423530 0.0275122 0.0275676 0.0203843 0.0134294 0.0499792 0.0436661 0.0355755 0.0280800 0.0355494 0.0203900 0.0000010 0.0432778 0.1027839 0.0275359 0.0275359 0.0348134 0.0348134 0.0428099 0.0352029 0.0348134 0.0348134 0.0422916 0.0696534 0.0275359 0.0204017 0.0500080 0.0427721 0.0576906 0.0584278 0.0749601 0.0348637 0.0578594 0.3160625 0.3893861 0.0366395 0.0066379 0.0275280 
XM_036766364_1_PREDICTED_Trichosurus_vulpecula_REV3_like_DNA_directed_polymerase_zeta_catalytic_subunit_REV3L_transcript_variant_X1_mRNA_1                 0.2588467 0.1512126 0.1536281 0.1742200 0.1512126 0.1615727 0.2111011 0.1866792 0.1576435 0.1660073 0.1633783 0.1539318 0.3016596 0.1444310 0.1662936 0.1629993 0.0599239 0.1392402 0.0000000 0.1971987 0.1709075 0.1169206 0.2157519 0.0206174 0.2455463 0.0598497 0.1754015 0.2064266 0.2156938 0.3347337 0.1875650 0.3016596 0.2210347 0.1704969 0.2274034 0.1785463 0.1632750 0.1511157 0.1511157 0.2014522 0.1789299 0.1537945 0.1790090 0.2768462 0.1629993 0.1537945 0.1536281 0.1660073 0.1536281 0.1695452 0.1695452 0.1299884 0.1299884 0.1417571 0.1538949 0.1417571 0.1302157 0.1368239 0.1615727 0.1453664 0.1394785 0.1279903 0.1617542 0.1617542 0.1341940 0.1279903 0.1341940 0.1791222 0.1968621 0.1703098 0.1576435 0.1907920 0.1706843 0.1791222 0.1632750 0.1392402 0.1550126 0.1278546 0.1392402 0.1511157 0.1729867 0.1569217 0.1444310 0.1279668 0.1278546 0.1392402 0.1610922 0.2021087 0.1393881 0.1393881 0.1509555 0.1509555 0.1664733 0.1539318 0.1509555 0.1509555 0.1629993 0.1827766 0.1393881 0.1279903 0.1632056 0.1419108 0.1627243 0.1600012 0.1790433 0.1280741 0.1394785 0.1902837 0.2453448 0.1916742 0.1279903 0.1169206 
XM_040983897_1_PREDICTED_Ochotona_curzoniae_REV3_like_DNA_directed_polymerase_zeta_catalytic_subunit_REV3L_transcript_variant_X1_mRNA_1                    0.0876457 0.0428599 0.0759134 0.1161474 0.0428599 0.0863585 0.0605288 0.0961082 0.0774965 0.0845703 0.0668149 0.0675509 0.0888683 0.0857663 0.0675394 0.0505642 0.2158814 0.0666767 0.1971987 0.0000000 0.0276509 0.0506092 0.0611775 0.1874424 0.0612148 0.2603485 0.0428349 0.0522722 0.0437000 0.1650010 0.1159944 0.0888683 0.0981661 0.0134657 0.0451154 0.0773778 0.0751640 0.0585755 0.0585755 0.0875483 0.0423835 0.1119525 0.0847132 0.1107380 0.0505797 0.1119525 0.0759134 0.0845703 0.0934635 0.0857507 0.0857507 0.0934635 0.0934635 0.0846483 0.0760280 0.0846483 0.0936047 0.0689541 0.0863585 0.0760280 0.0837035 0.0923844 0.0864395 0.0864395 0.0875255 0.0923844 0.0875255 0.1000787 0.1240117 0.1047404 0.0774965 0.1156770 0.1121211 0.0936047 0.0837035 0.0835789 0.0506840 0.0750280 0.0835789 0.0923844 0.1055051 0.0770013 0.0857663 0.0948107 0.0750280 0.0666767 0.0684280 0.1336880 0.0352490 0.0352490 0.0427970 0.0427970 0.0676011 0.0511729 0.0427970 0.0427970 0.0505642 0.0776017 0.0506092 0.0428349 0.0586097 0.0846981 0.1195381 0.1026128 0.1215579 0.0751397 0.0837035 0.4070131 0.4913289 0.0981221 0.0585755 0.0667156 
XM_008263376_2_PREDICTED_Oryctolagus_cuniculus_REV3_like_DNA_directed_polymerase_zeta_catalytic_subunit_REV3L_transcript_variant_X1_mRNA_1                 0.0877521 0.0429230 0.0760030 0.0970664 0.0429230 0.0689315 0.0606018 0.0780235 0.0604821 0.0675176 0.0507434 0.0512654 0.0889779 0.0684174 0.0512571 0.0506388 0.1879728 0.0506388 0.1709075 0.0276509 0.0000000 0.0353005 0.0612522 0.1877745 0.0787159 0.2304694 0.0428850 0.0523353 0.0437520 0.1431781 0.0969395 0.0889779 0.0796751 0.0276270 0.0451708 0.0774706 0.0587151 0.0428979 0.0428979 0.0698247 0.0424325 0.0760729 0.0512654 0.1109168 0.0506388 0.0760729 0.0760030 0.0675176 0.0760030 0.0684056 0.0684056 0.0760030 0.0760030 0.0675793 0.0593470 0.0675793 0.0761178 0.0523203 0.0689315 0.0593470 0.0507293 0.0586624 0.0689956 0.0689956 0.0698055 0.0586624 0.0698055 0.0827698 0.1049011 0.0864754 0.0604821 0.1158146 0.0938331 0.0761428 0.0668965 0.0667758 0.0507590 0.0586097 0.0667758 0.0752079 0.0869728 0.0600602 0.0684174 0.0770353 0.0586097 0.0506388 0.0685325 0.1338423 0.0353005 0.0353005 0.0428599 0.0428599 0.0677031 0.0433615 0.0428599 0.0428599 0.0506388 0.0777210 0.0353005 0.0278880 0.0429230 0.0676193 0.1012167 0.1027324 0.0848262 0.0586967 0.0838009 0.3717617 0.4163280 0.0796387 0.0428979 0.0506684 
XM_020168699_1_PREDICTED_Castor_canadensis_REV3_like_DNA_directed_polymerase_zeta_catalytic_subunit_Rev3l_mRNA_1                                           0.0981060 0.0204309 0.0351771 0.0522093 0.0204309 0.0436024 0.0516286 0.0517046 0.0358936 0.0427471 0.0275914 0.0278354 0.0899422 0.0281047 0.0278313 0.0275359 0.1730562 0.0275359 0.1169206 0.0506092 0.0353005 0.0000000 0.0521535 0.1300182 0.0688794 0.1659668 0.0348535 0.0611575 0.0521448 0.1794297 0.0521448 0.0899422 0.0696740 0.0505642 0.0538800 0.0427094 0.0348940 0.0348637 0.0348637 0.0603714 0.0505346 0.0505346 0.0428037 0.1189767 0.0423160 0.0505346 0.0351771 0.0427471 0.0351771 0.0432523 0.0432523 0.0351771 0.0351771 0.0278151 0.0352284 0.0278151 0.0352284 0.0283922 0.0436024 0.0352284 0.0275755 0.0348637 0.0436417 0.0436417 0.0440956 0.0348637 0.0440956 0.0666979 0.0596446 0.0436089 0.0358936 0.0860941 0.0667368 0.0666979 0.0423901 0.0275359 0.0424146 0.0204017 0.0275359 0.0500231 0.0437056 0.0356071 0.0281047 0.0355810 0.0204017 0.0275359 0.0433166 0.1028792 0.0134485 0.0134485 0.0204017 0.0204017 0.0428478 0.0206173 0.0204017 0.0204017 0.0275359 0.0697191 0.0134485 0.0066435 0.0348838 0.0428099 0.0739492 0.0749488 0.0750280 0.0204309 0.0423775 0.3162123 0.3895238 0.0527390 0.0204192 0.0275517 
XM_027402162_2_PREDICTED_Cricetulus_griseus_REV3_like_DNA_directed_polymerase_zeta_catalytic_subunit_Rev3l_transcript_variant_X5_mRNA_1                    0.0512275 0.0604272 0.0783760 0.0906854 0.0604272 0.1083709 0.0278963 0.0994505 0.0800628 0.0873592 0.0689208 0.0697095 0.0438372 0.0759598 0.0611202 0.0687741 0.2660643 0.0687741 0.2157519 0.0611775 0.0612522 0.0521535 0.0000000 0.2359314 0.0276154 0.2834163 0.0441221 0.0206621 0.0281420 0.1450243 0.0905638 0.0438372 0.0428604 0.0611202 0.0290208 0.0799363 0.0604467 0.0774723 0.0774723 0.0349042 0.0784236 0.1158374 0.0875115 0.0754981 0.0687741 0.1158374 0.0783760 0.0873592 0.0965981 0.0886277 0.0886277 0.0965981 0.0965981 0.0874423 0.0784979 0.0874423 0.0967485 0.0894082 0.1083709 0.0967485 0.0864258 0.0954349 0.1084763 0.1084763 0.1100040 0.0954349 0.1100040 0.0875255 0.1284788 0.1083889 0.0800628 0.1198484 0.1361496 0.1159482 0.1048422 0.0862933 0.0864775 0.0774259 0.0862933 0.1142709 0.0947394 0.0675406 0.0759598 0.0846372 0.0774259 0.0687741 0.1078787 0.1281712 0.0521535 0.0521535 0.0603351 0.0603351 0.0876088 0.0611108 0.0603351 0.0603351 0.0687741 0.1221470 0.0521535 0.0441221 0.0604272 0.0874953 0.1236671 0.0966407 0.1258487 0.0604272 0.0775447 0.4217051 0.4720259 0.0769176 0.0603908 0.0688154 
XM_027848601_1_PREDICTED_Vombatus_ursinus_REV3_like_DNA_directed_polymerase_zeta_catalytic_subunit_REV3L_transcript_variant_X1_mRNA_1                      0.2834484 0.1662271 0.1691032 0.1917260 0.1662271 0.1781640 0.2304094 0.2051123 0.1736773 0.1822218 0.1790878 0.1694434 0.3303810 0.1597136 0.1825396 0.1786692 0.0605604 0.1535647 0.0206174 0.1874424 0.1877745 0.1300182 0.2359314 0.0000000 0.2676157 0.0689909 0.1917771 0.2266124 0.2358653 0.3972551 0.2358653 0.3303810 0.2422120 0.1873200 0.2157519 0.1955043 0.1789744 0.1661201 0.1661201 0.2207091 0.1959303 0.1692897 0.1960157 0.3379285 0.1786692 0.1692897 0.1691032 0.1822218 0.1691032 0.1863960 0.1863960 0.1440777 0.1440777 0.1565398 0.1694008 0.1565398 0.1443339 0.1519116 0.1781640 0.1606615 0.1538313 0.1416968 0.1783676 0.1783676 0.1487886 0.1416968 0.1487886 0.1961437 0.2152913 0.1871111 0.1736773 0.2086156 0.1875292 0.1961437 0.1789744 0.1535647 0.1705396 0.1415435 0.1535647 0.1661201 0.1565783 0.1729867 0.1597136 0.1416701 0.1415435 0.1535647 0.1510349 0.2214345 0.1537309 0.1537309 0.1659409 0.1659409 0.1827401 0.1694434 0.1659409 0.1659409 0.1786692 0.2111243 0.1537309 0.1416968 0.1788956 0.1567130 0.1783646 0.1751507 0.1960542 0.1417904 0.1538313 0.1825650 0.2346287 0.2108346 0.1416968 0.1300182 
XM_016002785_1_PREDICTED_Peromyscus_maniculatus_bairdii_REV3_like_DNA_directed_polymerase_zeta_catalytic_subunit_Rev3l_transcript_variant_X1_mRNA_1        0.0676424 0.0441889 0.0966902 0.1103085 0.0441889 0.1285341 0.0279206 0.1194941 0.0987964 0.1061312 0.0689850 0.0875948 0.0529106 0.0936072 0.0785456 0.0688154 0.3014937 0.0863449 0.2455463 0.0612148 0.0787159 0.0688794 0.0276154 0.2676157 0.0000000 0.3086663 0.0604272 0.0353319 0.0433427 0.1054970 0.1101587 0.0529106 0.0586450 0.0611575 0.0447382 0.0986401 0.0956146 0.0954917 0.0954917 0.0501106 0.0967485 0.1360199 0.1063169 0.0589416 0.0863449 0.1360199 0.0966902 0.1061312 0.1158374 0.1077739 0.1077739 0.1158374 0.1158374 0.1062326 0.0968409 0.1062326 0.1160173 0.1086481 0.1285341 0.1160173 0.1049042 0.1143379 0.1085424 0.1085424 0.1306045 0.1143379 0.1306045 0.1063343 0.1495945 0.1285556 0.0987964 0.1199667 0.1086266 0.0893913 0.0864775 0.1047435 0.0865293 0.0954349 0.1047435 0.0954917 0.1135821 0.0847783 0.0936072 0.1027108 0.0774723 0.0863449 0.1280465 0.1282482 0.0521849 0.0521849 0.0603714 0.0603714 0.0876620 0.0528041 0.0603714 0.0603714 0.0688154 0.1017546 0.0688794 0.0604272 0.0775913 0.1062964 0.1438288 0.1158874 0.1390416 0.0955815 0.0775913 0.3842457 0.4322888 0.0948671 0.0775447 0.0863965 
XM_007484437_2_PREDICTED_Monodelphis_domestica_REV3_like_DNA_directed_polymerase_zeta_catalytic_subunit_REV3L_transcript_variant_X1_mRNA_1                 0.2515838 0.1968113 0.1749152 0.2359924 0.1968113 0.1646467 0.2676324 0.2097693 0.2151756 0.1626470 0.1835619 0.2097832 0.3268159 0.1786936 0.2239447 0.1916466 0.1053842 0.1658600 0.0598497 0.2603485 0.2304694 0.1659668 0.2834163 0.0689909 0.3086663 0.0000000 0.2327277 0.2751278 0.2833368 0.4724631 0.2833368 0.3268159 0.2602980 0.2299442 0.3006549 0.2092441 0.2190312 0.2051728 0.2051728 0.2671847 0.2383561 0.1750989 0.2384484 0.3851809 0.2186750 0.1750989 0.1749152 0.1626470 0.1749152 0.1917173 0.1917173 0.1506288 0.1506288 0.1627498 0.1752078 0.1627498 0.1508851 0.1923242 0.1646467 0.1668622 0.1918846 0.1786936 0.1921971 0.1921971 0.1614236 0.1786936 0.1614236 0.2386045 0.2599357 0.2296975 0.2151756 0.2288265 0.2061236 0.2142308 0.2190312 0.1915616 0.2107331 0.1785020 0.1658600 0.2051728 0.2096538 0.1918846 0.1786936 0.1701230 0.1534912 0.1658600 0.1835152 0.2252719 0.1917655 0.1917655 0.2049570 0.2049570 0.2241824 0.2010879 0.1785805 0.1785805 0.1916466 0.2584387 0.1917655 0.1786936 0.1661459 0.1959525 0.1656467 0.1957902 0.2276930 0.1702672 0.1833617 0.2017525 0.2160657 0.2153096 0.1786936 0.1659668 
XM_013032823_1_PREDICTED_Dipodomys_ordii_REV3_like_polymerase_DNA_directed_zeta_catalytic_subunit_Rev3l_mRNA_1                                             0.0886822 0.0423649 0.0584365 0.0955069 0.0423649 0.0851359 0.0436936 0.0768444 0.0596256 0.0665567 0.0500658 0.0505723 0.0805916 0.0674276 0.0505642 0.0499640 0.2148355 0.0499640 0.1754015 0.0428349 0.0428850 0.0348535 0.0441221 0.1917771 0.0604272 0.2327277 0.0000000 0.0527952 0.0441150 0.1677523 0.0774585 0.0805916 0.0611002 0.0427970 0.0455603 0.0435438 0.0579107 0.0578416 0.0578416 0.0521370 0.0584706 0.0922163 0.0666667 0.1089981 0.0499640 0.0922163 0.0584365 0.0665567 0.0748923 0.0674161 0.0674161 0.0748923 0.0748923 0.0666167 0.0585230 0.0666167 0.0750037 0.0680316 0.0851359 0.0750037 0.0659353 0.0741003 0.0852146 0.0852146 0.0862640 0.0741003 0.0862640 0.0923003 0.1032057 0.0851491 0.0596256 0.0951252 0.1104660 0.0923003 0.0825883 0.0658387 0.0659733 0.0578082 0.0658387 0.0911197 0.0856217 0.0592140 0.0674276 0.0758902 0.0578082 0.0499640 0.0846981 0.1315049 0.0348535 0.0348535 0.0423034 0.0423034 0.0667368 0.0427908 0.0423034 0.0423034 0.0499640 0.0967458 0.0348535 0.0275438 0.0423649 0.0666555 0.0996480 0.0834630 0.1012167 0.0578928 0.0659353 0.3996577 0.4428802 0.0784094 0.0423404 0.0499929 
XM_029542499_1_PREDICTED_Mus_pahari_REV3_like_DNA_directed_polymerase_zeta_catalytic_subunit_Rev3l_transcript_variant_X1_mRNA_1                            0.0279165 0.0697822 0.0886277 0.1018773 0.0697822 0.1201874 0.0357074 0.1110316 0.0905788 0.0980110 0.0786412 0.0795915 0.0434137 0.0858040 0.0706246 0.0784712 0.2589006 0.0784712 0.2064266 0.0522722 0.0523353 0.0611575 0.0206621 0.2266124 0.0353319 0.2751278 0.0527952 0.0000000 0.0206591 0.1135313 0.1017373 0.0434137 0.0356756 0.0522242 0.0212889 0.0904333 0.0876620 0.0875483 0.0875483 0.0278882 0.0688674 0.1277977 0.0981851 0.0852364 0.0784712 0.1277977 0.0886277 0.0980110 0.1076693 0.0995123 0.0995123 0.1076693 0.1076693 0.0981060 0.0887679 0.0981060 0.1078396 0.1003627 0.1201874 0.1078396 0.0968994 0.1062964 0.1203063 0.1203063 0.1221047 0.1062964 0.1221047 0.0864912 0.1412415 0.1202079 0.0905788 0.1324073 0.1490656 0.1279220 0.1161283 0.0967485 0.0969579 0.0874953 0.0967485 0.1259690 0.1055512 0.0770353 0.0858040 0.0948520 0.0874953 0.0784712 0.1196858 0.1199232 0.0611575 0.0611575 0.0696740 0.0696740 0.0982966 0.0706134 0.0696740 0.0696740 0.0784712 0.1102640 0.0611575 0.0527952 0.0697822 0.0795768 0.1157268 0.0886678 0.1177583 0.0876317 0.0698055 0.4577336 0.5130576 0.0869428 0.0697397 0.0611575 
XM_028768990_1_PREDICTED_Grammomys_surdaster_REV3_like_DNA_directed_polymerase_zeta_catalytic_subunit_Rev3l_mRNA_1                                         0.0512191 0.0604169 0.0610354 0.0906679 0.0604169 0.1083495 0.0278921 0.0805262 0.0800480 0.0695770 0.0689088 0.0696972 0.0518224 0.0759466 0.0611097 0.0687621 0.2361067 0.0687621 0.2156938 0.0437000 0.0437520 0.0521448 0.0281420 0.2358653 0.0433427 0.2833368 0.0441150 0.0206591 0.0000000 0.1376416 0.0720459 0.0518224 0.0437839 0.0436607 0.0138645 0.0799215 0.0775568 0.0774585 0.0774585 0.0356229 0.0596610 0.0966719 0.0874953 0.0880125 0.0687621 0.0966719 0.0610354 0.0695770 0.0783618 0.0705248 0.0705248 0.0783618 0.0783618 0.0696425 0.0611297 0.0696425 0.0784837 0.0893913 0.1083495 0.0784837 0.0864101 0.0954172 0.1084549 0.1084549 0.1099819 0.0954172 0.1099819 0.0853066 0.1284524 0.1083675 0.0800480 0.1198238 0.1361218 0.1159254 0.1048223 0.0862776 0.0864618 0.0774121 0.0862776 0.1142488 0.0947219 0.0675291 0.0759466 0.0846221 0.0774121 0.0687621 0.1078575 0.1385693 0.0521448 0.0521448 0.0603248 0.0603248 0.0875926 0.0611002 0.0603248 0.0603248 0.0687621 0.0988541 0.0521448 0.0441150 0.0604169 0.0874791 0.1236429 0.0966224 0.1258234 0.0775309 0.0864101 0.4029817 0.4521471 0.0599138 0.0603806 0.0688034 
XM_031347764_1_PREDICTED_Mastomys_coucha_REV3_like_DNA_directed_polymerase_zeta_catalytic_subunit_Rev3l_transcript_variant_X1_mRNA_1                       0.1349463 0.1452626 0.2457763 0.2443537 0.1452626 0.2652054 0.1400252 0.2575450 0.2253050 0.2327238 0.1797092 0.2076310 0.1727716 0.2109476 0.1951083 0.1792542 0.4322144 0.2032572 0.3347337 0.1650010 0.1431781 0.1794297 0.1450243 0.3972551 0.1054970 0.4724631 0.1677523 0.1135313 0.1376416 0.0000000 0.2170845 0.1727716 0.1473743 0.1648408 0.1430675 0.2513838 0.2159717 0.2156824 0.2156824 0.1347974 0.2113721 0.2200615 0.2076310 0.1273981 0.2279712 0.2200615 0.2457763 0.2327238 0.2457763 0.2381074 0.2381074 0.2457763 0.2457763 0.2329410 0.2202712 0.2329410 0.2461243 0.2387947 0.2652054 0.2461243 0.1796054 0.1913336 0.2385704 0.2385704 0.2716193 0.1913336 0.2716193 0.1878807 0.2383881 0.2123201 0.2253050 0.2710430 0.2126475 0.1872055 0.1796054 0.2032572 0.2036753 0.2155679 0.2280624 0.1913336 0.2404362 0.1990938 0.2109476 0.2231361 0.1911487 0.2032572 0.2656229 0.2388126 0.1563120 0.1563120 0.1675866 0.1675866 0.2077834 0.1591578 0.1675866 0.1675866 0.1792542 0.1918007 0.1794297 0.1677523 0.1914415 0.2075820 0.2276445 0.2185988 0.1872055 0.2158848 0.1914415 0.4166356 0.4678198 0.2152294 0.1913336 0.1794297 
XM_004660637_2_PREDICTED_Jaculus_jaculus_REV3_like_polymerase_DNA_directed_zeta_catalytic_subunit_Rev3l_transcript_variant_X1_mRNA_1                       0.1460799 0.0775309 0.0783618 0.0617066 0.0775309 0.1083495 0.0894464 0.0994671 0.0987168 0.0873732 0.0864618 0.0874953 0.1372898 0.0794513 0.0696617 0.0862776 0.3012372 0.0862776 0.1875650 0.1159944 0.0969395 0.0521448 0.0905638 0.2358653 0.1101587 0.2833368 0.0774585 0.1017373 0.0720459 0.2170845 0.0000000 0.1372898 0.0730116 0.1158835 0.0939425 0.0872903 0.0955069 0.0954172 0.0954172 0.0631564 0.1158146 0.0966719 0.1061948 0.1396085 0.1046252 0.0966719 0.0783618 0.0873732 0.0783618 0.0886421 0.0886421 0.0783618 0.0783618 0.0696425 0.0784837 0.0696425 0.0784837 0.0893913 0.1083495 0.0784837 0.0864101 0.0954172 0.1084549 0.1084549 0.1099819 0.0954172 0.1099819 0.1159672 0.1284524 0.1083675 0.0987168 0.1626906 0.1361218 0.1360425 0.1048223 0.0862776 0.1048843 0.0774121 0.0862776 0.1142488 0.0993722 0.0886822 0.0794513 0.0886133 0.0774121 0.0862776 0.1078575 0.1600741 0.0688260 0.0688260 0.0774121 0.0774121 0.1063137 0.0784712 0.0774121 0.0774121 0.0862776 0.1357734 0.0688260 0.0603806 0.0954739 0.0852781 0.1437182 0.1256827 0.1463868 0.0775309 0.1047856 0.3242262 0.3965992 0.0918053 0.0774844 0.0863291 
