112
NM_011264_3_Mus_musculus_REV3_like_DNA_directed_polymerase_zeta_catalytic_subunit_Rev3l_mRNA_1                                                             0.0000000 0.0973008 0.1384271 0.1733236 0.0988611 0.1553145 0.0614950 0.1583517 0.1384271 0.1117127 0.1384271 0.1523796 0.1894613 0.0298749 0.1379148 0.1481429 0.1591045 0.2497182 0.0973008 0.1245502 0.3615136 0.2265978 0.2036389 0.1305988 0.0731188 0.2851042 0.1234858 0.0095200 0.2677813 0.1475629 0.0096508 0.0193441 0.0398270 0.1674379 0.0298749 0.0625794 0.1918652 0.0193441 0.1447578 0.2161853 0.1676942 0.1522314 0.0513723 0.1676942 0.1248364 0.1593392 0.1258112 0.1248364 0.1384271 0.1384271 0.1117127 0.1579846 0.1583517 0.1383122 0.1248364 0.1381133 0.1772070 0.1553145 0.1381133 0.1116169 0.1117127 0.1117127 0.1696313 0.1384271 0.1384271 0.1696313 0.1384271 0.1939024 0.1117127 0.1549182 0.1384271 0.2334274 0.1304394 0.1116169 0.1381133 0.1518230 0.1381133 0.1384271 0.0865933 0.1246554 0.1379148 0.1381133 0.1245502 0.1381133 0.1516997 0.1098775 0.1096276 0.1098775 0.0973008 0.1117127 0.1098775 0.1248364 0.1117127 0.1117127 0.1447578 0.1591045 0.1740323 0.2576275 0.1658197 0.1660524 0.1444182 0.1384271 0.1730710 0.1307131 0.1407869 0.1744275 9.0000000 0.2469958 0.2429650 0.1579846 0.2208869 0.1409936 
XM_028847034_1_PREDICTED_Macaca_mulatta_REV3_like_DNA_directed_polymerase_zeta_catalytic_subunit_REV3L_transcript_variant_X1_mRNA_1                        0.0973008 0.0000000 0.0300141 0.0771155 0.0196375 0.0412621 0.1218074 0.0531944 0.0300141 0.0096729 0.0300141 0.0630946 0.0656082 0.0764493 0.0515062 0.0923305 0.0422149 0.1514290 0.0000010 0.0405311 0.2103639 0.1235886 0.1022975 0.0537538 0.0849600 0.1512942 0.1369447 0.0850822 0.1366701 0.0417076 0.1016545 0.0732875 0.0969390 0.0545682 0.0764493 0.0986041 0.1237880 0.0732875 0.0311667 0.0815235 0.0546521 0.0429449 0.0863673 0.0546521 0.0196652 0.0422781 0.1396210 0.0196652 0.0300141 0.0300141 0.0299871 0.0530658 0.0531944 0.0299871 0.0406258 0.0299443 0.0678746 0.0412621 0.0299443 0.0299443 0.0299871 0.0299871 0.0523900 0.0300141 0.0300141 0.0523900 0.0300141 0.1996596 0.0096729 0.0411534 0.0300141 0.1057288 0.0422149 0.0299443 0.0299443 0.0628902 0.0299443 0.0516734 0.0516271 0.0405894 0.0515062 0.0515808 0.0405311 0.0299443 0.0405311 0.0095632 0.0095415 0.0095632 0.0194054 0.0096729 0.0095632 0.0196652 0.0299713 0.0299713 0.0537376 0.0422149 0.0536876 0.1611651 0.0515062 0.0515808 0.0536068 0.0300141 0.0648784 0.0312047 0.0303513 0.0881674 9.0000000 0.1412100 0.1333995 0.0530658 0.0904803 0.0303952 
XM_014118216_3_PREDICTED_Canis_lupus_familiaris_REV3_like_DNA_directed_polymerase_zeta_catalytic_subunit_REV3L_transcript_variant_X1_mRNA_1                0.1384271 0.0300141 0.0000000 0.0760307 0.0401130 0.0407684 0.1653555 0.0412998 0.0296770 0.0296506 0.0296770 0.0856963 0.0891911 0.1169132 0.0508741 0.0909792 0.0646624 0.1791067 0.0300141 0.0400561 0.2055597 0.1359933 0.1137940 0.0767933 0.1246554 0.1789576 0.1830048 0.1248364 0.1640008 0.0639517 0.1450987 0.1117127 0.1379148 0.0780385 0.1169132 0.1406290 0.1512606 0.1117127 0.0530756 0.1068575 0.0781577 0.0658484 0.1270254 0.0781577 0.0095740 0.0647591 0.1718448 0.0095740 0.0000010 0.0296770 0.0194546 0.0412018 0.0412998 0.0194546 0.0296352 0.0194274 0.0669158 0.0407684 0.0194274 0.0194274 0.0296506 0.0296506 0.0517336 0.0412998 0.0296770 0.0517336 0.0296770 0.1954375 0.0194546 0.0630382 0.0296770 0.1175525 0.0307571 0.0194274 0.0194274 0.0620813 0.0296088 0.0510371 0.0509919 0.0401130 0.0508741 0.0736240 0.0400561 0.0296088 0.0400561 0.0407210 0.0406258 0.0407210 0.0516734 0.0296506 0.0407210 0.0194546 0.0509919 0.0509919 0.0767691 0.0646624 0.0766995 0.1882055 0.0735180 0.0736240 0.0765848 0.0296770 0.0882992 0.0418094 0.0516871 0.1121668 9.0000000 0.1483262 0.1403644 0.0412018 0.0891374 0.0517622 
XM_021091238_1_PREDICTED_Sus_scrofa_REV3_like_DNA_directed_polymerase_zeta_catalytic_subunit_REV3L_transcript_variant_X1_mRNA_1                            0.1733236 0.0771155 0.0760307 0.0000000 0.0758490 0.0517801 0.2030694 0.1046715 0.0640679 0.0640098 0.0412998 0.1277673 0.1335488 0.1509245 0.0880360 0.1110525 0.0895912 0.1710134 0.0771155 0.0757363 0.2345739 0.1822658 0.1272490 0.1193689 0.1293498 0.2040641 0.2236388 0.1582185 0.1712826 0.1044135 0.1824203 0.1436421 0.1726771 0.1216708 0.1509245 0.1765471 0.1666394 0.1436421 0.0922136 0.1560205 0.1109060 0.0967568 0.1614062 0.1109060 0.0640098 0.1055952 0.2122765 0.0640098 0.0760307 0.0412998 0.0759621 0.1044135 0.1046715 0.0759621 0.0882464 0.0758490 0.0687954 0.0517801 0.0758490 0.0758490 0.0640098 0.0640098 0.0630758 0.0640679 0.0640679 0.0630758 0.0640679 0.2218579 0.0759621 0.1026375 0.0640679 0.1994703 0.0920703 0.0758490 0.0758490 0.1008111 0.0639149 0.0640679 0.0640098 0.0758490 0.0880360 0.0882202 0.0757363 0.0639149 0.0757363 0.0897838 0.0895658 0.0897838 0.1026375 0.0640098 0.0897838 0.0524377 0.0640098 0.0640098 0.1026668 0.0895912 0.1025744 0.2133406 0.1137940 0.1139634 0.1190343 0.0640679 0.1324248 0.1057288 0.0649561 0.1028232 9.0000000 0.2210506 0.2154114 0.1044135 0.1055280 0.0898092 
NM_001372078_1_Homo_sapiens_REV3_like_DNA_directed_polymerase_zeta_catalytic_subunit_REV3L_transcript_variant_4_mRNA_1                                     0.0988611 0.0196375 0.0401130 0.0758490 0.0000000 0.0406730 0.1239062 0.0639517 0.0296088 0.0095523 0.0296088 0.0621359 0.0645660 0.0776363 0.0507567 0.0907013 0.0415977 0.1482188 0.0196375 0.0399640 0.2050817 0.1356569 0.1135258 0.0529338 0.0862646 0.1480894 0.1394560 0.0863908 0.1338742 0.0411043 0.1033768 0.0743687 0.0984872 0.0537214 0.0776363 0.1002175 0.1212982 0.0743687 0.0307288 0.0801015 0.0538024 0.0423052 0.0877240 0.0538024 0.0295826 0.0416590 0.1422578 0.0295826 0.0401130 0.0296088 0.0400774 0.0637992 0.0639517 0.0400774 0.0508741 0.0400207 0.0667492 0.0406730 0.0400207 0.0400207 0.0295826 0.0295826 0.0516122 0.0523900 0.0296088 0.0516122 0.0296088 0.1949995 0.0194102 0.0405674 0.0296088 0.1172691 0.0528697 0.0400207 0.0400207 0.0619378 0.0295410 0.0509190 0.0508741 0.0400207 0.0507567 0.0508292 0.0399640 0.0295410 0.0399640 0.0299713 0.0299017 0.0299713 0.0196375 0.0095523 0.0299713 0.0194102 0.0295672 0.0295672 0.0529181 0.0415977 0.0528697 0.1577743 0.0507567 0.0508292 0.0306558 0.0296088 0.0638570 0.0417093 0.0299362 0.0866931 9.0000000 0.1629945 0.1555038 0.0637992 0.0889241 0.0299789 
XM_024996589_1_PREDICTED_Bos_taurus_REV3_like_DNA_directed_polymerase_zeta_catalytic_subunit_REV3L_transcript_variant_X1_mRNA_1                            0.1553145 0.0412621 0.0407684 0.0517801 0.0406730 0.0000000 0.1835994 0.0651143 0.0300760 0.0300489 0.0300760 0.0632605 0.0907271 0.1333432 0.0516122 0.1198067 0.0656874 0.1723566 0.0412621 0.0406145 0.1995399 0.1702912 0.1438982 0.0780635 0.1407869 0.1722046 0.2026276 0.1409936 0.1567066 0.0649561 0.1631213 0.1271702 0.1547366 0.0793568 0.1333432 0.1579846 0.1545827 0.1271702 0.0538838 0.1088873 0.0794803 0.0669158 0.1436421 0.0794803 0.0300489 0.0657873 0.1913394 0.0300489 0.0407684 0.0300760 0.0407317 0.0649561 0.0651143 0.0407317 0.0517336 0.0406730 0.0205220 0.0000010 0.0406730 0.0406730 0.0300489 0.0300489 0.0095848 0.0097063 0.0097063 0.0095848 0.0097063 0.2000421 0.0407317 0.0640098 0.0300760 0.1198842 0.0538024 0.0406730 0.0406730 0.0630194 0.0300059 0.0517801 0.0517336 0.0406730 0.0516122 0.0747821 0.0406145 0.0300059 0.0406145 0.0525151 0.0523900 0.0525151 0.0640098 0.0300489 0.0525151 0.0197056 0.0517336 0.0517336 0.0780385 0.0656874 0.0779666 0.1924697 0.0746726 0.0747821 0.0778479 0.0300760 0.0898092 0.0658690 0.0524518 0.1141950 9.0000000 0.1365051 0.1594369 0.0649561 0.0906715 0.0525293 
XM_040758199_1_PREDICTED_Mesocricetus_auratus_REV3_like_DNA_directed_polymerase_zeta_catalytic_subunit_Rev3l_transcript_variant_X1_mRNA_1                  0.0614950 0.1218074 0.1653555 0.2030694 0.1239062 0.1835994 0.0000000 0.2030694 0.1653555 0.1374055 0.1653555 0.1514842 0.1684974 0.0511186 0.1370952 0.1931309 0.1880877 0.3021421 0.1218074 0.1238019 0.4223170 0.2252229 0.2024701 0.1731972 0.0503236 0.3393165 0.0733166 0.0727834 0.3211242 0.1767367 0.0740216 0.0396801 0.0395896 0.1769336 0.0511186 0.0401458 0.1906344 0.0396801 0.1540345 0.1928512 0.1771953 0.1618665 0.0510599 0.1771953 0.1511465 0.1684974 0.0744919 0.1511465 0.1653555 0.1653555 0.1652244 0.2026276 0.2030694 0.1652244 0.1511465 0.1649933 0.2078985 0.1835994 0.1649933 0.1372918 0.1374055 0.1374055 0.1984927 0.1653555 0.1653555 0.1984927 0.1653555 0.1927488 0.1374055 0.1831488 0.1653555 0.2666533 0.1581385 0.1372918 0.1649933 0.1793810 0.1372918 0.1376028 0.1110353 0.1239062 0.1370952 0.1649933 0.1238019 0.1649933 0.1508099 0.1349883 0.1346887 0.1349883 0.1218074 0.1374055 0.1349883 0.1511465 0.1374055 0.1374055 0.2037880 0.1880877 0.2036308 0.2228044 0.1648625 0.1650934 0.1435286 0.1653555 0.2187468 0.1584593 0.1683929 0.1733867 9.0000000 0.2955098 0.2935250 0.2026276 0.2196631 0.1686334 
XM_004753515_2_PREDICTED_Mustela_putorius_furo_REV3_like_polymerase_DNA_directed_zeta_catalytic_subunit_REV3L_transcript_variant_X1_mRNA_1                 0.1583517 0.0531944 0.0412998 0.1046715 0.0639517 0.0651143 0.2030694 0.0000000 0.0304671 0.0524673 0.0525151 0.0885107 0.1194038 0.1509245 0.0757807 0.1278468 0.0921279 0.1390959 0.0531944 0.0638570 0.1604501 0.1359933 0.1137940 0.0868476 0.1579846 0.1389802 0.2236388 0.1436421 0.1258124 0.0911861 0.1665283 0.1436421 0.1726771 0.1075853 0.1509245 0.1765471 0.1512606 0.1436421 0.0793084 0.1109463 0.1077563 0.0940273 0.1614062 0.1077563 0.0304230 0.0922714 0.2122765 0.0304230 0.0412998 0.0525151 0.0304230 0.0194274 0.0000010 0.0412621 0.0423571 0.0412018 0.0957706 0.0651143 0.0412018 0.0412018 0.0524673 0.0524673 0.0772079 0.0660801 0.0525151 0.0772079 0.0525151 0.2393790 0.0412621 0.0649762 0.0304671 0.1408061 0.0545682 0.0412018 0.0412018 0.0523900 0.0523900 0.0525151 0.0759621 0.0639517 0.0757807 0.1009337 0.0638570 0.0523900 0.0638570 0.0650362 0.0648784 0.0547208 0.0667515 0.0524673 0.0547208 0.0412621 0.0759621 0.0759621 0.1055952 0.0921279 0.1054982 0.2302901 0.1007831 0.1009337 0.1053343 0.0424207 0.0736884 0.0668548 0.0630551 0.1442380 9.0000000 0.1195193 0.1217221 0.0194274 0.1193269 0.0631473 
XM_015600069_2_PREDICTED_Pteropus_alecto_REV3_like_DNA_directed_polymerase_zeta_catalytic_subunit_REV3L_transcript_variant_X1_mRNA_1                       0.1384271 0.0300141 0.0296770 0.0640679 0.0296088 0.0300760 0.1653555 0.0304671 0.0000000 0.0194546 0.0194719 0.0511102 0.0767691 0.1169132 0.0400561 0.1040388 0.0529967 0.1339938 0.0300141 0.0295672 0.1564101 0.1510251 0.1272490 0.0647413 0.1246554 0.1338742 0.1830048 0.1248364 0.1199932 0.0523900 0.1450987 0.1117127 0.1379148 0.0657484 0.1169132 0.1406290 0.1362073 0.1117127 0.0417589 0.0676857 0.0658484 0.0539341 0.1270254 0.0658484 0.0194546 0.0530756 0.1718448 0.0194546 0.0296770 0.0194719 0.0296506 0.0523900 0.0304671 0.0296506 0.0401486 0.0296088 0.0547712 0.0300760 0.0296088 0.0296088 0.0194546 0.0194546 0.0407096 0.0412998 0.0194719 0.0407096 0.0194719 0.1796926 0.0296506 0.0300141 0.0000010 0.1314595 0.0416973 0.0296088 0.0296088 0.0296088 0.0194274 0.0194719 0.0401486 0.0296088 0.0400561 0.0621158 0.0295672 0.0194274 0.0295672 0.0407210 0.0406258 0.0407210 0.0516734 0.0194546 0.0407210 0.0095740 0.0401486 0.0401486 0.0647215 0.0529967 0.0646624 0.1729945 0.0620267 0.0621158 0.0645660 0.0194719 0.0759621 0.0531402 0.0406730 0.0993511 9.0000000 0.1195193 0.1107726 0.0523900 0.0767237 0.0407317 
XM_016956167_2_PREDICTED_Pan_troglodytes_REV3_like_DNA_directed_polymerase_zeta_catalytic_subunit_REV3L_transcript_variant_X1_mRNA_1                       0.1117127 0.0096729 0.0296506 0.0640098 0.0095523 0.0300489 0.1374055 0.0524673 0.0194546 0.0000000 0.0194546 0.0510371 0.0529967 0.0903425 0.0400207 0.0781356 0.0307288 0.1337872 0.0096729 0.0295410 0.1885694 0.1212982 0.1006329 0.0417093 0.0987167 0.1336679 0.1536428 0.0988611 0.1198067 0.0303513 0.1169132 0.0864666 0.1112921 0.0423052 0.0903425 0.1133257 0.1073522 0.0864666 0.0201781 0.0675803 0.0423686 0.0312334 0.1004552 0.0423686 0.0194373 0.0307737 0.1568463 0.0194373 0.0296506 0.0194546 0.0296243 0.0523423 0.0524673 0.0296243 0.0401130 0.0295826 0.0547192 0.0300489 0.0295826 0.0295826 0.0194373 0.0194373 0.0406730 0.0412621 0.0194546 0.0406730 0.0194546 0.1795440 0.0095655 0.0299713 0.0194546 0.1039447 0.0416590 0.0295826 0.0295826 0.0508741 0.0194102 0.0401486 0.0401130 0.0295826 0.0400207 0.0400774 0.0295410 0.0194102 0.0295410 0.0196829 0.0196375 0.0196829 0.0299713 0.0000010 0.0196829 0.0095655 0.0194274 0.0194274 0.0416973 0.0307288 0.0416590 0.1435286 0.0400207 0.0400774 0.0415977 0.0194546 0.0523900 0.0308107 0.0196601 0.0747389 9.0000000 0.1481965 0.1402347 0.0523423 0.0766542 0.0196879 
XM_034668992_1_PREDICTED_Ailuropoda_melanoleuca_REV3_like_DNA_directed_polymerase_zeta_catalytic_subunit_REV3L_transcript_variant_X1_mRNA_1                0.1384271 0.0300141 0.0296770 0.0412998 0.0296088 0.0300760 0.1653555 0.0525151 0.0194719 0.0194546 0.0000000 0.0738176 0.0767691 0.1169132 0.0400561 0.0935195 0.0529967 0.1339938 0.0300141 0.0295672 0.1564101 0.1510251 0.1007831 0.0647413 0.1246554 0.1338742 0.1830048 0.1248364 0.1199932 0.0523900 0.1450987 0.1117127 0.1379148 0.0657484 0.1169132 0.1406290 0.1362073 0.1117127 0.0417589 0.0933732 0.0658484 0.0539341 0.1270254 0.0658484 0.0194546 0.0530756 0.1718448 0.0194546 0.0296770 0.0000010 0.0296506 0.0523900 0.0525151 0.0296506 0.0401486 0.0296088 0.0442562 0.0300760 0.0296088 0.0296088 0.0194546 0.0194546 0.0407096 0.0412998 0.0194719 0.0407096 0.0194719 0.1796926 0.0296506 0.0516734 0.0194719 0.1314595 0.0416973 0.0296088 0.0296088 0.0509190 0.0194274 0.0401843 0.0401486 0.0296088 0.0400561 0.0621158 0.0295672 0.0194274 0.0295672 0.0407210 0.0406258 0.0407210 0.0516734 0.0194546 0.0407210 0.0095740 0.0194546 0.0194546 0.0647215 0.0529967 0.0646624 0.1729945 0.0620267 0.0621158 0.0645660 0.0194719 0.0759621 0.0531402 0.0406730 0.0748486 9.0000000 0.1483262 0.1403644 0.0523900 0.0530454 0.0407317 
XM_006157005_3_PREDICTED_Tupaia_chinensis_REV3_like_DNA_directed_polymerase_zeta_catalytic_subunit_REV3L_transcript_variant_X3_mRNA_1                      0.1523796 0.0630946 0.0856963 0.1277673 0.0621359 0.0632605 0.1514842 0.0885107 0.0511102 0.0510371 0.0738176 0.0000000 0.0647807 0.1308648 0.0735823 0.1457838 0.0891374 0.1686461 0.0630946 0.0620813 0.2298147 0.1251709 0.1138934 0.1020498 0.1382279 0.1685001 0.1982888 0.1663164 0.1534538 0.0780165 0.1598424 0.1249420 0.1518230 0.0933415 0.1308648 0.1270254 0.1107662 0.1249420 0.0768388 0.0554821 0.1040036 0.0908933 0.1137621 0.1040036 0.0737530 0.0647807 0.2028572 0.0737530 0.0856963 0.0738176 0.0856219 0.1140631 0.0885107 0.0856219 0.0977750 0.0854984 0.0925565 0.0632605 0.0854984 0.0854984 0.0737530 0.0737530 0.0749152 0.0761443 0.0511102 0.0749152 0.0511102 0.1645434 0.0622254 0.0630946 0.0511102 0.1353804 0.1019256 0.0854984 0.0854984 0.0621705 0.0509919 0.0511102 0.0977750 0.0621705 0.0735823 0.0736467 0.0620813 0.0736467 0.0620813 0.0748949 0.0747187 0.0748949 0.0868731 0.0510371 0.0748949 0.0622254 0.0737111 0.0737111 0.1020161 0.0891374 0.1019256 0.1883552 0.0735823 0.0509919 0.0766542 0.0738176 0.0883254 0.0893805 0.0748054 0.0769086 9.0000000 0.1636263 0.1884246 0.1140631 0.0892176 0.0749152 
XM_013069186_2_PREDICTED_Heterocephalus_glaber_REV3_like_DNA_directed_polymerase_zeta_catalytic_subunit_Rev3l_transcript_variant_X1_mRNA_1                 0.1894613 0.0656082 0.0891911 0.1335488 0.0645660 0.0907271 0.1684974 0.1194038 0.0767691 0.0529967 0.0767691 0.0647807 0.0000000 0.1672931 0.0765155 0.1527052 0.0929355 0.1559612 0.0656082 0.0645072 0.2169704 0.1427791 0.1189266 0.0800261 0.1546088 0.1558202 0.1919826 0.1740323 0.1407530 0.0790626 0.1994966 0.1591045 0.1688743 0.0516258 0.1672931 0.1472099 0.1275414 0.1591045 0.0400664 0.0201967 0.0630363 0.0747592 0.1328627 0.0630363 0.0766995 0.0295747 0.1965502 0.0766995 0.0891911 0.0767691 0.0891110 0.1191109 0.1194038 0.0891110 0.1018352 0.0889776 0.1253653 0.0907271 0.0889776 0.0889776 0.0766995 0.0766995 0.1036574 0.1055952 0.0767691 0.1036574 0.0767691 0.1834850 0.0646624 0.0778260 0.0767691 0.1527052 0.1063598 0.0889776 0.0889776 0.0889776 0.0529482 0.0767691 0.1018352 0.0646035 0.0765155 0.0529181 0.0645072 0.0765848 0.0645072 0.0779446 0.0777544 0.0779446 0.0904803 0.0529967 0.0779446 0.0646624 0.0766542 0.0766542 0.1064577 0.0929355 0.1063598 0.1764931 0.0528697 0.0307288 0.0550829 0.0767691 0.0920703 0.0675162 0.0778479 0.0656486 9.0000000 0.2046825 0.2345857 0.1191109 0.0930221 0.0538024 
XM_006256524_2_PREDICTED_Rattus_norvegicus_REV3_like_DNA_directed_polymerase_zeta_catalytic_subunit_Rev3l_transcript_variant_X1_mRNA_1                     0.0298749 0.0764493 0.1169132 0.1509245 0.0776363 0.1333432 0.0511186 0.1509245 0.1169132 0.0903425 0.1169132 0.1308648 0.1672931 0.0000000 0.1164557 0.1402248 0.1367188 0.2455554 0.0764493 0.1031267 0.3624797 0.2026582 0.1815624 0.1223758 0.0625609 0.2825520 0.1123638 0.0404367 0.2644336 0.1246503 0.0193660 0.0096287 0.0297635 0.1440333 0.0000010 0.0520040 0.1674151 0.0096287 0.1223318 0.1933533 0.1442690 0.1287624 0.0409592 0.1442690 0.1033768 0.1369333 0.1144525 0.1033768 0.1169132 0.1169132 0.1168093 0.1505559 0.1509245 0.1168093 0.1136249 0.1166323 0.1542782 0.1333432 0.1166323 0.0902603 0.0903425 0.0903425 0.1477346 0.1169132 0.1169132 0.1477346 0.1169132 0.1895129 0.0903425 0.1329809 0.1169132 0.2109309 0.1080653 0.0902603 0.1166323 0.1591045 0.1166323 0.1169132 0.0655088 0.1032196 0.1164557 0.1166323 0.1031267 0.1166323 0.1302431 0.0888994 0.0886871 0.0888994 0.0764493 0.0903425 0.0888994 0.1033768 0.0903425 0.0903425 0.1518607 0.1367188 0.1517262 0.2465902 0.1444182 0.1446338 0.1220264 0.1169132 0.1661282 0.1083059 0.1188502 0.1520965 9.0000000 0.2430263 0.2386322 0.1505559 0.1992040 0.1190343 
XM_005883745_2_PREDICTED_Myotis_brandtii_REV3_like_polymerase_DNA_directed_zeta_catalytic_subunit_REV3L_transcript_variant_X1_mRNA_1                       0.1379148 0.0515062 0.0508741 0.0880360 0.0507567 0.0516122 0.1370952 0.0757807 0.0400561 0.0400207 0.0400561 0.0735823 0.0765155 0.1164557 0.0000000 0.1309479 0.0764013 0.1942164 0.0515062 0.0294734 0.2219411 0.1210748 0.1268428 0.0888730 0.1241900 0.1940593 0.1532947 0.1243699 0.1788086 0.0756001 0.1445419 0.1112921 0.1374055 0.0903682 0.1164557 0.1130594 0.1070822 0.1112921 0.0645072 0.0930536 0.0905060 0.0778479 0.1002175 0.0905060 0.0400207 0.0765155 0.1420463 0.0400207 0.0508741 0.0400561 0.0508292 0.0756001 0.0757807 0.0508292 0.0619378 0.0295148 0.0791594 0.0516122 0.0295148 0.0507567 0.0193832 0.0193832 0.0405780 0.0638570 0.0400561 0.0405780 0.0400561 0.1791317 0.0508292 0.0744773 0.0400561 0.1598102 0.0644112 0.0507567 0.0507567 0.0507567 0.0193660 0.0400561 0.0399994 0.0095307 0.0000010 0.0618834 0.0294734 0.0399640 0.0294734 0.0628902 0.0627428 0.0628902 0.0744773 0.0400207 0.0628902 0.0295410 0.0619378 0.0619378 0.0888445 0.0764013 0.0887649 0.1292065 0.0399499 0.0619178 0.0643527 0.0400561 0.1006329 0.0645858 0.0628155 0.0746064 9.0000000 0.1627493 0.1552575 0.0756001 0.0764704 0.0629070 
XM_008852401_2_PREDICTED_Nannospalax_galili_REV3_like_DNA_directed_polymerase_zeta_catalytic_subunit_Rev3l_transcript_variant_X1_mRNA_1                    0.1481429 0.0923305 0.0909792 0.1110525 0.0907013 0.1198067 0.1931309 0.1278468 0.1040388 0.0781356 0.0935195 0.1457838 0.1527052 0.1402248 0.1309479 0.0000000 0.1228326 0.1638937 0.0923305 0.1170909 0.2584139 0.1973574 0.1557386 0.0993830 0.1780810 0.1949385 0.2477179 0.1333908 0.1490303 0.1217146 0.1558795 0.1333908 0.1625513 0.1405270 0.1402248 0.1982042 0.1801303 0.1333908 0.1087851 0.1775046 0.1295266 0.1144196 0.1822131 0.1295266 0.1039447 0.1230274 0.2544140 0.1039447 0.0909792 0.0935195 0.1039447 0.1275474 0.1278468 0.1174477 0.1312608 0.1172691 0.1232921 0.1198067 0.1172691 0.1172691 0.1039447 0.1039447 0.1338742 0.1366701 0.1040388 0.1338742 0.1040388 0.2468881 0.0908401 0.1194772 0.1040388 0.2229120 0.1374884 0.1172691 0.1172691 0.1310626 0.1037860 0.1040388 0.0781828 0.1172691 0.1309479 0.1311459 0.1170909 0.1037860 0.1170909 0.1058262 0.1055644 0.1058262 0.1194772 0.0781356 0.1058262 0.0908401 0.0933732 0.0933732 0.1376132 0.1228326 0.1374884 0.2731292 0.1309479 0.1311459 0.1372726 0.1040388 0.1276573 0.1231858 0.1056924 0.1378298 9.0000000 0.2441789 0.2159028 0.1275474 0.1731856 0.1058572 
XM_035296530_1_PREDICTED_Callithrix_jacchus_REV3_like_DNA_directed_polymerase_zeta_catalytic_subunit_REV3L_transcript_variant_X1_mRNA_1                    0.1591045 0.0422149 0.0646624 0.0895912 0.0415977 0.0656874 0.1880877 0.0921279 0.0529967 0.0307288 0.0529967 0.0891374 0.0929355 0.1367188 0.0764013 0.1228326 0.0000000 0.1880472 0.0422149 0.0644112 0.2536339 0.1584694 0.1188191 0.0799509 0.1265774 0.1878861 0.1761830 0.1444182 0.1720527 0.0665030 0.1672931 0.1302431 0.1585038 0.0813128 0.1367188 0.1619252 0.1427791 0.1302431 0.0551680 0.1116840 0.0814420 0.0685539 0.1472099 0.0814420 0.0529482 0.0673666 0.1802328 0.0529482 0.0646624 0.0529967 0.0646035 0.0918995 0.0921279 0.0646035 0.0765848 0.0645072 0.0965356 0.0656874 0.0645072 0.0645072 0.0529482 0.0529482 0.0778479 0.0791853 0.0529967 0.0778479 0.0529967 0.2054233 0.0416590 0.0655088 0.0529967 0.1374884 0.0798495 0.0645072 0.0416207 0.0645072 0.0528697 0.0766542 0.0765848 0.0645072 0.0764013 0.0628509 0.0644112 0.0528697 0.0644112 0.0537376 0.0536068 0.0537376 0.0655088 0.0307288 0.0537376 0.0416590 0.0529181 0.0529181 0.0095415 0.0000010 0.0095330 0.1461070 0.0764013 0.0765155 0.0797254 0.0529967 0.0919848 0.0674521 0.0411151 0.1169467 9.0000000 0.2045125 0.1807876 0.0918995 0.1201177 0.0537524 
XM_031964400_1_PREDICTED_Sarcophilus_harrisii_REV3_like_DNA_directed_polymerase_zeta_catalytic_subunit_REV3L_transcript_variant_X1_mRNA_1                  0.2497182 0.1514290 0.1791067 0.1710134 0.1482188 0.1723566 0.3021421 0.1390959 0.1339938 0.1337872 0.1339938 0.1686461 0.1559612 0.2455554 0.1942164 0.1638937 0.1880472 0.0000000 0.1514290 0.1784282 0.0651322 0.3021045 0.2268461 0.1275780 0.2491949 0.0195214 0.2363771 0.2321537 0.0512881 0.1391129 0.2642693 0.2321537 0.2316502 0.1435980 0.2455554 0.2556022 0.2832988 0.2321537 0.1404313 0.1648100 0.1647439 0.1817824 0.2379494 0.1647439 0.1635069 0.1559612 0.2803288 0.1635069 0.1791067 0.1339938 0.1635069 0.1667272 0.1390959 0.1789576 0.1841391 0.1786926 0.2114089 0.1723566 0.1786926 0.1786926 0.1635069 0.1635069 0.1884973 0.1931982 0.1529766 0.1884973 0.1529766 0.3417338 0.1484453 0.1363643 0.1339938 0.2432819 0.2048335 0.1786926 0.1786926 0.1632607 0.1632607 0.1339938 0.1635069 0.1786926 0.1942164 0.1632607 0.1784282 0.1336679 0.1480894 0.1670750 0.1362405 0.1561618 0.1718841 0.1337872 0.1561618 0.1484453 0.1337872 0.1337872 0.2050038 0.1880472 0.2048335 0.2543875 0.1630150 0.1632607 0.1510028 0.1529766 0.1253701 0.1561618 0.1311316 0.1516090 9.0000000 0.2053302 0.2213757 0.1667272 0.1991010 0.1039388 
XM_015448392_1_PREDICTED_Macaca_fascicularis_REV3_like_DNA_directed_polymerase_zeta_catalytic_subunit_REV3L_transcript_variant_X1_mRNA_1                   0.0973008 0.0000010 0.0300141 0.0771155 0.0196375 0.0412621 0.1218074 0.0531944 0.0300141 0.0096729 0.0300141 0.0630946 0.0656082 0.0764493 0.0515062 0.0923305 0.0422149 0.1514290 0.0000000 0.0405311 0.2103639 0.1235886 0.1022975 0.0537538 0.0849600 0.1512942 0.1369447 0.0850822 0.1366701 0.0417076 0.1016545 0.0732875 0.0969390 0.0545682 0.0764493 0.0986041 0.1237880 0.0732875 0.0311667 0.0815235 0.0546521 0.0429449 0.0863673 0.0546521 0.0196652 0.0422781 0.1396210 0.0196652 0.0300141 0.0300141 0.0299871 0.0530658 0.0531944 0.0299871 0.0406258 0.0299443 0.0678746 0.0412621 0.0299443 0.0299443 0.0299871 0.0299871 0.0523900 0.0300141 0.0300141 0.0523900 0.0300141 0.1996596 0.0096729 0.0411534 0.0300141 0.1057288 0.0422149 0.0299443 0.0299443 0.0628902 0.0299443 0.0516734 0.0516271 0.0405894 0.0515062 0.0515808 0.0405311 0.0299443 0.0405311 0.0095632 0.0095415 0.0095632 0.0194054 0.0096729 0.0095632 0.0196652 0.0299713 0.0299713 0.0537376 0.0422149 0.0536876 0.1611651 0.0515062 0.0515808 0.0536068 0.0300141 0.0648784 0.0312047 0.0303513 0.0881674 9.0000000 0.1412100 0.1333995 0.0530658 0.0904803 0.0303952 
XM_023650934_1_PREDICTED_Equus_caballus_REV3_like_DNA_directed_polymerase_zeta_catalytic_subunit_REV3L_transcript_variant_X1_mRNA_1                        0.1245502 0.0405311 0.0400561 0.0757363 0.0399640 0.0406145 0.1238019 0.0638570 0.0295672 0.0295410 0.0295672 0.0620813 0.0645072 0.1031267 0.0294734 0.1170909 0.0644112 0.1784282 0.0405311 0.0000000 0.2047749 0.1355340 0.1134268 0.0528854 0.1376028 0.1782797 0.1393389 0.1113589 0.1633672 0.0637049 0.1304394 0.0986310 0.1240854 0.0777295 0.1031267 0.1001292 0.1211865 0.0986310 0.0528697 0.0800261 0.0778479 0.0655878 0.0876458 0.0778479 0.0295410 0.0645072 0.1280903 0.0295410 0.0400561 0.0295672 0.0400207 0.0637049 0.0638570 0.0400207 0.0508015 0.0399640 0.0531135 0.0406145 0.0399640 0.0193660 0.0295410 0.0295410 0.0515375 0.0523129 0.0295672 0.0515375 0.0295672 0.1342612 0.0400207 0.0627987 0.0295672 0.1451912 0.0306558 0.0193660 0.0399640 0.0399640 0.0095307 0.0295672 0.0508015 0.0193660 0.0294734 0.0733483 0.0000010 0.0294995 0.0193391 0.0515523 0.0514318 0.0515523 0.0627987 0.0295410 0.0515523 0.0193832 0.0295410 0.0295410 0.0764704 0.0644112 0.0764013 0.1576425 0.0507120 0.0507843 0.0527432 0.0295672 0.0879574 0.0645858 0.0514914 0.0866169 9.0000000 0.1627493 0.1552575 0.0637049 0.0644699 0.0515659 
XM_036766364_1_PREDICTED_Trichosurus_vulpecula_REV3_like_DNA_directed_polymerase_zeta_catalytic_subunit_REV3L_transcript_variant_X1_mRNA_1                 0.3615136 0.2103639 0.2055597 0.2345739 0.2050817 0.1995399 0.4223170 0.1604501 0.1564101 0.1885694 0.1564101 0.2298147 0.2169704 0.3624797 0.2219411 0.2584139 0.2536339 0.0651322 0.2103639 0.2047749 0.0000000 0.3840343 0.2939942 0.1484022 0.3609054 0.0419601 0.3496403 0.3411654 0.0773269 0.1977093 0.3841091 0.3411654 0.3405605 0.2044438 0.3624797 0.3720605 0.3630518 0.3411654 0.1990476 0.2306314 0.2046280 0.2232403 0.3515185 0.2046280 0.1885694 0.2169704 0.3827450 0.1885694 0.2055597 0.1564101 0.1885694 0.1903038 0.1604501 0.2053889 0.2116047 0.2050817 0.2456665 0.1995399 0.2050817 0.2050817 0.1885694 0.1885694 0.2171555 0.2231735 0.1776634 0.2171555 0.1776634 0.3844065 0.2053889 0.1929716 0.1564101 0.2793012 0.2349467 0.2050817 0.2050817 0.1882805 0.1882805 0.1887312 0.2224428 0.2050817 0.2219411 0.2222643 0.2047749 0.1560205 0.1717326 0.1932741 0.1928031 0.2172415 0.2352312 0.1885694 0.2172415 0.1721531 0.1885694 0.1885694 0.2728747 0.2536339 0.2349467 0.3292995 0.2219411 0.2222643 0.2097837 0.1776634 0.1752213 0.2172415 0.1841391 0.2464527 9.0000000 0.1993831 0.2160839 0.1903038 0.1930295 0.1529766 
XM_040983897_1_PREDICTED_Ochotona_curzoniae_REV3_like_DNA_directed_polymerase_zeta_catalytic_subunit_REV3L_transcript_variant_X1_mRNA_1                    0.2265978 0.1235886 0.1359933 0.1822658 0.1356569 0.1702912 0.2252229 0.1359933 0.1510251 0.1212982 0.1510251 0.1251709 0.1427791 0.2026582 0.1210748 0.1973574 0.1584694 0.3021045 0.1235886 0.1355340 0.3840343 0.0000000 0.0535263 0.1919978 0.2440160 0.3018942 0.2983113 0.2196045 0.2645980 0.1506563 0.2403085 0.1913982 0.2257419 0.1552924 0.2026582 0.2319338 0.0295148 0.1913982 0.1587262 0.1678583 0.1971023 0.1795988 0.2139165 0.1971023 0.1212982 0.1427791 0.3074828 0.1212982 0.1359933 0.1510251 0.1358700 0.1356569 0.1359933 0.1358700 0.1398709 0.1070822 0.2209723 0.1702912 0.1070822 0.1356569 0.1508908 0.1508908 0.1541970 0.1741021 0.1510251 0.1541970 0.1510251 0.3090470 0.1071823 0.1698227 0.1510251 0.1598102 0.1584694 0.1356569 0.1356569 0.1660945 0.1211865 0.1510251 0.1508908 0.1357468 0.1210748 0.1506563 0.1355340 0.1506563 0.1355340 0.1386850 0.1383350 0.1275016 0.1427347 0.1212982 0.1275016 0.1358700 0.1507903 0.1507903 0.1750361 0.1584694 0.1748789 0.2492841 0.1210748 0.1211865 0.1583236 0.1400953 0.1507903 0.1429686 0.1331059 0.1053343 9.0000000 0.2994820 0.2517783 0.1356569 0.1750361 0.1333109 
XM_008263376_2_PREDICTED_Oryctolagus_cuniculus_REV3_like_DNA_directed_polymerase_zeta_catalytic_subunit_REV3L_transcript_variant_X1_mRNA_1                 0.2036389 0.1022975 0.1137940 0.1272490 0.1135258 0.1438982 0.2024701 0.1137940 0.1272490 0.1006329 0.1007831 0.1138934 0.1189266 0.1815624 0.1268428 0.1557386 0.1188191 0.2268461 0.1022975 0.1134268 0.2939942 0.0535263 0.0000000 0.1626572 0.2190458 0.2266741 0.2229854 0.1878274 0.1946233 0.1463350 0.2146078 0.1725353 0.2029115 0.1661769 0.1815624 0.2077529 0.0654482 0.1725353 0.1331059 0.1400001 0.1664324 0.1509692 0.1918985 0.1664324 0.1006329 0.1189266 0.2286539 0.1006329 0.1137940 0.1007831 0.1136946 0.1135258 0.1137940 0.1136946 0.1168093 0.1135258 0.1755268 0.1438982 0.1135258 0.1135258 0.1271396 0.1271396 0.1582632 0.1466860 0.1272490 0.1582632 0.1272490 0.2386718 0.0879574 0.1435187 0.1272490 0.2047411 0.1329014 0.1135258 0.0878789 0.1135954 0.1005440 0.1272490 0.1271396 0.1135954 0.1268428 0.1269518 0.1134268 0.1269518 0.1134268 0.1157618 0.1154841 0.1053036 0.1188919 0.1006329 0.1053036 0.1136946 0.1006329 0.1006329 0.1331059 0.1188191 0.1329875 0.2643593 0.1268428 0.1005440 0.1327832 0.1169868 0.1270609 0.1190761 0.1116476 0.1157949 9.0000000 0.2558537 0.2517783 0.1135258 0.1189266 0.1118106 
XM_020168699_1_PREDICTED_Castor_canadensis_REV3_like_DNA_directed_polymerase_zeta_catalytic_subunit_Rev3l_mRNA_1                                           0.1305988 0.0537538 0.0767933 0.1193689 0.0529338 0.0780635 0.1731972 0.0868476 0.0647413 0.0417093 0.0647413 0.1020498 0.0800261 0.1223758 0.0888730 0.0993830 0.0799509 0.1275780 0.0537538 0.0528854 0.1484022 0.1919978 0.1626572 0.0000000 0.1589266 0.1009004 0.1763934 0.1166722 0.0884576 0.0665857 0.1371075 0.1166722 0.1442536 0.0947428 0.1223758 0.1327060 0.1753843 0.1166722 0.0434258 0.1118315 0.0686425 0.0815475 0.1187498 0.0686425 0.0646822 0.0552377 0.1804525 0.0646822 0.0767933 0.0647413 0.0646822 0.0866440 0.0868476 0.0767237 0.0890861 0.0766089 0.0939383 0.0780635 0.0766089 0.0529639 0.0646822 0.0646822 0.0906185 0.0922447 0.0647413 0.0906185 0.0647413 0.2227235 0.0530125 0.0655899 0.0647413 0.1087526 0.0673882 0.0529639 0.0766089 0.0889528 0.0645858 0.0891662 0.0890861 0.0766089 0.0888730 0.0645858 0.0528854 0.0645858 0.0764944 0.0656895 0.0655292 0.0656895 0.0778509 0.0417093 0.0656895 0.0530125 0.0417093 0.0417093 0.0930536 0.0799509 0.0673474 0.2141050 0.0644896 0.0645858 0.0672430 0.0647413 0.0867203 0.0553076 0.0656082 0.1036278 9.0000000 0.1597202 0.1630539 0.0866440 0.1345159 0.0423176 
XM_027402162_2_PREDICTED_Cricetulus_griseus_REV3_like_DNA_directed_polymerase_zeta_catalytic_subunit_Rev3l_transcript_variant_X5_mRNA_1                    0.0731188 0.0849600 0.1246554 0.1293498 0.0862646 0.1407869 0.0503236 0.1579846 0.1246554 0.0987167 0.1246554 0.1382279 0.1546088 0.0625609 0.1241900 0.1780810 0.1265774 0.2491949 0.0849600 0.1376028 0.3609054 0.2440160 0.2190458 0.1589266 0.0000000 0.2845511 0.1102407 0.0847651 0.2672411 0.1326588 0.0862646 0.0505550 0.0504390 0.1328154 0.0625609 0.0511788 0.2085532 0.0505550 0.1133574 0.1778177 0.1330197 0.1188502 0.0624887 0.1330197 0.1114543 0.1267644 0.1122353 0.1114543 0.1246554 0.1246554 0.1245502 0.1576187 0.1579846 0.1245502 0.1114543 0.1243699 0.1819227 0.1407869 0.1243699 0.1243699 0.0987167 0.0987167 0.1547366 0.1246554 0.1246554 0.1547366 0.1246554 0.2094382 0.0987167 0.1404231 0.1246554 0.2160146 0.1442030 0.1243699 0.1243699 0.1655874 0.1243699 0.1246554 0.0987167 0.1112921 0.1241900 0.0986310 0.1376028 0.1243699 0.1376028 0.0971611 0.0969390 0.0971611 0.0849600 0.0987167 0.0971611 0.1114543 0.1244749 0.1244749 0.1404622 0.1265774 0.1403438 0.1757782 0.1513613 0.1515765 0.1299339 0.1246554 0.1726771 0.1165990 0.1003338 0.1591045 9.0000000 0.2465120 0.2424632 0.1576187 0.2045129 0.1268733 
XM_027848601_1_PREDICTED_Vombatus_ursinus_REV3_like_DNA_directed_polymerase_zeta_catalytic_subunit_REV3L_transcript_variant_X1_mRNA_1                      0.2851042 0.1512942 0.1789576 0.2040641 0.1480894 0.1722046 0.3393165 0.1389802 0.1338742 0.1336679 0.1338742 0.1685001 0.1558202 0.2825520 0.1940593 0.1949385 0.1878861 0.0195214 0.1512942 0.1782797 0.0419601 0.3018942 0.2266741 0.1009004 0.2845511 0.0000000 0.2722684 0.2668927 0.0297796 0.1389842 0.3019347 0.2668927 0.2663535 0.1434626 0.2825520 0.2922680 0.2830933 0.2668927 0.1403016 0.1646556 0.1760008 0.1929537 0.2739503 0.1760008 0.1633672 0.1558202 0.3190747 0.1633672 0.1789576 0.1338742 0.1633672 0.1665947 0.1389802 0.1788086 0.1839841 0.1785439 0.2112168 0.1722046 0.1785439 0.1785439 0.1633672 0.1633672 0.1883357 0.1930295 0.1528409 0.1883357 0.1528409 0.3819404 0.1483156 0.1362405 0.1338742 0.2057181 0.2046634 0.1785439 0.1785439 0.1631213 0.1631213 0.1635069 0.1944983 0.1785439 0.1940593 0.1631213 0.1782797 0.1335488 0.1479600 0.1669297 0.1361168 0.1560205 0.1717326 0.1336679 0.1560205 0.1483156 0.1336679 0.1336679 0.2048335 0.1878861 0.1715157 0.2541951 0.1628758 0.1631213 0.1508686 0.1528409 0.1252640 0.1560205 0.1310169 0.1827826 9.0000000 0.2051596 0.2211962 0.1665947 0.1989372 0.1038449 
XM_016002785_1_PREDICTED_Peromyscus_maniculatus_bairdii_REV3_like_DNA_directed_polymerase_zeta_catalytic_subunit_Rev3l_transcript_variant_X1_mRNA_1        0.1234858 0.1369447 0.1830048 0.2236388 0.1394560 0.2026276 0.0733166 0.2236388 0.1830048 0.1536428 0.1830048 0.1982888 0.1919826 0.1123638 0.1532947 0.2477179 0.1761830 0.2363771 0.1369447 0.1393389 0.3496403 0.2983113 0.2229854 0.1763934 0.1102407 0.2722684 0.0000000 0.1104003 0.2914894 0.1678364 0.1394560 0.0977777 0.0975520 0.1964771 0.1123638 0.0501520 0.2603438 0.0977777 0.1763294 0.2035768 0.2025745 0.2025745 0.0611977 0.2025745 0.1680758 0.1919826 0.0192814 0.1680758 0.1830048 0.1830048 0.1828610 0.2231567 0.2236388 0.1828610 0.1680758 0.1826048 0.2293131 0.2026276 0.1826048 0.1535162 0.1536428 0.1536428 0.2182835 0.1830048 0.1830048 0.2182835 0.1830048 0.2235265 0.1536428 0.1645881 0.1830048 0.2831849 0.1761830 0.1535162 0.1535162 0.1679404 0.1535162 0.1538651 0.1536428 0.1394560 0.1532947 0.1678364 0.1393389 0.1535162 0.1393389 0.1507692 0.1234858 0.1507692 0.1369447 0.1536428 0.1507692 0.1680758 0.1536428 0.1536428 0.1919826 0.1761830 0.1918274 0.2212392 0.1677012 0.1679404 0.1279349 0.1830048 0.2069969 0.1612562 0.1866069 0.1868737 9.0000000 0.2679452 0.2826626 0.2231567 0.2181188 0.1716428 
XM_029482641_1_PREDICTED_Mus_caroli_REV3_like_DNA_directed_polymerase_zeta_catalytic_subunit_Rev3l_mRNA_1                                                  0.0095200 0.0850822 0.1248364 0.1582185 0.0863908 0.1409936 0.0727834 0.1436421 0.1248364 0.0988611 0.1248364 0.1663164 0.1740323 0.0404367 0.1243699 0.1333908 0.1444182 0.2321537 0.0850822 0.1113589 0.3411654 0.2196045 0.1878274 0.1166722 0.0847651 0.2668927 0.1104003 0.0000000 0.2498707 0.1433043 0.0195922 0.0294400 0.0505106 0.1624922 0.0404367 0.0741094 0.1859123 0.0294400 0.1304394 0.1994406 0.1520965 0.1370573 0.0625794 0.1520965 0.1116169 0.1446338 0.1124010 0.1116169 0.1248364 0.1248364 0.0988611 0.1433043 0.1436421 0.1247310 0.1116169 0.1245502 0.1616378 0.1409936 0.1245502 0.0987752 0.0988611 0.0988611 0.1549611 0.1248364 0.1248364 0.1549611 0.1248364 0.2097349 0.0988611 0.1406290 0.1248364 0.2266147 0.1165288 0.0987752 0.1245502 0.1379148 0.1245502 0.1248364 0.0744773 0.1114543 0.1243699 0.1245502 0.1113589 0.1245502 0.1378006 0.0973008 0.0970781 0.0973008 0.0850822 0.0988611 0.0973008 0.1116169 0.0988611 0.0988611 0.1304394 0.1444182 0.1589713 0.2404407 0.1515765 0.1517922 0.1301295 0.1248364 0.1579846 0.1167759 0.1268733 0.1694944 9.0000000 0.2307054 0.2260128 0.1433043 0.2047973 0.1270609 
XM_007484437_2_PREDICTED_Monodelphis_domestica_REV3_like_DNA_directed_polymerase_zeta_catalytic_subunit_REV3L_transcript_variant_X1_mRNA_1                 0.2677813 0.1366701 0.1640008 0.1712826 0.1338742 0.1567066 0.3211242 0.1258124 0.1199932 0.1198067 0.1199932 0.1534538 0.1407530 0.2644336 0.1788086 0.1490303 0.1720527 0.0512881 0.1366701 0.1633672 0.0773269 0.2645980 0.1946233 0.0884576 0.2672411 0.0297796 0.2914894 0.2498707 0.0000000 0.1548637 0.2835044 0.2498707 0.2493472 0.1283729 0.2644336 0.2743129 0.2464180 0.2498707 0.1256483 0.1486080 0.1600276 0.1765644 0.2563064 0.1600276 0.1487696 0.1407530 0.3001024 0.1487696 0.1640008 0.1199932 0.1487696 0.1528562 0.1258124 0.1638606 0.1686124 0.1636136 0.1931430 0.1567066 0.1636136 0.1636136 0.1487696 0.1487696 0.1724743 0.1766339 0.1381725 0.1724743 0.1381725 0.3935340 0.1340810 0.1220203 0.1199932 0.1882822 0.1884631 0.1636136 0.1636136 0.1485423 0.1485423 0.1488998 0.1792231 0.1636136 0.1788086 0.1485423 0.1633672 0.1196979 0.1337548 0.1519022 0.1219075 0.1409365 0.1562686 0.1198067 0.1409365 0.1340810 0.1198067 0.1198067 0.1886248 0.1720527 0.1560678 0.3003344 0.1483156 0.1485423 0.1558202 0.1381725 0.1124280 0.1409365 0.1175120 0.1673815 9.0000000 0.1889312 0.2045290 0.1528562 0.2054477 0.0910325 
XM_013032823_1_PREDICTED_Dipodomys_ordii_REV3_like_polymerase_DNA_directed_zeta_catalytic_subunit_Rev3l_mRNA_1                                             0.1475629 0.0417076 0.0639517 0.1044135 0.0411043 0.0649561 0.1767367 0.0911861 0.0523900 0.0303513 0.0523900 0.0780165 0.0790626 0.1246503 0.0756001 0.1217146 0.0665030 0.1391129 0.0417076 0.0637049 0.1977093 0.1506563 0.1463350 0.0665857 0.1326588 0.1389842 0.1678364 0.1433043 0.1548637 0.0000000 0.1552455 0.1187082 0.1469862 0.0655878 0.1246503 0.1163193 0.1358700 0.1187082 0.0428390 0.0905629 0.0677680 0.0677680 0.1030974 0.0677680 0.0523423 0.0545166 0.1714544 0.0523423 0.0639517 0.0523900 0.0638937 0.0909610 0.0911861 0.0638937 0.0757807 0.0637992 0.0955236 0.0649561 0.0637992 0.0637992 0.0523423 0.0523423 0.0770204 0.0783336 0.0523900 0.0770204 0.0523900 0.2281657 0.0411643 0.0405674 0.0523900 0.1037860 0.0789897 0.0637992 0.0637992 0.0879574 0.0522654 0.0758490 0.0757807 0.0637992 0.0756001 0.0637992 0.0637049 0.0522654 0.0637049 0.0531149 0.0529867 0.0531149 0.0647808 0.0303513 0.0531149 0.0411643 0.0523129 0.0523129 0.0790626 0.0665030 0.0789897 0.1645404 0.0637049 0.0637992 0.0664007 0.0523900 0.0910452 0.0545850 0.0530500 0.0866931 9.0000000 0.1865925 0.1970611 0.0909610 0.1190343 0.0417573 
XM_029542499_1_PREDICTED_Mus_pahari_REV3_like_DNA_directed_polymerase_zeta_catalytic_subunit_Rev3l_transcript_variant_X1_mRNA_1                            0.0096508 0.1016545 0.1450987 0.1824203 0.1033768 0.1631213 0.0740216 0.1665283 0.1450987 0.1169132 0.1450987 0.1598424 0.1994966 0.0193660 0.1445419 0.1558795 0.1672931 0.2642693 0.1016545 0.1304394 0.3841091 0.2403085 0.2146078 0.1371075 0.0862646 0.3019347 0.1394560 0.0195922 0.2835044 0.1552455 0.0000000 0.0298749 0.0513117 0.1765566 0.0193660 0.0753995 0.2031696 0.0298749 0.1520965 0.2284370 0.1768371 0.1603941 0.0636301 0.1768371 0.1307504 0.1675492 0.1422578 0.1307504 0.1450987 0.1450987 0.1169132 0.1661282 0.1665283 0.1449743 0.1409936 0.1447578 0.1867922 0.1631213 0.1447578 0.1168093 0.1169132 0.1169132 0.1782797 0.1450987 0.1450987 0.1782797 0.1450987 0.1897827 0.1169132 0.1626901 0.1450987 0.2467878 0.1369333 0.1168093 0.1447578 0.1592379 0.1447578 0.1450987 0.0904803 0.1305534 0.1445419 0.1447578 0.1304394 0.1447578 0.1591045 0.1148822 0.1146111 0.1148822 0.1016545 0.1169132 0.1148822 0.1307504 0.1169132 0.1169132 0.1520965 0.1672931 0.1831238 0.2823433 0.1740323 0.1742849 0.1517262 0.1450987 0.1821450 0.1372317 0.1477346 0.1835533 9.0000000 0.2603018 0.2566586 0.1661282 0.2328425 0.1479600 
