146
NM_011264_3_Mus_musculus_REV3_like_DNA_directed_polymerase_zeta_catalytic_subunit_Rev3l_mRNA_1                                                             0.0000000 0.1584439 0.1349556 0.1540228 0.1546713 0.1493531 0.0867551 0.1886747 0.1356086 0.1490418 0.1644792 0.1404401 0.1394497 0.0832150 0.1674860 0.1198034 0.1607469 0.3039485 0.1584439 0.1498226 0.2780647 0.2092592 0.1512034 0.1265722 0.0780953 0.2881310 0.0879525 3.8048083 0.3025046 0.1501344 0.0230727 0.0463517 0.0480749 0.1512359 0.0809244 0.0865127 0.3224874 0.0481475 0.1667654 0.1524183 0.1372459 0.1348022 0.0865764 0.1356338 0.1276876 0.1590056 0.0830386 0.1278758 0.1301341 0.1417129 0.1349556 0.1593124 0.1301341 0.1301341 0.1343826 0.1987219 0.1923728 0.1810842 0.1381542 0.1530873 0.1395145 0.1365557 0.1368558 0.1368558 0.1506252 0.1517743 0.1493531 0.1546596 0.2592139 0.1324511 0.1566487 0.1419139 0.1513482 0.1336486 0.1494869 0.1557940 0.1319065 0.1520504 0.1464606 0.1415008 0.1356475 0.1391827 0.1356475 0.1334551 0.1513482 0.1362514 0.1331584 0.2012078 0.1285110 0.1765072 0.1407633 0.1356086 0.2066170 0.1286217 0.1502303 0.1462598 0.1738329 0.1783899 0.1648421 0.1695112 0.1330401 0.1444160 0.1415008 0.1309758 0.1731564 0.1812441 0.1703512 0.1703878 0.1770906 0.1460315 0.1523867 0.2559797 0.2757851 0.1532307 0.1558300 0.1669658 0.1532307 0.2198512 0.1598394 0.1533691 0.1381879 0.1533691 0.1465042 0.1558300 0.1606636 0.1465042 0.1490418 9.0000000 0.1542160 0.1718127 0.1577691 0.2186845 0.1234811 0.1309058 0.1572740 0.1399091 0.1814518 0.1572452 0.1345873 0.1635898 0.1391414 0.3697776 0.3683580 0.1741480 0.1502695 0.1363240 
XM_028847034_1_PREDICTED_Macaca_mulatta_REV3_like_DNA_directed_polymerase_zeta_catalytic_subunit_REV3L_transcript_variant_X1_mRNA_1                        0.1584439 0.0000000 0.0713043 0.0879274 0.0197413 0.1020186 0.1400461 0.1159640 0.0805511 0.0197005 0.0870792 0.0742117 0.1190594 0.2071492 0.1014288 0.1316749 0.0360551 0.2874441 0.0000010 0.0921004 0.2491858 0.1669516 0.1133934 0.0826426 0.1448965 0.2740360 0.1590142 8.9999982 0.3035164 0.1393578 0.1562791 0.1674259 0.1799490 0.1600879 0.2035089 0.1539910 0.2968353 0.1619653 0.1355488 0.1311177 0.0903053 0.0881463 0.1541288 0.0857931 0.0859336 0.1267313 0.1527409 0.0855017 0.0880771 0.0910387 0.0713043 0.0891179 0.0922619 0.0880771 0.0671161 0.1256634 0.1235449 0.1238611 0.0905896 0.1057551 0.0713459 0.0689877 0.0691440 0.0691440 0.1045881 0.1041896 0.1020186 0.1021597 0.1759975 0.0733713 0.0913016 0.0825267 0.0926506 0.0715599 0.1033208 0.1007276 0.0760453 0.0965330 0.0884451 0.0802563 0.0800448 0.0773832 0.0800448 0.0819799 0.0926506 0.0739274 0.0778228 0.1539563 0.0735918 0.1122293 0.0860346 0.0805511 0.1226393 0.0795082 0.0946740 0.1122447 0.1157894 0.1167988 0.0966233 0.1206569 0.0762810 0.1006353 0.0802563 0.0756698 0.1136716 0.1175613 0.1013495 0.0987759 0.1090203 0.0777753 0.0899422 0.2282248 0.2310034 0.0031818 0.0015864 0.0080444 0.0063924 0.0679148 0.0197352 0.0063958 0.0708317 0.0096373 0.0180074 0.0015864 0.0284651 0.0180278 0.0163422 9.0000000 0.0317707 0.0409640 0.0353849 0.1712545 0.0662977 0.0683426 0.0949111 0.0930718 0.1593052 0.1063363 0.0797723 0.0819743 0.0817911 0.3037158 0.2988689 0.1036831 0.0665080 0.0887305 
XM_014118216_3_PREDICTED_Canis_lupus_familiaris_REV3_like_DNA_directed_polymerase_zeta_catalytic_subunit_REV3L_transcript_variant_X1_mRNA_1                0.1349556 0.0713043 0.0000000 0.0789775 0.0686984 0.0816395 0.1293606 0.0680145 0.0562986 0.0685270 0.0416324 0.0700942 0.1026242 0.1825104 0.0794568 0.1032782 0.0751276 0.2874569 0.0713043 0.0850091 0.2231027 0.1644082 0.0952636 0.0718258 0.1342059 0.2402516 0.1404647 8.9999982 0.2738298 0.1212474 0.1350415 0.1505261 0.1549300 0.1455734 0.1792006 0.1359603 0.2957343 0.1407096 0.1192095 0.1138726 0.0830433 0.0809491 0.1360756 0.0828477 0.0559886 0.1079380 0.1392988 0.0825718 0.0540780 0.0623812 0.0000010 0.0434421 0.0578333 0.0540780 0.0214770 0.0806220 0.0743318 0.0804852 0.0600642 0.0738457 0.0319421 0.0249106 0.0231957 0.0231957 0.0906388 0.0836904 0.0816395 0.0840370 0.1092004 0.0285210 0.0453159 0.0713664 0.0812778 0.0303340 0.0912007 0.0844513 0.0574468 0.0846968 0.0772190 0.0711315 0.0611747 0.0633074 0.0611747 0.0590582 0.0812778 0.0593280 0.0591928 0.1400596 0.0630251 0.0887806 0.0668340 0.0562986 0.1125281 0.0694060 0.0922384 0.1045773 0.0989799 0.1020105 0.0954993 0.1057633 0.0562025 0.0869557 0.0711315 0.0610357 0.0994891 0.0893567 0.0793988 0.0858633 0.0864156 0.0706536 0.0829094 0.2041582 0.2134281 0.0713043 0.0692618 0.0777486 0.0712028 0.1426824 0.0727394 0.0712535 0.0603099 0.0711522 0.0705450 0.0692618 0.0751677 0.0626297 0.0606554 9.0000000 0.0709127 0.0817858 0.0770197 0.1642235 0.0599532 0.0601213 0.0728574 0.0675378 0.1411337 0.0984714 0.0628874 0.0689578 0.0648047 0.2965794 0.2874667 0.0581054 0.0583255 0.0757459 
XM_021091238_1_PREDICTED_Sus_scrofa_REV3_like_DNA_directed_polymerase_zeta_catalytic_subunit_REV3L_transcript_variant_X1_mRNA_1                            0.1540228 0.0879274 0.0789775 0.0000000 0.0826886 0.0778276 0.1515578 0.1171650 0.0758602 0.0872059 0.0944091 0.0809077 0.1166114 0.1852256 0.0930548 0.1510579 0.0969295 0.3131117 0.0879274 0.0900388 0.2414981 0.1670487 0.1180211 0.0999070 0.1531456 0.2759472 0.1600035 8.9999982 0.2864470 0.1354639 0.1570278 0.1603460 0.1618879 0.1665508 0.1839947 0.1572616 0.2958628 0.1627362 0.1314100 0.1240681 0.1031240 0.1008576 0.1624778 0.0983520 0.0836180 0.1248620 0.1571866 0.0979999 0.0857913 0.0868305 0.0789775 0.1011416 0.0900388 0.0857913 0.0642411 0.1234706 0.1248542 0.1248885 0.0883313 0.1020363 0.0725506 0.0661316 0.0662841 0.0662841 0.0934021 0.0798672 0.0778276 0.0843211 0.1443633 0.0705380 0.1034644 0.0722497 0.0763229 0.0727726 0.0891191 0.0847380 0.0579059 0.0807009 0.0722497 0.0694880 0.0632432 0.0656951 0.0632432 0.0613872 0.0763229 0.0595349 0.0572915 0.1596234 0.0613872 0.1053068 0.0904476 0.0758602 0.1249400 0.0677567 0.0956400 0.1022008 0.1147596 0.1106670 0.0966544 0.1145972 0.0699443 0.0972200 0.0694880 0.0593989 0.1171737 0.1060748 0.0929819 0.0999315 0.0980915 0.0819056 0.0878432 0.2477329 0.2486429 0.0879274 0.0857403 0.0948781 0.0921983 0.1711427 0.0918055 0.0922699 0.0698448 0.0921268 0.0893845 0.0857403 0.0925046 0.0851690 0.0830124 9.0000000 0.0898605 0.0993151 0.0964622 0.1755173 0.0681733 0.0724224 0.0834285 0.0801452 0.1541659 0.0984597 0.0796985 0.0861875 0.0837398 0.3011571 0.2920623 0.1122363 0.0724422 0.0873650 
NM_001372078_1_Homo_sapiens_REV3_like_DNA_directed_polymerase_zeta_catalytic_subunit_REV3L_transcript_variant_4_mRNA_1                                     0.1546713 0.0197413 0.0686984 0.0826886 0.0000000 0.0879734 0.1365385 0.1126483 0.0720668 0.0031879 0.0905976 0.0698988 0.1156772 0.1933217 0.0964605 0.1260546 0.0287395 0.2689239 0.0197413 0.0833431 0.2351826 0.1565607 0.0995100 0.0741027 0.1365771 0.2530457 0.1503298 8.9999982 0.2873763 0.1311098 0.1525289 0.1586616 0.1708127 0.1485922 0.1898670 0.1407759 0.2943898 0.1533230 0.1251532 0.1229974 0.0832481 0.0769841 0.1408985 0.0788761 0.0831072 0.1166862 0.1392184 0.0746125 0.0852182 0.0862208 0.0686984 0.0926339 0.0893440 0.0852182 0.0645744 0.1170071 0.1200982 0.1158959 0.0876827 0.1070922 0.0726991 0.0664227 0.0665723 0.0665723 0.0947457 0.0900558 0.0879734 0.0880787 0.1735749 0.0707319 0.0948207 0.0778592 0.0835733 0.0729165 0.0953446 0.0885148 0.0692739 0.0844628 0.0794793 0.0711508 0.0709707 0.0731824 0.0709707 0.0728514 0.0835733 0.0650559 0.0688410 0.1481865 0.0687826 0.1027666 0.0813399 0.0720668 0.1075084 0.0752764 0.0898291 0.1072627 0.1105192 0.1070573 0.0918937 0.1108542 0.0679284 0.1000707 0.0711508 0.0667663 0.1103959 0.1079229 0.0963866 0.0940196 0.1038780 0.0751172 0.0812403 0.2236518 0.2263859 0.0197413 0.0180444 0.0215350 0.0197187 0.0778939 0.0096883 0.0197300 0.0625610 0.0231248 0.0047953 0.0180444 0.0180602 0.0113038 0.0096616 9.0000000 0.0247101 0.0336220 0.0282166 0.1754982 0.0544203 0.0563745 0.0858917 0.0882310 0.1583069 0.1057278 0.0751946 0.0815356 0.0731577 0.3056192 0.2921647 0.1005842 0.0583822 0.0839632 
XM_024996589_1_PREDICTED_Bos_taurus_REV3_like_DNA_directed_polymerase_zeta_catalytic_subunit_REV3L_transcript_variant_X1_mRNA_1                            0.1493531 0.1020186 0.0816395 0.0778276 0.0879734 0.0000000 0.1430530 0.1186555 0.0810242 0.0881873 0.1034343 0.0791571 0.1271324 0.1768238 0.1151743 0.1404694 0.0848243 0.3009336 0.1020186 0.0926465 0.2433780 0.1710747 0.1099692 0.1044345 0.1487927 0.2609475 0.1533308 9.0000000 0.2903830 0.1303278 0.1543114 0.1605629 0.1638730 0.1507692 0.1735412 0.1487196 0.3025454 0.1528665 0.1295703 0.1322348 0.0989011 0.0966990 0.1536835 0.0900854 0.0861217 0.1285963 0.1366405 0.0897758 0.0839883 0.0894583 0.0816395 0.1009985 0.0881350 0.0839883 0.0751075 0.1303923 0.1215230 0.1238786 0.0909223 0.1017952 0.0835234 0.0770015 0.0771744 0.0771744 0.0319653 0.0015871 0.0000010 0.0047973 0.1978722 0.0774302 0.0987415 0.0732521 0.0830574 0.0837846 0.0197873 0.0146843 0.0600561 0.0147132 0.0789981 0.0617839 0.0575935 0.0599056 0.0575935 0.0558081 0.0830574 0.0558081 0.0594346 0.1658679 0.0558081 0.1084908 0.0926486 0.0810242 0.1195682 0.0580713 0.1026106 0.0952144 0.1162940 0.1196129 0.1106931 0.1187468 0.0827185 0.0992806 0.0617839 0.0539055 0.1306364 0.1273076 0.1150811 0.1178096 0.1231373 0.0904983 0.0948302 0.2138296 0.2180979 0.0975513 0.0997783 0.1047785 0.1018582 0.1845631 0.0971384 0.1019383 0.0704928 0.0974755 0.0903447 0.0997783 0.0935143 0.0903447 0.0925149 9.0000000 0.0822218 0.1000268 0.0886015 0.1732740 0.0665941 0.0667879 0.0948302 0.0979901 0.1523019 0.1108999 0.0799441 0.0997993 0.0833599 0.3105524 0.3081492 0.1067848 0.0771741 0.0922145 
XM_040758199_1_PREDICTED_Mesocricetus_auratus_REV3_like_DNA_directed_polymerase_zeta_catalytic_subunit_Rev3l_transcript_variant_X1_mRNA_1                  0.0867551 0.1400461 0.1293606 0.1515578 0.1365385 0.1430530 0.0000000 0.1666293 0.1206499 0.1312114 0.1508436 0.1233968 0.1299277 0.1245912 0.1644247 0.1082552 0.1375153 0.2987879 0.1400461 0.1413091 0.2946842 0.1923873 0.1229766 0.0966358 0.0214550 0.3179837 0.0718490 8.9999982 0.3330740 0.1284707 0.0808181 0.0846451 0.0913996 0.1241980 0.1218921 0.0526498 0.3266653 0.0843967 0.1484626 0.1579038 0.1187057 0.1208669 0.0526845 0.1091048 0.1336337 0.1342913 0.0510432 0.1087034 0.1360925 0.1429535 0.1293606 0.1479680 0.1408075 0.1360925 0.1287258 0.1788273 0.1751958 0.1823693 0.1394024 0.1492728 0.1337536 0.1308657 0.1311533 0.1311533 0.1449714 0.1454313 0.1430530 0.1488819 0.2348018 0.1268072 0.1453814 0.1413078 0.1428444 0.1342595 0.1467633 0.1527282 0.1304277 0.1442343 0.1380630 0.1399091 0.1347266 0.1376168 0.1347266 0.1319661 0.1428444 0.1325513 0.1322582 0.2015953 0.1270820 0.1526036 0.1395543 0.1206499 0.1861033 0.1365518 0.1409182 0.1324098 0.1691733 0.1721340 0.1434663 0.1575949 0.1182081 0.1373433 0.1399091 0.1295169 0.1698708 0.1729680 0.1621539 0.1623227 0.1738917 0.1415455 0.1438082 0.2415049 0.2666621 0.1350587 0.1375452 0.1433071 0.1398012 0.2218466 0.1414840 0.1377285 0.1243126 0.1447068 0.1287834 0.1375452 0.1424662 0.1334248 0.1358754 9.0000000 0.1288927 0.1430309 0.1321073 0.2059528 0.1066994 0.1068947 0.1438082 0.1487382 0.1928546 0.1580455 0.1220849 0.1549435 0.1355728 0.3392463 0.3292314 0.1577904 0.1272814 0.1319395 
XM_004753515_2_PREDICTED_Mustela_putorius_furo_REV3_like_polymerase_DNA_directed_zeta_catalytic_subunit_REV3L_transcript_variant_X1_mRNA_1                 0.1886747 0.1159640 0.0680145 0.1171650 0.1126483 0.1186555 0.1666293 0.0000000 0.1050928 0.1123223 0.0912575 0.1115717 0.1549179 0.2020824 0.1069578 0.1507521 0.1161941 0.3146061 0.1159640 0.1240038 0.2722982 0.2060815 0.1185047 0.1181921 0.1741943 0.2840524 0.1843037 8.9999981 0.3055009 0.1602517 0.1819702 0.1896984 0.1951496 0.1732856 0.1931517 0.1684819 0.3517844 0.1891242 0.1591854 0.1593874 0.1125945 0.1101316 0.1686382 0.1077519 0.0935518 0.1543223 0.1882503 0.1117053 0.0913969 0.0968687 0.0680145 0.0933073 0.0955739 0.0913969 0.0644023 0.0377274 0.0080376 0.1216296 0.0940625 0.0999352 0.0743151 0.0683466 0.0663924 0.0663924 0.1121731 0.1209178 0.1186555 0.1160853 0.1663871 0.0666033 0.0955096 0.1116983 0.1226410 0.0727102 0.1228176 0.1221241 0.1048012 0.1204116 0.1181264 0.1092073 0.1090668 0.1116698 0.1090668 0.1111230 0.1226410 0.1024671 0.1066061 0.1454999 0.1065387 0.1195501 0.1156406 0.1050928 0.1533447 0.1140525 0.1217436 0.1202853 0.1267771 0.1374547 0.1107893 0.1325230 0.1067978 0.1073253 0.1092073 0.1042670 0.1142951 0.1110562 0.1068739 0.1094888 0.1100438 0.1195776 0.1216540 0.1883758 0.1923924 0.1159640 0.1136357 0.1188950 0.1157744 0.1967400 0.1172454 0.1158691 0.0947049 0.1156799 0.1146187 0.1136357 0.1135701 0.1056797 0.1034319 9.0000000 0.1087472 0.1212239 0.1123346 0.1763149 0.0937114 0.0977213 0.1131584 0.1165753 0.1560497 0.1431072 0.1018332 0.1179131 0.1185695 0.3255354 0.3419275 0.0165904 0.1006832 0.1148759 
XM_015600069_2_PREDICTED_Pteropus_alecto_REV3_like_DNA_directed_polymerase_zeta_catalytic_subunit_REV3L_transcript_variant_X1_mRNA_1                       0.1356086 0.0805511 0.0562986 0.0758602 0.0720668 0.0810242 0.1206499 0.1050928 0.0000000 0.0718865 0.0821065 0.0678366 0.1035132 0.1782988 0.0786327 0.1245252 0.0708127 0.2934581 0.0805511 0.0701994 0.2414360 0.1574555 0.0928404 0.0733597 0.1254058 0.2652401 0.1310707 8.9999982 0.2767412 0.1182544 0.1403914 0.1415758 0.1557170 0.1436485 0.1773356 0.1412721 0.2977093 0.1411509 0.1141933 0.1151632 0.0765052 0.0703943 0.1413936 0.0722565 0.0657913 0.1026187 0.1229569 0.0720247 0.0677714 0.0685270 0.0562986 0.0841078 0.0716657 0.0677714 0.0506903 0.1143312 0.1097907 0.1034793 0.0700244 0.0891717 0.0581609 0.0524768 0.0525952 0.0525952 0.0815666 0.0830587 0.0810242 0.0833998 0.1679024 0.0565358 0.0862431 0.0666969 0.0723407 0.0585868 0.0948619 0.0838079 0.0608375 0.0798136 0.0684028 0.0665232 0.0606827 0.0627956 0.0606827 0.0585856 0.0723407 0.0588513 0.0625730 0.1232833 0.0585856 0.0831141 0.0624577 0.0000010 0.1015972 0.0630061 0.0830455 0.0866745 0.0938535 0.0877086 0.0849406 0.0770770 0.0164079 0.0811229 0.0665232 0.0566370 0.0984176 0.0893951 0.0785761 0.0808937 0.0855028 0.0721067 0.0681950 0.2111902 0.2291932 0.0764211 0.0784801 0.0830136 0.0804345 0.1564715 0.0761116 0.0804928 0.0468589 0.0803763 0.0739067 0.0784801 0.0744469 0.0658962 0.0678814 9.0000000 0.0645306 0.0769493 0.0704953 0.1695822 0.0445418 0.0465883 0.0660999 0.0691161 0.1415857 0.0981422 0.0663007 0.0705233 0.0684783 0.2874815 0.2785824 0.0912907 0.0505448 0.0735575 
XM_016956167_2_PREDICTED_Pan_troglodytes_REV3_like_DNA_directed_polymerase_zeta_catalytic_subunit_REV3L_transcript_variant_X1_mRNA_1                       0.1490418 0.0197005 0.0685270 0.0872059 0.0031879 0.0881873 0.1312114 0.1123223 0.0718865 0.0000000 0.0903521 0.0657515 0.1107251 0.1996692 0.0961962 0.1209069 0.0251554 0.2701631 0.0197005 0.0789450 0.2361709 0.1508135 0.0948197 0.0739161 0.1312364 0.2541401 0.1498360 8.9999982 0.2887153 0.1259677 0.1469221 0.1530136 0.1649142 0.1431583 0.1961352 0.1353999 0.2845162 0.1477590 0.1199681 0.1179326 0.0834459 0.0813390 0.1355161 0.0790598 0.0828897 0.1116851 0.1338340 0.0747830 0.0849936 0.0859902 0.0685270 0.0880619 0.0891057 0.0849936 0.0644157 0.1220170 0.1197418 0.1155545 0.0874489 0.1023401 0.0725153 0.0662587 0.0664075 0.0664075 0.0994010 0.0902764 0.0881873 0.0882934 0.1792849 0.0705541 0.0902154 0.0776565 0.0833531 0.0727314 0.0955855 0.0887319 0.0672412 0.0846673 0.0792724 0.0713125 0.0711315 0.0733502 0.0711315 0.0730175 0.0833531 0.0651999 0.0689953 0.1426873 0.0689368 0.0980698 0.0769598 0.0718865 0.1026355 0.0754506 0.0895881 0.1024993 0.1056638 0.1022188 0.0916458 0.1059809 0.0677611 0.0953396 0.0713125 0.0669147 0.1055573 0.1076160 0.0961227 0.0937647 0.1035848 0.0708319 0.0810286 0.2168320 0.2195088 0.0197005 0.0180074 0.0214901 0.0196781 0.0776501 0.0096691 0.0196893 0.0624085 0.0230767 0.0015864 0.0180074 0.0180231 0.0112813 0.0096426 9.0000000 0.0246587 0.0335492 0.0247028 0.1696074 0.0542920 0.0524081 0.0856633 0.0837289 0.1525714 0.1008633 0.0709100 0.0813219 0.0688994 0.3041069 0.2907383 0.1003055 0.0582424 0.0795212 
XM_034668992_1_PREDICTED_Ailuropoda_melanoleuca_REV3_like_DNA_directed_polymerase_zeta_catalytic_subunit_REV3L_transcript_variant_X1_mRNA_1                0.1644792 0.0870792 0.0416324 0.0944091 0.0905976 0.1034343 0.1508436 0.0912575 0.0821065 0.0903521 0.0000000 0.0821561 0.1243297 0.2030103 0.1036216 0.1387299 0.1000641 0.3171643 0.0870792 0.1044983 0.2624807 0.1696163 0.1206913 0.0947773 0.1562023 0.2807257 0.1601396 8.9999982 0.3161363 0.1401002 0.1622613 0.1758566 0.1839997 0.1511629 0.1993425 0.1482951 0.3087887 0.1651549 0.1485919 0.1414334 0.1089682 0.1066847 0.1484278 0.0998153 0.0735199 0.1453896 0.1587397 0.1037670 0.0714598 0.0764704 0.0416324 0.0080830 0.0754829 0.0714598 0.0400024 0.1004049 0.0982714 0.0865601 0.0739104 0.0844398 0.0512841 0.0437160 0.0418677 0.0418677 0.1086018 0.1056381 0.1034343 0.1061157 0.1059214 0.0457679 0.0097272 0.0904233 0.1010110 0.0496462 0.1188500 0.1043534 0.0712218 0.1070145 0.0966590 0.0856094 0.0792846 0.0816301 0.0792846 0.0769723 0.1010110 0.0730880 0.0730261 0.1792205 0.0769723 0.1065646 0.0980151 0.0821065 0.1392545 0.0882140 0.1038309 0.1217193 0.1108073 0.1093893 0.1051819 0.1185541 0.0862062 0.1122263 0.0856094 0.0748552 0.1136467 0.1097878 0.1035387 0.1106531 0.1114133 0.0808861 0.1022421 0.2186635 0.2253425 0.0870792 0.0849174 0.0939457 0.0913016 0.1813028 0.0949428 0.0870132 0.0781819 0.0932161 0.0925225 0.0849174 0.0957324 0.0840422 0.0819186 9.0000000 0.0930089 0.0976065 0.0953027 0.1778564 0.0777033 0.0801694 0.0983633 0.0923929 0.1653957 0.1251570 0.0831039 0.0914589 0.0912784 0.3126024 0.3088895 0.0822675 0.0774098 0.0943120 
XM_006157005_3_PREDICTED_Tupaia_chinensis_REV3_like_DNA_directed_polymerase_zeta_catalytic_subunit_REV3L_transcript_variant_X3_mRNA_1                      0.1404401 0.0742117 0.0700942 0.0809077 0.0698988 0.0791571 0.1233968 0.1115717 0.0678366 0.0657515 0.0821561 0.0000000 0.1025175 0.1756852 0.0916542 0.1136222 0.0718199 0.2840451 0.0742117 0.0764309 0.2381628 0.1462045 0.0886230 0.0719075 0.1282041 0.2555358 0.1334470 8.9999982 0.2765594 0.1015793 0.1355856 0.1345417 0.1431440 0.1399506 0.1724156 0.1201258 0.2825414 0.1295299 0.1147591 0.1159190 0.0747058 0.0767652 0.1202249 0.0664429 0.0704763 0.1168240 0.1213658 0.0662330 0.0684590 0.0774812 0.0700942 0.0799205 0.0724029 0.0684590 0.0618440 0.1236099 0.1143143 0.1068069 0.0770662 0.0953397 0.0723643 0.0661233 0.0662716 0.0662716 0.0904161 0.0811901 0.0791571 0.0796005 0.1964223 0.0704078 0.0778192 0.0748219 0.0846087 0.0725794 0.0866334 0.0759036 0.0671016 0.0844819 0.0805548 0.0710617 0.0669275 0.0691040 0.0669275 0.0647713 0.0846087 0.0610735 0.0688520 0.1399066 0.0647713 0.0896065 0.0745166 0.0678366 0.1105086 0.0734438 0.0941813 0.0895006 0.0986693 0.0894564 0.0914451 0.0950402 0.0637690 0.0866712 0.0710617 0.0627782 0.1078017 0.1028989 0.0915852 0.0940441 0.0989044 0.0706346 0.0784890 0.2114854 0.2200832 0.0742117 0.0721808 0.0766002 0.0781972 0.1490608 0.0739124 0.0741591 0.0545062 0.0781411 0.0677327 0.0721808 0.0781002 0.0717299 0.0697255 9.0000000 0.0719988 0.0846321 0.0780533 0.1511069 0.0538758 0.0502386 0.0789887 0.0793437 0.1430454 0.0941284 0.0725830 0.0765514 0.0661912 0.2814032 0.2704128 0.1001388 0.0640408 0.0820426 
XM_013069186_2_PREDICTED_Heterocephalus_glaber_REV3_like_DNA_directed_polymerase_zeta_catalytic_subunit_Rev3l_transcript_variant_X1_mRNA_1                 0.1394497 0.1190594 0.1026242 0.1166114 0.1156772 0.1271324 0.1299277 0.1549179 0.1035132 0.1107251 0.1243297 0.1025175 0.0000000 0.1946262 0.1274013 0.1072683 0.1219092 0.3467112 0.1190594 0.1190277 0.2854937 0.1959862 0.1458871 0.0813305 0.1270243 0.3048758 0.1394615 8.9999981 0.3307986 0.1186898 0.1345616 0.1409915 0.1547572 0.1444881 0.1910885 0.1365720 0.3585306 0.1360925 0.0758093 0.0486479 0.0927729 0.0905934 0.1366902 0.0886664 0.1119604 0.0630548 0.1202483 0.0841952 0.1142909 0.1182019 0.1026242 0.1265684 0.1142909 0.1142909 0.0980525 0.1691459 0.1635091 0.1569485 0.1171204 0.1310080 0.0983041 0.1000710 0.1002964 0.1002964 0.1405085 0.1294587 0.1271324 0.1300856 0.1891294 0.1005014 0.1290350 0.1154064 0.1217508 0.0986352 0.1365594 0.1287188 0.1062872 0.1263118 0.1217508 0.1246432 0.1175653 0.1202819 0.1175653 0.1149409 0.1217508 0.1175653 0.1081161 0.1925778 0.1170405 0.1330664 0.1216664 0.1035132 0.1544362 0.1248920 0.1322565 0.1265982 0.1452168 0.1458520 0.1245081 0.1277292 0.1057806 0.1312139 0.1246432 0.1146837 0.1408494 0.1372458 0.1321020 0.1301707 0.1335895 0.1072731 0.1213979 0.2463127 0.2561526 0.1143550 0.1167002 0.1172830 0.1188623 0.2023650 0.1203347 0.1189607 0.0978070 0.1097949 0.1130246 0.1167002 0.1231619 0.1084391 0.1107251 9.0000000 0.1200704 0.1329677 0.1204010 0.2239133 0.0862932 0.0906293 0.1183727 0.1114155 0.1878317 0.1386564 0.1117095 0.1288292 0.1147623 0.3676464 0.3512120 0.1440286 0.1009181 0.1153931 
XM_006256524_2_PREDICTED_Rattus_norvegicus_REV3_like_DNA_directed_polymerase_zeta_catalytic_subunit_Rev3l_transcript_variant_X1_mRNA_1                     0.0832150 0.2071492 0.1825104 0.1852256 0.1933217 0.1768238 0.1245912 0.2020824 0.1782988 0.1996692 0.2030103 0.1756852 0.1946262 0.0000000 0.1793283 0.1490769 0.2073401 0.3831319 0.2071492 0.1792182 0.3430429 0.2507135 0.1931793 0.1681848 0.1147519 0.3605279 0.1020887 3.8048083 0.3816767 0.2001734 0.0790630 0.0808145 0.0836418 0.1517937 0.0047962 0.1079330 0.4004573 0.0786238 0.2140661 0.2039445 0.1469899 0.1395566 0.1080188 0.1427182 0.1775155 0.2114550 0.1277901 0.1374586 0.1802657 0.1885589 0.1825104 0.2000702 0.1802657 0.1802657 0.1773992 0.1978744 0.1986688 0.2172729 0.1842264 0.1825951 0.1748801 0.1797617 0.1801433 0.1801433 0.1702723 0.1793790 0.1768238 0.1758658 0.2465092 0.1672559 0.1971458 0.1758085 0.1772429 0.1682947 0.1793926 0.1839452 0.1695058 0.1797723 0.1721311 0.1765158 0.1646586 0.1686181 0.1646586 0.1623452 0.1772429 0.1707681 0.1673391 0.2407266 0.1623452 0.2018509 0.1895140 0.1782988 0.2451247 0.1624952 0.1766780 0.1677477 0.1856792 0.2026352 0.1754706 0.1904047 0.1753530 0.1781281 0.1765158 0.1650154 0.1937561 0.1916498 0.1822788 0.1801443 0.1893191 0.2001610 0.1765017 0.2534286 0.2800143 0.2013553 0.2042447 0.2144608 0.2013553 0.2850508 0.2003816 0.2015525 0.1707017 0.1958120 0.1968262 0.2042447 0.1960649 0.1990641 0.2019141 9.0000000 0.1910014 0.2071820 0.2007977 0.2126350 0.1496906 0.1632343 0.1854257 0.1866283 0.2111211 0.2015910 0.1685780 0.2100094 0.1851294 0.3809909 0.3746289 0.1941710 0.1839944 0.1752474 
XM_005883745_2_PREDICTED_Myotis_brandtii_REV3_like_polymerase_DNA_directed_zeta_catalytic_subunit_REV3L_transcript_variant_X1_mRNA_1                       0.1674860 0.1014288 0.0794568 0.0930548 0.0964605 0.1151743 0.1644247 0.1069578 0.0786327 0.0961962 0.1036216 0.0916542 0.1274013 0.1793283 0.0000000 0.1582210 0.1060421 0.3177341 0.1014288 0.1045184 0.2716747 0.1697343 0.1259094 0.1061951 0.1593133 0.2930402 0.1542897 8.9999981 0.3164937 0.1441123 0.1676081 0.1761618 0.1782735 0.1751411 0.1760180 0.1768553 0.2919828 0.1713661 0.1360346 0.1368257 0.1100429 0.1032878 0.1770187 0.1022510 0.0792741 0.1312274 0.1677647 0.1048768 0.0813680 0.0846464 0.0794568 0.1057423 0.0854660 0.0813680 0.0734393 0.1148581 0.1057741 0.1229202 0.0880676 0.1118928 0.0774189 0.0753373 0.0755075 0.0755075 0.1178444 0.1173946 0.1151743 0.1179333 0.1712921 0.0757578 0.1034560 0.0871857 0.0931629 0.0757417 0.1287721 0.1232678 0.0742165 0.1168480 0.0889401 0.0929573 0.0866055 0.0889841 0.0866055 0.0842676 0.0931629 0.0803836 0.0759954 0.1602627 0.0842676 0.1082471 0.0878158 0.0786327 0.1513531 0.0912047 0.0877411 0.0899914 0.0901725 0.0939865 0.0723364 0.0933038 0.0744937 0.0844297 0.0929573 0.0821374 0.0319892 0.0147059 0.0031851 0.0080387 0.0048217 0.1010664 0.1023088 0.1948880 0.2063611 0.1014288 0.0992043 0.1085325 0.1012704 0.1838819 0.1008430 0.1013495 0.0637560 0.1011915 0.0983855 0.0992043 0.1036100 0.0941628 0.0919947 9.0000000 0.0945102 0.1108838 0.1024364 0.1594795 0.0765613 0.0789793 0.1015623 0.0926117 0.1387959 0.1145839 0.0763863 0.0948129 0.0988145 0.3025417 0.2921081 0.0981760 0.0701885 0.0843869 
XM_008852401_2_PREDICTED_Nannospalax_galili_REV3_like_DNA_directed_polymerase_zeta_catalytic_subunit_Rev3l_transcript_variant_X1_mRNA_1                    0.1198034 0.1316749 0.1032782 0.1510579 0.1260546 0.1404694 0.1082552 0.1507521 0.1245252 0.1209069 0.1387299 0.1136222 0.1072683 0.1490769 0.1582210 0.0000000 0.1275102 0.3137978 0.1316749 0.1430915 0.2777861 0.2090034 0.1485048 0.0941260 0.1033141 0.2825899 0.1237520 8.9999982 0.3161199 0.1155416 0.1152210 0.1227591 0.1342014 0.1293453 0.1461388 0.1005270 0.3512585 0.1136058 0.1221551 0.1263262 0.1017313 0.0975730 0.1006049 0.1044229 0.1305319 0.1250362 0.1187039 0.0997212 0.1329647 0.1394693 0.1032782 0.1312211 0.1329647 0.1329647 0.1067421 0.1761231 0.1641188 0.1729164 0.1359879 0.1443427 0.1068525 0.1092749 0.1090314 0.1090314 0.1512938 0.1381137 0.1404694 0.1435421 0.2311854 0.1046822 0.1337092 0.1353977 0.1467311 0.1072217 0.1474014 0.1395399 0.1200157 0.1398044 0.1419391 0.1320031 0.1269368 0.1297437 0.1269368 0.1242417 0.1467311 0.1221136 0.1218420 0.2047307 0.1242417 0.1438174 0.1308716 0.1245252 0.1724963 0.1322742 0.1516375 0.1508445 0.1699668 0.1747797 0.1402680 0.1632933 0.1195631 0.1490179 0.1320031 0.1218420 0.1701150 0.1653697 0.1580793 0.1641321 0.1674860 0.1329647 0.1455927 0.2880648 0.2933985 0.1295169 0.1292305 0.1374967 0.1314494 0.1996540 0.1308654 0.1315620 0.1157976 0.1315620 0.1232819 0.1292305 0.1365816 0.1186438 0.1183813 9.0000000 0.1285291 0.1348203 0.1315070 0.2182200 0.1130153 0.1132268 0.1251092 0.1221205 0.1792272 0.1419990 0.1111972 0.1335888 0.1116116 0.3648084 0.3398188 0.1483703 0.1153147 0.1172306 
XM_035296530_1_PREDICTED_Callithrix_jacchus_REV3_like_DNA_directed_polymerase_zeta_catalytic_subunit_REV3L_transcript_variant_X1_mRNA_1                    0.1607469 0.0360551 0.0751276 0.0969295 0.0287395 0.0848243 0.1375153 0.1161941 0.0708127 0.0251554 0.1000641 0.0718199 0.1219092 0.2073401 0.1060421 0.1275102 0.0000000 0.2781522 0.0360551 0.0880365 0.2440957 0.1620585 0.0994185 0.0787002 0.1375568 0.2685513 0.1616215 8.9999982 0.2901704 0.1346231 0.1585795 0.1670393 0.1771815 0.1584984 0.2036978 0.1565373 0.2949002 0.1615886 0.1192479 0.1267211 0.0796171 0.0797970 0.1566781 0.0775164 0.0837811 0.1137202 0.1452818 0.0772597 0.0859114 0.0869310 0.0751276 0.0976779 0.0900740 0.0859114 0.0683927 0.1293038 0.1237900 0.1214423 0.0860546 0.0967505 0.0787757 0.0750032 0.0751722 0.0751722 0.1005177 0.0869175 0.0848243 0.0849238 0.1905288 0.0767828 0.0999072 0.0776358 0.0875769 0.0790164 0.0966603 0.0897133 0.0761425 0.0855997 0.0834546 0.0761366 0.0759385 0.0782199 0.0759385 0.0778591 0.0875769 0.0740223 0.0779216 0.1368641 0.0736860 0.0924889 0.0820005 0.0708127 0.1107440 0.0803705 0.0928815 0.1015517 0.1067768 0.1042192 0.0970390 0.1034691 0.0666061 0.0988026 0.0761366 0.0716184 0.1157805 0.1178890 0.1059582 0.1065559 0.1137641 0.0756115 0.0901882 0.2333250 0.2424346 0.0324272 0.0342358 0.0380465 0.0360112 0.1009848 0.0305810 0.0360326 0.0710226 0.0396522 0.0269113 0.0342358 0.0342249 0.0269113 0.0286774 9.0000000 0.0148909 0.0253363 0.0165752 0.1821977 0.0600808 0.0581711 0.0950266 0.0888229 0.1526777 0.1043898 0.0775993 0.0877905 0.0818936 0.3120437 0.3029118 0.1059073 0.0627834 0.0868723 
XM_031964400_1_PREDICTED_Sarcophilus_harrisii_REV3_like_DNA_directed_polymerase_zeta_catalytic_subunit_REV3L_transcript_variant_X1_mRNA_1                  0.3039485 0.2874441 0.2874569 0.3131117 0.2689239 0.3009336 0.2987879 0.3146061 0.2934581 0.2701631 0.3171643 0.2840451 0.3467112 0.3831319 0.3177341 0.3137978 0.2781522 0.0000000 0.2874441 0.2950966 0.0638347 0.3604868 0.2992632 0.2675432 0.3246056 0.0668388 0.3666542 5.2945598 0.0829436 0.2976584 0.3083895 0.3351442 0.3367647 0.3282174 0.3695450 0.3354914 0.5257795 0.3271512 0.3852115 0.3673376 0.2977329 0.2968066 0.3358867 0.2891204 0.2951215 0.3661438 0.3340254 0.2809743 0.2987996 0.3041895 0.2874569 0.3170464 0.2960541 0.2987996 0.2875408 0.3365236 0.3272756 0.3410717 0.3117120 0.3149340 0.2923510 0.2875408 0.2881291 0.2881291 0.3023004 0.3043236 0.3009336 0.3030483 0.4820976 0.2997298 0.3131991 0.3064607 0.3082474 0.2897880 0.3002194 0.3099814 0.2811105 0.2964720 0.3014940 0.2945233 0.2918916 0.2982153 0.2918916 0.2888108 0.3082474 0.2888108 0.2797775 0.3754984 0.2888108 0.3044911 0.2626457 0.2934581 0.3305216 0.2956104 0.3223470 0.3273989 0.3379674 0.3286016 0.3304779 0.3262844 0.2885937 0.3264940 0.2945233 0.2851546 0.3016457 0.3299029 0.3218051 0.3334051 0.3332959 0.2893996 0.2987554 0.4585705 0.4834408 0.2843401 0.2837485 0.2956406 0.2800717 0.3883526 0.2859653 0.2773191 0.2996009 0.2843401 0.2737471 0.2837485 0.2956975 0.2737471 0.2731756 9.0000000 0.2715580 0.2936855 0.2839897 0.3679097 0.2778661 0.2777796 0.3110914 0.2903971 0.3412368 0.3067799 0.2786268 0.3209774 0.2964802 0.2502872 0.2373124 0.3208939 0.2815599 0.3044627 
XM_015448392_1_PREDICTED_Macaca_fascicularis_REV3_like_DNA_directed_polymerase_zeta_catalytic_subunit_REV3L_transcript_variant_X1_mRNA_1                   0.1584439 0.0000010 0.0713043 0.0879274 0.0197413 0.1020186 0.1400461 0.1159640 0.0805511 0.0197005 0.0870792 0.0742117 0.1190594 0.2071492 0.1014288 0.1316749 0.0360551 0.2874441 0.0000000 0.0921004 0.2491858 0.1669516 0.1133934 0.0826426 0.1448965 0.2740360 0.1590142 8.9999982 0.3035164 0.1393578 0.1562791 0.1674259 0.1799490 0.1600879 0.2035089 0.1539910 0.2968353 0.1619653 0.1355488 0.1311177 0.0903053 0.0881463 0.1541288 0.0857931 0.0859336 0.1267313 0.1527409 0.0855017 0.0880771 0.0910387 0.0713043 0.0891179 0.0922619 0.0880771 0.0671161 0.1256634 0.1235449 0.1238611 0.0905896 0.1057551 0.0713459 0.0689877 0.0691440 0.0691440 0.1045881 0.1041896 0.1020186 0.1021597 0.1759975 0.0733713 0.0913016 0.0825267 0.0926506 0.0715599 0.1033208 0.1007276 0.0760453 0.0965330 0.0884451 0.0802563 0.0800448 0.0773832 0.0800448 0.0819799 0.0926506 0.0739274 0.0778228 0.1539563 0.0735918 0.1122293 0.0860346 0.0805511 0.1226393 0.0795082 0.0946740 0.1122447 0.1157894 0.1167988 0.0966233 0.1206569 0.0762810 0.1006353 0.0802563 0.0756698 0.1136716 0.1175613 0.1013495 0.0987759 0.1090203 0.0777753 0.0899422 0.2282248 0.2310034 0.0031818 0.0015864 0.0080444 0.0063924 0.0679148 0.0197352 0.0063958 0.0708317 0.0096373 0.0180074 0.0015864 0.0284651 0.0180278 0.0163422 9.0000000 0.0317707 0.0409640 0.0353849 0.1712545 0.0662977 0.0683426 0.0949111 0.0930718 0.1593052 0.1063363 0.0797723 0.0819743 0.0817911 0.3037158 0.2988689 0.1036831 0.0665080 0.0887305 
XM_023650934_1_PREDICTED_Equus_caballus_REV3_like_DNA_directed_polymerase_zeta_catalytic_subunit_REV3L_transcript_variant_X1_mRNA_1                        0.1498226 0.0921004 0.0850091 0.0900388 0.0833431 0.0926465 0.1413091 0.1240038 0.0701994 0.0789450 0.1044983 0.0764309 0.1190277 0.1792182 0.1045184 0.1430915 0.0880365 0.2950966 0.0921004 0.0000000 0.2450084 0.1465632 0.1160367 0.0970435 0.1512014 0.2628889 0.1446352 8.9999982 0.2948226 0.1410819 0.1596992 0.1586686 0.1626294 0.1560859 0.1804036 0.1481359 0.2950637 0.1581896 0.1280962 0.1285845 0.0920600 0.0899041 0.1482661 0.0875493 0.0980023 0.1189517 0.1392638 0.0790940 0.1001927 0.1014053 0.0850091 0.1045656 0.1001927 0.1001927 0.0748351 0.1282546 0.1230991 0.1069405 0.1028024 0.0863595 0.0832191 0.0745009 0.0746677 0.0746677 0.0995344 0.0947575 0.0926465 0.0951647 0.1972396 0.0812013 0.1068351 0.0729858 0.0785983 0.0834782 0.1026610 0.0912437 0.0778849 0.0915176 0.0745946 0.0838483 0.0776765 0.0799607 0.0776765 0.0754225 0.0785983 0.0757644 0.0796555 0.1383265 0.0713015 0.1051499 0.0900751 0.0701994 0.1203719 0.0821102 0.1073614 0.0979337 0.1116664 0.0989872 0.1116565 0.0987157 0.0700737 0.1037791 0.0838483 0.0733559 0.1245278 0.1193475 0.1044372 0.1025685 0.1120776 0.0874974 0.0015864 0.2057760 0.2206234 0.0877967 0.0899422 0.0947165 0.0877967 0.1588305 0.0875636 0.0878624 0.0726411 0.0836050 0.0768736 0.0899422 0.0898974 0.0851068 0.0872233 9.0000000 0.0896823 0.1031735 0.0917822 0.1656204 0.0642134 0.0584100 0.0857278 0.0845492 0.1402562 0.1061214 0.0812938 0.0900941 0.0794733 0.3087917 0.3036425 0.1121015 0.0587299 0.0915903 
XM_036766364_1_PREDICTED_Trichosurus_vulpecula_REV3_like_DNA_directed_polymerase_zeta_catalytic_subunit_REV3L_transcript_variant_X1_mRNA_1                 0.2780647 0.2491858 0.2231027 0.2414981 0.2351826 0.2433780 0.2946842 0.2722982 0.2414360 0.2361709 0.2624807 0.2381628 0.2854937 0.3430429 0.2716747 0.2777861 0.2440957 0.0638347 0.2491858 0.2450084 0.0000000 0.3182611 0.2669633 0.2313058 0.3071483 0.0336954 0.3145459 9.0000000 0.0617069 0.2748540 0.2798774 0.2975795 0.3052344 0.2928131 0.3443994 0.3064120 0.4796468 0.2888446 0.3261794 0.3003990 0.2621207 0.2587363 0.3067630 0.2542746 0.2386964 0.3121537 0.2905765 0.2528865 0.2420460 0.2529668 0.2231027 0.2624388 0.2394752 0.2420460 0.2265043 0.2758615 0.2773994 0.2921209 0.2535669 0.2598956 0.2304816 0.2265043 0.2269982 0.2269982 0.2554482 0.2464680 0.2433780 0.2517793 0.4477095 0.2371356 0.2589295 0.2525693 0.2545517 0.2317057 0.2491446 0.2540295 0.2189043 0.2457461 0.2483506 0.2283296 0.2263630 0.2315877 0.2263630 0.2236072 0.2545517 0.2236072 0.2157351 0.3165226 0.2236072 0.2633476 0.2308361 0.2414360 0.2927320 0.2290327 0.2666961 0.2739560 0.2821047 0.2899230 0.2905896 0.2927586 0.2366715 0.2611781 0.2283296 0.2203767 0.2641428 0.2865178 0.2713700 0.2859416 0.2855133 0.2284621 0.2483245 0.4193795 0.4293814 0.2463029 0.2457747 0.2566261 0.2423823 0.3487118 0.2506361 0.2426524 0.2470889 0.2421127 0.2394884 0.2457747 0.2531569 0.2333810 0.2328774 9.0000000 0.2379592 0.2547745 0.2464850 0.3375844 0.2334493 0.2269390 0.2464499 0.2417116 0.2962879 0.2651297 0.2442175 0.2589352 0.2435567 0.2405705 0.2349249 0.2688265 0.2279520 0.2548048 
XM_040983897_1_PREDICTED_Ochotona_curzoniae_REV3_like_DNA_directed_polymerase_zeta_catalytic_subunit_REV3L_transcript_variant_X1_mRNA_1                    0.2092592 0.1669516 0.1644082 0.1670487 0.1565607 0.1710747 0.1923873 0.2060815 0.1574555 0.1508135 0.1696163 0.1462045 0.1959862 0.2507135 0.1697343 0.2090034 0.1620585 0.3604868 0.1669516 0.1465632 0.3182611 0.0000000 0.1231195 0.1683536 0.2009802 0.3470663 0.1961430 8.9999981 0.3654384 0.1858201 0.2224702 0.2121439 0.2253950 0.2071523 0.2499001 0.1950082 0.1090961 0.2114740 0.2034990 0.2047586 0.1578036 0.1523264 0.1952032 0.1586147 0.1531440 0.1870716 0.1943089 0.1508730 0.1557591 0.1590664 0.1644082 0.1665228 0.1607396 0.1557591 0.1456544 0.2177567 0.2077160 0.1886752 0.1644342 0.1743062 0.1503459 0.1427837 0.1430995 0.1430995 0.1901210 0.1685063 0.1710747 0.1679494 0.2629105 0.1485817 0.1637712 0.1569768 0.1665022 0.1516192 0.1735568 0.1787962 0.1488703 0.1763530 0.1614715 0.1628881 0.1572942 0.1604724 0.1572942 0.1543102 0.1665022 0.1549916 0.1569490 0.2338192 0.1490791 0.1884698 0.1686666 0.1574555 0.2273982 0.1635755 0.1668340 0.1453324 0.1832492 0.1899832 0.1936082 0.1945467 0.1570703 0.1604098 0.1628881 0.1516869 0.1875825 0.1911214 0.1695757 0.1706661 0.1795538 0.1471165 0.1491504 0.2824215 0.2940350 0.1646195 0.1673140 0.1737054 0.1697054 0.2803395 0.1611304 0.1644664 0.1471550 0.1673640 0.1482269 0.1673140 0.1675031 0.1554091 0.1580304 9.0000000 0.1605196 0.1619194 0.1634934 0.2242533 0.1349378 0.1333733 0.1598687 0.1766718 0.2197908 0.1707119 0.1598599 0.1655204 0.1474054 0.3563532 0.3620257 0.1923609 0.1634025 0.1687087 
XM_008263376_2_PREDICTED_Oryctolagus_cuniculus_REV3_like_DNA_directed_polymerase_zeta_catalytic_subunit_REV3L_transcript_variant_X1_mRNA_1                 0.1512034 0.1133934 0.0952636 0.1180211 0.0995100 0.1099692 0.1229766 0.1185047 0.0928404 0.0948197 0.1206913 0.0886230 0.1458871 0.1931793 0.1259094 0.1485048 0.0994185 0.2992632 0.1133934 0.1160367 0.2669633 0.1231195 0.0000000 0.1057501 0.1250567 0.2758731 0.1563692 8.9999982 0.2992297 0.1435194 0.1484911 0.1548910 0.1720249 0.1627145 0.1927138 0.1445646 0.2528717 0.1544109 0.1393660 0.1591504 0.1023305 0.1000842 0.1446942 0.0955309 0.0980624 0.1394591 0.1482937 0.0928649 0.0958363 0.1061301 0.0952636 0.1181009 0.1001441 0.0958363 0.0914301 0.1408385 0.1213634 0.1371142 0.1075377 0.1260705 0.1004099 0.0934192 0.0936302 0.0936302 0.1199743 0.1077475 0.1099692 0.1074617 0.2036936 0.0982685 0.1157272 0.0985859 0.1092670 0.1007494 0.1208464 0.1180433 0.0989657 0.1184442 0.1048708 0.1033464 0.0986832 0.1012055 0.0986832 0.0962193 0.1092670 0.0966568 0.1007822 0.1556634 0.0962193 0.1307722 0.1070339 0.0928404 0.1435308 0.0991413 0.1181689 0.1093835 0.1415563 0.1378939 0.1240900 0.1273046 0.0840419 0.1203381 0.1033464 0.0939921 0.1307646 0.1364785 0.1258038 0.1286782 0.1285944 0.1045187 0.1183750 0.2291393 0.2443659 0.1087932 0.1110865 0.1162859 0.1132097 0.2003905 0.1014927 0.1087060 0.0910703 0.1131182 0.0970195 0.1110865 0.1066240 0.0968698 0.0990783 9.0000000 0.0949588 0.1032495 0.1015596 0.1935308 0.0755317 0.0734393 0.1126450 0.1151513 0.1741863 0.1259275 0.1022469 0.1216633 0.1064121 0.2929103 0.3018537 0.1116206 0.1017763 0.1064838 
XM_020168699_1_PREDICTED_Castor_canadensis_REV3_like_DNA_directed_polymerase_zeta_catalytic_subunit_Rev3l_mRNA_1                                           0.1265722 0.0826426 0.0718258 0.0999070 0.0741027 0.1044345 0.0966358 0.1181921 0.0733597 0.0739161 0.0947773 0.0719075 0.0813305 0.1681848 0.1061951 0.0941260 0.0787002 0.2675432 0.0826426 0.0970435 0.2313058 0.1683536 0.1057501 0.0000000 0.1053162 0.2586425 0.1157127 9.0000000 0.2841947 0.0721112 0.1198524 0.1304362 0.1364109 0.1135785 0.1650404 0.1139967 0.3018208 0.1255439 0.0949150 0.1053834 0.0619434 0.0561269 0.1140881 0.0540985 0.0884011 0.0905967 0.1058404 0.0539365 0.0905157 0.0915790 0.0718258 0.0968236 0.0946392 0.0905157 0.0699087 0.1279668 0.1256672 0.1255697 0.0930022 0.1081063 0.0739991 0.0717575 0.0719169 0.0719169 0.1139896 0.1065747 0.1044345 0.1070428 0.1715658 0.0720465 0.0990278 0.0772340 0.0870988 0.0742191 0.1122293 0.1032628 0.0853023 0.1009674 0.0830095 0.0935810 0.0891839 0.0915432 0.0891839 0.0868670 0.0870988 0.0872528 0.0870596 0.1565111 0.0868670 0.1043596 0.0867807 0.0733597 0.1261877 0.0937404 0.0916060 0.1040041 0.1110772 0.1152903 0.0887869 0.1024584 0.0732283 0.1121270 0.0935810 0.0847593 0.1249685 0.1132621 0.1061126 0.1086979 0.1137682 0.0823680 0.0948929 0.2341976 0.2369793 0.0784890 0.0805597 0.0851278 0.0825222 0.1489749 0.0781704 0.0825823 0.0679709 0.0866528 0.0759478 0.0805597 0.0805223 0.0678913 0.0698880 9.0000000 0.0762312 0.0890511 0.0823680 0.1806330 0.0634611 0.0674835 0.0930951 0.0960955 0.1639515 0.1096254 0.0801907 0.0888478 0.0847486 0.3146903 0.3014158 0.1085876 0.0753916 0.0922635 
