130
NM_001372078_1_Homo_sapiens_REV3_like_DNA_directed_polymerase_zeta_catalytic_subunit_REV3L_transcript_variant_4_mRNA_1                                     0.0000000 0.0894526 0.1254263 0.0132255 0.0431643 0.0714810 0.0000010 0.0628243 0.0883133 0.0132255 0.0603591 0.0469628 0.0655915 0.0712895 0.0619372 0.0876141 0.0511173 0.0735368 0.0471143 0.2010950 0.0277794 0.1729553 0.1729553 0.2040731 0.0801968 0.0898153 0.1083701 0.0799756 0.0549838 8.9999981 0.0798206 0.1206084 0.0769359 0.1098179 0.0786707 0.0760556 0.1234062 0.1206251 0.1140129 0.1079141 0.0688153 0.0953083 0.0733039 0.0643226 0.0648602 0.0601085 0.0643226 0.0316624 0.0354485 0.0358093 0.0316624 0.0431643 0.0509280 0.0646424 0.0555563 0.0392747 0.0480405 0.0725302 0.0549924 0.0388808 0.0388808 0.0392747 0.0354331 0.0471213 0.1119876 0.0714810 0.0763983 0.0671885 0.0589267 0.0759267 0.0938224 0.0514777 0.0514476 0.0514476 0.0507997 0.0507997 0.0429010 0.0429010 0.0507997 0.0507997 0.0507997 0.0906953 0.0687570 0.0891762 0.0670907 0.0738782 0.0939211 0.0542709 0.0800104 0.0628870 0.0629043 0.0797012 0.0725590 0.0545626 0.0905798 0.0842833 0.0853384 0.0713520 0.0726115 0.0750055 0.0471143 0.2715834 0.0623506 0.3010461 0.0166492 0.0166466 0.0166466 0.0166492 0.0201214 0.0239208 0.0065197 0.0169878 0.0241139 0.0241139 0.0309115 0.1165948 0.0311393 0.0344259 0.0552931 0.0516558 0.0868128 0.0667473 0.0463547 0.0628143 0.0586926 0.2851212 0.2515247 0.0560680 0.0646424 0.0583500 
NM_011264_3_Mus_musculus_REV3_like_DNA_directed_polymerase_zeta_catalytic_subunit_Rev3l_mRNA_1                                                             0.0894526 0.0000000 0.0700668 0.0849280 0.0842710 0.1179216 0.0894526 0.1044662 0.0648511 0.0849280 0.0915224 0.0804916 0.0951794 0.0948785 0.1122282 0.0643972 0.0881500 0.0595906 0.0901840 0.2208098 0.0967449 0.1895732 0.1892268 0.2239373 0.1243109 0.1253736 0.1255181 0.1045273 0.0910177 8.9999983 0.0201935 0.1032438 0.0906171 0.0657149 0.0466105 0.0311259 0.0940448 0.0940265 0.0977053 0.0920994 0.0967624 0.1323712 0.1086376 0.0966167 0.1073586 0.1014466 0.0966167 0.0798852 0.0755003 0.0888127 0.0798852 0.0842710 0.0760848 0.0962608 0.0822755 0.0798528 0.1004404 0.0988419 0.0805176 0.0754927 0.0754927 0.0798528 0.0754695 0.0799246 0.1522640 0.1179216 0.1240764 0.1228634 0.1036203 0.1231090 0.1280454 0.1100943 0.1199143 0.1199143 0.1130563 0.0940874 0.1034210 0.1034210 0.1130563 0.1035199 0.0940874 0.1305165 0.0976282 0.1009916 0.0811551 0.1019395 0.1155701 0.0850212 0.1120948 0.0933504 0.0844094 0.1087394 0.0968391 0.0856734 0.1113985 0.0995231 0.1141503 0.1043863 0.0967842 0.0895307 0.0901840 0.3098708 0.1034992 0.3264969 0.0804374 0.0858424 0.0858424 0.0804374 0.0849280 0.0909731 0.0805103 0.1015431 0.1015431 0.1015431 0.1089597 0.1545895 0.1052279 0.0895453 0.0851127 0.0866058 0.1176532 0.0843327 0.0850557 0.0903322 0.0998078 0.3552807 0.3174486 0.0835565 0.0962608 0.0897335 
XM_006256524_2_PREDICTED_Rattus_norvegicus_REV3_like_DNA_directed_polymerase_zeta_catalytic_subunit_Rev3l_transcript_variant_X1_mRNA_1                     0.1254263 0.0700668 0.0000000 0.1201482 0.1087094 0.1586320 0.1254263 0.1322917 0.0875952 0.1201482 0.1071661 0.0996454 0.1110560 0.1267251 0.1244311 0.0868713 0.1056352 0.0699301 0.1107021 0.2105349 0.1295992 0.1924450 0.1924450 0.1964271 0.1492519 0.1586337 0.1684620 0.1323771 0.1172319 8.9999982 0.0524043 0.1157633 0.1412994 0.0098301 0.0751935 0.0598115 0.1270589 0.1084008 0.1145849 0.1081548 0.1214355 0.1526210 0.1326040 0.1350393 0.1482355 0.1407245 0.1350393 0.1139173 0.1191098 0.1190578 0.1139173 0.1087094 0.0947209 0.1124163 0.0969425 0.1037098 0.1292997 0.1307934 0.0996844 0.0987773 0.0987773 0.1037098 0.0987392 0.1038143 0.1665060 0.1586320 0.1663621 0.1489663 0.1310022 0.1531415 0.1645441 0.1333443 0.1443883 0.1443883 0.1201205 0.1201205 0.1199941 0.1199941 0.1201205 0.1201205 0.1201205 0.1419188 0.1174606 0.1286489 0.1161561 0.1188988 0.1230070 0.1098407 0.1347841 0.1138207 0.1038567 0.1326145 0.1239677 0.1159315 0.1425966 0.1213672 0.1489944 0.1377166 0.1296510 0.1307822 0.1107021 0.3371577 0.1308437 0.3712367 0.1148884 0.1215651 0.1215651 0.1148884 0.1201482 0.1280638 0.1150083 0.1351715 0.1351715 0.1351715 0.1319740 0.1670107 0.1225797 0.1149876 0.1308325 0.0977524 0.1544230 0.0989164 0.1201681 0.1265697 0.1215810 0.3856814 0.3910423 0.1038870 0.1124163 0.1152490 
XM_028847034_1_PREDICTED_Macaca_mulatta_REV3_like_DNA_directed_polymerase_zeta_catalytic_subunit_REV3L_transcript_variant_X1_mRNA_1                        0.0132255 0.0849280 0.1201482 0.0000000 0.0471325 0.0891051 0.0132255 0.0799570 0.0882285 0.0000010 0.0646610 0.0591184 0.0700481 0.0713107 0.0702738 0.0875309 0.0592767 0.0691190 0.0551597 0.1878945 0.0277847 0.1609541 0.1609541 0.1905678 0.0892015 0.0991701 0.1084125 0.0889745 0.0549980 8.9999981 0.0754643 0.1204752 0.0860020 0.1047465 0.0786016 0.0717126 0.1232781 0.1204976 0.1138950 0.1078053 0.0688358 0.1047781 0.0822400 0.0730763 0.0737126 0.0687366 0.0730763 0.0354560 0.0393003 0.0397025 0.0354560 0.0471325 0.0550066 0.0690118 0.0597440 0.0431841 0.0521715 0.0681921 0.0591343 0.0427487 0.0427487 0.0431841 0.0392833 0.0511505 0.1325697 0.0891051 0.0944593 0.0845631 0.0758592 0.0938224 0.1030761 0.0682413 0.0682009 0.0682009 0.0672661 0.0672661 0.0589083 0.0589083 0.0672661 0.0672661 0.0672661 0.1000440 0.0867070 0.0983325 0.0756345 0.0784242 0.0988755 0.0623864 0.0888995 0.0713107 0.0629217 0.0797280 0.0725812 0.0628070 0.0814429 0.0843110 0.0853671 0.0800104 0.0726337 0.0750283 0.0551597 0.2821756 0.0707632 0.3117897 0.0032380 0.0032376 0.0032376 0.0032380 0.0065214 0.0099585 0.0132255 0.0241406 0.0314736 0.0314736 0.0383432 0.1164816 0.0386374 0.0419193 0.0594447 0.0476080 0.0868428 0.0667662 0.0542489 0.0628316 0.0587081 0.2931978 0.2591039 0.0602968 0.0690118 0.0583654 
XM_014118216_3_PREDICTED_Canis_lupus_familiaris_REV3_like_DNA_directed_polymerase_zeta_catalytic_subunit_REV3L_transcript_variant_X1_mRNA_1                0.0431643 0.0842710 0.1087094 0.0471325 0.0000000 0.0583922 0.0431643 0.0467387 0.0889574 0.0471325 0.0276006 0.0273093 0.0396502 0.0547445 0.0547865 0.0882451 0.0569042 0.0600144 0.0351760 0.1727189 0.0607856 0.1468337 0.1709030 0.1890189 0.0908000 0.1010086 0.1106174 0.0639250 0.0477334 8.9999981 0.0749092 0.1331554 0.0608026 0.1038143 0.0858133 0.0711896 0.1552096 0.1216760 0.1149672 0.1087834 0.0649642 0.0830375 0.0804608 0.0562536 0.0567100 0.0521234 0.0562536 0.0311908 0.0349154 0.0386867 0.0311908 0.0000010 0.0237275 0.0312790 0.0275799 0.0098422 0.0388918 0.0538847 0.0273144 0.0132064 0.0132064 0.0098422 0.0132157 0.0166342 0.0962652 0.0583922 0.0629516 0.0543248 0.0464660 0.0625926 0.0752326 0.0392319 0.0392094 0.0392094 0.0464769 0.0464769 0.0387586 0.0387586 0.0464769 0.0464769 0.0464769 0.0876611 0.0603157 0.0825271 0.0588928 0.0472332 0.0645776 0.0387503 0.0548042 0.0390371 0.0390455 0.0576198 0.0475644 0.0389811 0.0683431 0.0670642 0.0629532 0.0629706 0.0557144 0.0503953 0.0351760 0.2413210 0.0551448 0.2685663 0.0431742 0.0511378 0.0511378 0.0431742 0.0471325 0.0518613 0.0354609 0.0482334 0.0564946 0.0564946 0.0637688 0.1314496 0.0397306 0.0354128 0.0505510 0.0399162 0.0745848 0.0588678 0.0470988 0.0555470 0.0597440 0.3076667 0.2877370 0.0322417 0.0312790 0.0511675 
XM_024996589_1_PREDICTED_Bos_taurus_REV3_like_DNA_directed_polymerase_zeta_catalytic_subunit_REV3L_transcript_variant_X1_mRNA_1                            0.0714810 0.1179216 0.1586320 0.0891051 0.0583922 0.0000000 0.0714810 0.0421816 0.1216203 0.0891051 0.0678844 0.0542254 0.0867917 0.0786039 0.0619804 0.1205159 0.0784027 0.1014631 0.0543888 0.1812263 0.0915441 0.1553986 0.1671019 0.1843790 0.1073853 0.1179909 0.1179513 0.0799431 0.0894998 8.9999981 0.1072242 0.1651964 0.0812862 0.1531309 0.1133425 0.1034210 0.1649709 0.1573899 0.1388574 0.1321481 0.0813736 0.1097231 0.1039405 0.0901525 0.0909901 0.0856282 0.0901525 0.0808072 0.0853110 0.0808800 0.0808072 0.0583922 0.0582284 0.0636261 0.0629690 0.0543523 0.0905120 0.0891465 0.0623347 0.0538057 0.0538057 0.0543523 0.0584076 0.0543971 0.0635449 0.0000010 0.0032539 0.0166296 0.0236275 0.0382110 0.0535969 0.0463634 0.0463370 0.0463370 0.0457811 0.0308222 0.0381896 0.0381896 0.0457811 0.0382190 0.0308222 0.1085660 0.0678145 0.1125756 0.0831461 0.0861085 0.1067668 0.0614983 0.0703254 0.0619990 0.0619469 0.0924086 0.0714717 0.0701354 0.0980661 0.0827777 0.0874065 0.0786731 0.0800621 0.0655519 0.0543888 0.2701877 0.0502365 0.2842822 0.0845911 0.0936478 0.0936478 0.0845911 0.0891051 0.0952557 0.0714810 0.0868216 0.0960974 0.0960974 0.0941566 0.1405694 0.0768138 0.0629763 0.0914075 0.0634900 0.1007545 0.0831050 0.0706803 0.0888429 0.0670216 0.2776110 0.2600689 0.0635444 0.0636261 0.0750486 
XM_016956167_2_PREDICTED_Pan_troglodytes_REV3_like_DNA_directed_polymerase_zeta_catalytic_subunit_REV3L_transcript_variant_X1_mRNA_1                       0.0000010 0.0894526 0.1254263 0.0132255 0.0431643 0.0714810 0.0000000 0.0628243 0.0883133 0.0132255 0.0603591 0.0469628 0.0655915 0.0712895 0.0619372 0.0876141 0.0511173 0.0735368 0.0471143 0.2010950 0.0277794 0.1729553 0.1729553 0.2040731 0.0801968 0.0898153 0.1083701 0.0799756 0.0549838 8.9999981 0.0798206 0.1206084 0.0769359 0.1098179 0.0786707 0.0760556 0.1234062 0.1206251 0.1140129 0.1079141 0.0688153 0.0953083 0.0733039 0.0643226 0.0648602 0.0601085 0.0643226 0.0316624 0.0354485 0.0358093 0.0316624 0.0431643 0.0509280 0.0646424 0.0555563 0.0392747 0.0480405 0.0725302 0.0549924 0.0388808 0.0388808 0.0392747 0.0354331 0.0471213 0.1119876 0.0714810 0.0763983 0.0671885 0.0589267 0.0759267 0.0938224 0.0514777 0.0514476 0.0514476 0.0507997 0.0507997 0.0429010 0.0429010 0.0507997 0.0507997 0.0507997 0.0906953 0.0687570 0.0891762 0.0670907 0.0738782 0.0939211 0.0542709 0.0800104 0.0628870 0.0629043 0.0797012 0.0725590 0.0545626 0.0905798 0.0842833 0.0853384 0.0713520 0.0726115 0.0750055 0.0471143 0.2715834 0.0623506 0.3010461 0.0166492 0.0166466 0.0166466 0.0166492 0.0201214 0.0239208 0.0065197 0.0169878 0.0241139 0.0241139 0.0309115 0.1165948 0.0311393 0.0344259 0.0552931 0.0516558 0.0868128 0.0667473 0.0463547 0.0628143 0.0586926 0.2851212 0.2515247 0.0560680 0.0646424 0.0583500 
XM_021091238_1_PREDICTED_Sus_scrofa_REV3_like_DNA_directed_polymerase_zeta_catalytic_subunit_REV3L_transcript_variant_X1_mRNA_1                            0.0628243 0.1044662 0.1322917 0.0799570 0.0467387 0.0421816 0.0628243 0.0000000 0.0977244 0.0799570 0.0557197 0.0427172 0.0738258 0.0749295 0.0582832 0.0969148 0.0692435 0.0787042 0.0507072 0.1705438 0.0820830 0.1568803 0.1687679 0.1864748 0.0988882 0.1092916 0.0997309 0.0632596 0.0766748 8.9999983 0.0941549 0.1317235 0.0821103 0.1269900 0.0941924 0.0811551 0.1536017 0.1312569 0.1138082 0.1077019 0.0864789 0.1008527 0.0938596 0.0683641 0.0777930 0.0727282 0.0683641 0.0682326 0.0725952 0.0769978 0.0682326 0.0467387 0.0465934 0.0598981 0.0510736 0.0428299 0.0775320 0.0764203 0.0505619 0.0424019 0.0424019 0.0428299 0.0467497 0.0428642 0.0715891 0.0421816 0.0463370 0.0383754 0.0384349 0.0539820 0.0703779 0.0505710 0.0585876 0.0585876 0.0499710 0.0422479 0.0422147 0.0422147 0.0499710 0.0422479 0.0422479 0.0857434 0.0556413 0.0807443 0.0624045 0.0732757 0.0930732 0.0422054 0.0583014 0.0583014 0.0583167 0.0836644 0.0676678 0.0582132 0.0896877 0.0705903 0.0925803 0.0749953 0.0763192 0.0659939 0.0507072 0.2539536 0.0499024 0.2816803 0.0755673 0.0843816 0.0843816 0.0755673 0.0799570 0.0857725 0.0628243 0.0775009 0.0775009 0.0775009 0.0938567 0.1404969 0.0678741 0.0466283 0.0730663 0.0596956 0.0781094 0.0706928 0.0586460 0.0849716 0.0717976 0.3205061 0.3000631 0.0515379 0.0598981 0.0713438 
XM_040758199_1_PREDICTED_Mesocricetus_auratus_REV3_like_DNA_directed_polymerase_zeta_catalytic_subunit_Rev3l_transcript_variant_X1_mRNA_1                  0.0883133 0.0648511 0.0875952 0.0882285 0.0889574 0.1216203 0.0883133 0.0977244 0.0000000 0.0882285 0.0968958 0.0840890 0.1046345 0.1036819 0.1104970 0.0065598 0.0779950 0.0556516 0.0926928 0.2456742 0.1007399 0.1972117 0.2248191 0.2348382 0.1460931 0.1589685 0.1405610 0.1176194 0.0966901 8.9999986 0.0477470 0.0488466 0.1049344 0.0827886 0.0601508 0.0522169 0.0999712 0.0354918 0.0389059 0.0348994 0.1051465 0.1255237 0.1035252 0.1094561 0.1210948 0.1146144 0.1094561 0.0938637 0.0987769 0.1037233 0.0938637 0.0889574 0.0887671 0.1020027 0.0908183 0.0842291 0.1171491 0.1148504 0.0936020 0.0833007 0.0833007 0.0842291 0.0795432 0.0843099 0.1351720 0.1216203 0.1280813 0.1164366 0.0969367 0.1270312 0.1375209 0.1045920 0.1146775 0.1146775 0.1114880 0.1066404 0.1065341 0.1065341 0.1114880 0.1066404 0.1066404 0.1137330 0.0955931 0.1040803 0.0834588 0.1121480 0.1268347 0.0781968 0.1055847 0.0866472 0.0866771 0.1120753 0.0996474 0.0880250 0.1161688 0.1086276 0.1189728 0.1037866 0.1058980 0.1114216 0.0926928 0.3282093 0.1015447 0.3623106 0.0835256 0.0892170 0.0892170 0.0835256 0.0882285 0.0946369 0.0883133 0.1057883 0.1057883 0.1057883 0.1134979 0.1487483 0.0966323 0.0920108 0.0883133 0.0890118 0.1493216 0.1006604 0.0873654 0.1024913 0.1125968 0.3984039 0.3685034 0.0956055 0.1020027 0.0922101 
XM_015448392_1_PREDICTED_Macaca_fascicularis_REV3_like_DNA_directed_polymerase_zeta_catalytic_subunit_REV3L_transcript_variant_X1_mRNA_1                   0.0132255 0.0849280 0.1201482 0.0000010 0.0471325 0.0891051 0.0132255 0.0799570 0.0882285 0.0000000 0.0646610 0.0591184 0.0700481 0.0713107 0.0702738 0.0875309 0.0592767 0.0691190 0.0551597 0.1878945 0.0277847 0.1609541 0.1609541 0.1905678 0.0892015 0.0991701 0.1084125 0.0889745 0.0549980 8.9999981 0.0754643 0.1204752 0.0860020 0.1047465 0.0786016 0.0717126 0.1232781 0.1204976 0.1138950 0.1078053 0.0688358 0.1047781 0.0822400 0.0730763 0.0737126 0.0687366 0.0730763 0.0354560 0.0393003 0.0397025 0.0354560 0.0471325 0.0550066 0.0690118 0.0597440 0.0431841 0.0521715 0.0681921 0.0591343 0.0427487 0.0427487 0.0431841 0.0392833 0.0511505 0.1325697 0.0891051 0.0944593 0.0845631 0.0758592 0.0938224 0.1030761 0.0682413 0.0682009 0.0682009 0.0672661 0.0672661 0.0589083 0.0589083 0.0672661 0.0672661 0.0672661 0.1000440 0.0867070 0.0983325 0.0756345 0.0784242 0.0988755 0.0623864 0.0888995 0.0713107 0.0629217 0.0797280 0.0725812 0.0628070 0.0814429 0.0843110 0.0853671 0.0800104 0.0726337 0.0750283 0.0551597 0.2821756 0.0707632 0.3117897 0.0032380 0.0032376 0.0032376 0.0032380 0.0065214 0.0099585 0.0132255 0.0241406 0.0314736 0.0314736 0.0383432 0.1164816 0.0386374 0.0419193 0.0594447 0.0476080 0.0868428 0.0667662 0.0542489 0.0628316 0.0587081 0.2931978 0.2591039 0.0602968 0.0690118 0.0583654 
XM_004753515_2_PREDICTED_Mustela_putorius_furo_REV3_like_polymerase_DNA_directed_zeta_catalytic_subunit_REV3L_transcript_variant_X1_mRNA_1                 0.0603591 0.0915224 0.1071661 0.0646610 0.0276006 0.0678844 0.0603591 0.0557197 0.0968958 0.0646610 0.0000000 0.0277500 0.0530854 0.0641299 0.0641848 0.0960658 0.0579607 0.0662095 0.0515823 0.1644185 0.0708305 0.1384476 0.1626488 0.1803625 0.1120596 0.1233138 0.1232736 0.0739583 0.0655823 8.9999981 0.0816266 0.1322337 0.0799538 0.1021425 0.1030474 0.0777830 0.1672750 0.1317245 0.1245171 0.1178618 0.0752151 0.0845762 0.0820907 0.0749552 0.0756305 0.0704785 0.0749552 0.0393059 0.0432090 0.0471598 0.0393059 0.0276006 0.0241065 0.0032387 0.0065184 0.0168812 0.0474287 0.0548231 0.0277552 0.0203898 0.0203898 0.0168812 0.0204047 0.0168933 0.0944575 0.0678844 0.0727547 0.0636083 0.0472649 0.0637183 0.0766309 0.0478495 0.0559903 0.0559903 0.0553247 0.0472762 0.0472375 0.0472375 0.0553247 0.0472762 0.0472762 0.1128956 0.0615019 0.0879904 0.0685042 0.0481120 0.0710183 0.0472762 0.0691845 0.0440601 0.0441174 0.0730353 0.0525428 0.0435788 0.0786006 0.0770640 0.0816692 0.0727752 0.0653172 0.0594957 0.0515823 0.2683207 0.0646334 0.2830481 0.0603758 0.0604283 0.0604283 0.0603758 0.0646610 0.0700783 0.0520427 0.0662987 0.0752529 0.0752529 0.0827612 0.1305657 0.0568854 0.0519679 0.0514347 0.0487740 0.0853982 0.0684726 0.0646052 0.0564855 0.0608360 0.3189546 0.3149055 0.0407155 0.0032387 0.0520735 
XM_034668992_1_PREDICTED_Ailuropoda_melanoleuca_REV3_like_DNA_directed_polymerase_zeta_catalytic_subunit_REV3L_transcript_variant_X1_mRNA_1                0.0469628 0.0804916 0.0996454 0.0591184 0.0273093 0.0542254 0.0469628 0.0427172 0.0840890 0.0591184 0.0277500 0.0000000 0.0478801 0.0586553 0.0587019 0.0834302 0.0443121 0.0604795 0.0388474 0.1664118 0.0555737 0.1408008 0.1585018 0.1822138 0.1046966 0.1104539 0.1104123 0.0680224 0.0599202 8.9999981 0.0755132 0.1160808 0.0736840 0.0948152 0.0903220 0.0717584 0.1495372 0.1162890 0.1097062 0.1036509 0.0691395 0.0782288 0.0756690 0.0688952 0.0694873 0.0645886 0.0688952 0.0466509 0.0466509 0.0546442 0.0466509 0.0273093 0.0032355 0.0314517 0.0205108 0.0237275 0.0549683 0.0623786 0.0065163 0.0201951 0.0201951 0.0237275 0.0273144 0.0237449 0.0914316 0.0542254 0.0586864 0.0502197 0.0424742 0.0583592 0.0708274 0.0274673 0.0347915 0.0347915 0.0424406 0.0348789 0.0348521 0.0348521 0.0424406 0.0348789 0.0348789 0.0958706 0.0559831 0.0769986 0.0506449 0.0475716 0.0650907 0.0348789 0.0587203 0.0427600 0.0427697 0.0705988 0.0474036 0.0388444 0.0724968 0.0711263 0.0755543 0.0587047 0.0597048 0.0542254 0.0388474 0.2382680 0.0590934 0.2659244 0.0549924 0.0632891 0.0632891 0.0549924 0.0591184 0.0642407 0.0469628 0.0514333 0.0596443 0.0596443 0.0668123 0.1262278 0.0515589 0.0468975 0.0590365 0.0437344 0.0788517 0.0628344 0.0509449 0.0594655 0.0637877 0.3189356 0.2896697 0.0359687 0.0314517 0.0550706 
XM_015600069_2_PREDICTED_Pteropus_alecto_REV3_like_DNA_directed_polymerase_zeta_catalytic_subunit_REV3L_transcript_variant_X1_mRNA_1                       0.0655915 0.0951794 0.1110560 0.0700481 0.0396502 0.0867917 0.0655915 0.0738258 0.1046345 0.0700481 0.0530854 0.0478801 0.0000000 0.0739015 0.0738804 0.1037233 0.0810171 0.0662095 0.0607224 0.2167219 0.0860377 0.1867789 0.2143093 0.2387236 0.1246105 0.1366449 0.1419540 0.0805503 0.0756938 8.9999981 0.0852322 0.1466448 0.1008409 0.1060306 0.1104970 0.0814148 0.1556690 0.1397039 0.1216370 0.1151841 0.0956460 0.1271184 0.1079312 0.0856574 0.0864839 0.0809387 0.0856574 0.0608460 0.0651757 0.0695521 0.0608460 0.0396502 0.0438617 0.0573355 0.0447915 0.0357779 0.0700213 0.0868975 0.0478918 0.0319614 0.0319614 0.0357779 0.0396590 0.0435889 0.1079969 0.0867917 0.0922309 0.0821661 0.0733066 0.0823186 0.0962469 0.0743604 0.0743155 0.0743155 0.0689206 0.0689206 0.0603157 0.0603157 0.0689206 0.0689206 0.0689206 0.1150135 0.0565040 0.0951795 0.0694385 0.0099951 0.0202237 0.0479001 0.0727973 0.0557763 0.0476590 0.0651958 0.0663192 0.0482098 0.0893055 0.0874803 0.0923416 0.0829880 0.0753313 0.0689618 0.0607224 0.2913419 0.0836424 0.3225530 0.0656108 0.0708180 0.0708180 0.0656108 0.0700481 0.0757596 0.0569944 0.0718875 0.0811772 0.0811772 0.0832503 0.1451051 0.0665249 0.0612064 0.0835410 0.0668037 0.1019634 0.0876247 0.0656311 0.0796718 0.0844045 0.3703086 0.3453137 0.0580835 0.0573355 0.0791568 
XM_005883745_2_PREDICTED_Myotis_brandtii_REV3_like_polymerase_DNA_directed_zeta_catalytic_subunit_REV3L_transcript_variant_X1_mRNA_1                       0.0712895 0.0948785 0.1267251 0.0713107 0.0547445 0.0786039 0.0712895 0.0749295 0.1036819 0.0713107 0.0641299 0.0586553 0.0739015 0.0000000 0.0837267 0.1027918 0.0699200 0.0879039 0.0622472 0.1785365 0.0731533 0.1647429 0.1647429 0.1814536 0.1233356 0.1346782 0.1241575 0.0905733 0.0766581 8.9999981 0.0849492 0.1509683 0.0820897 0.1214971 0.1131423 0.0811355 0.1613256 0.1381942 0.1310414 0.1244068 0.0827895 0.1117623 0.0899153 0.0955593 0.0964757 0.0909254 0.0955593 0.0770053 0.0814964 0.0860235 0.0770053 0.0547445 0.0545849 0.0684323 0.0592701 0.0507239 0.0820489 0.0852476 0.0586708 0.0502122 0.0502122 0.0507239 0.0547585 0.0507656 0.1244445 0.0786039 0.0835971 0.0829247 0.0660777 0.0919564 0.0918728 0.0669559 0.0754077 0.0754077 0.0829984 0.0660216 0.0743793 0.0743793 0.0829984 0.0744440 0.0660216 0.1074293 0.0905265 0.0898075 0.0624662 0.0697054 0.0931682 0.0499157 0.0664985 0.0502499 0.0424862 0.0700260 0.0431695 0.0582708 0.0204478 0.0166459 0.0132396 0.0065284 0.0032589 0.0460326 0.0622472 0.2513736 0.0843537 0.2649982 0.0670412 0.0756188 0.0756188 0.0670412 0.0713107 0.0731941 0.0628870 0.0775795 0.0866116 0.0866116 0.0939486 0.1402029 0.0766128 0.0711859 0.0875165 0.0596885 0.0968391 0.0792996 0.0578533 0.0849492 0.0805903 0.3244830 0.2896716 0.0556433 0.0684323 0.0539559 
XM_006157005_3_PREDICTED_Tupaia_chinensis_REV3_like_DNA_directed_polymerase_zeta_catalytic_subunit_REV3L_transcript_variant_X3_mRNA_1                      0.0619372 0.1122282 0.1244311 0.0702738 0.0547865 0.0619804 0.0619372 0.0582832 0.1104970 0.0702738 0.0641848 0.0587019 0.0738804 0.0837267 0.0000000 0.1144860 0.0682009 0.0819854 0.0671689 0.1732962 0.0720538 0.1477570 0.1593751 0.1796693 0.0750752 0.0843948 0.0980388 0.0665248 0.0627880 8.9999981 0.1018253 0.1515388 0.0808072 0.1089988 0.1111767 0.0980522 0.1669792 0.1501851 0.1322090 0.1257509 0.0675863 0.0897956 0.0829791 0.0804374 0.0811476 0.0760793 0.0804374 0.0589240 0.0630841 0.0672854 0.0589240 0.0547865 0.0546266 0.0684927 0.0593180 0.0507613 0.0775893 0.0853337 0.0587175 0.0502487 0.0502487 0.0507613 0.0548006 0.0508031 0.1197074 0.0619804 0.0665927 0.0578893 0.0661332 0.0832534 0.1012211 0.0670134 0.0754771 0.0754771 0.0660770 0.0661517 0.0660955 0.0660955 0.0660770 0.0661517 0.0661517 0.1170999 0.0726255 0.1021717 0.0794131 0.0733293 0.0837572 0.0578743 0.0838294 0.0750714 0.0666499 0.0981001 0.0764115 0.0582527 0.1038096 0.0792540 0.0926486 0.0926808 0.0853170 0.0787708 0.0671689 0.2676361 0.0421756 0.2959066 0.0745210 0.0744986 0.0744986 0.0745210 0.0788268 0.0845053 0.0539080 0.0676958 0.0762984 0.0762984 0.0748536 0.1376870 0.0465906 0.0538334 0.0719561 0.0548182 0.0906490 0.0496146 0.0578354 0.0837331 0.0624105 0.3042112 0.3012028 0.0598629 0.0684927 0.0620413 
XM_027402162_2_PREDICTED_Cricetulus_griseus_REV3_like_DNA_directed_polymerase_zeta_catalytic_subunit_Rev3l_transcript_variant_X5_mRNA_1                    0.0876141 0.0643972 0.0868713 0.0875309 0.0882451 0.1205159 0.0876141 0.0969148 0.0065598 0.0875309 0.0960658 0.0834302 0.1037233 0.1027918 0.1144860 0.0000000 0.0774122 0.0552848 0.0919444 0.2417429 0.0998703 0.1945723 0.2215771 0.2310853 0.1446091 0.1572588 0.1391544 0.1165564 0.1074412 8.9999983 0.0474442 0.0485287 0.1040166 0.0821196 0.0597436 0.0518746 0.0893583 0.0352838 0.0386758 0.0346987 0.1042654 0.1295162 0.1026352 0.1084809 0.1199466 0.1135699 0.1084809 0.0930939 0.0979469 0.1028322 0.0930939 0.0882451 0.0880562 0.1011079 0.0900697 0.0835696 0.1160461 0.1138041 0.0928348 0.0826572 0.0826572 0.0835696 0.0789346 0.0836489 0.1338475 0.1205159 0.1268725 0.1154024 0.0961441 0.1258506 0.1257217 0.1036819 0.1136356 0.1136356 0.1155183 0.1057302 0.1056262 0.1056262 0.1155183 0.1057302 0.1057302 0.1127103 0.0947859 0.1031814 0.0828124 0.1111172 0.1256048 0.0776120 0.1046978 0.0859787 0.0860079 0.1110463 0.0987991 0.0873292 0.1150960 0.1076750 0.1230826 0.1028943 0.1049618 0.1104524 0.0919444 0.3074673 0.1055637 0.3401625 0.0828799 0.0885020 0.0885020 0.0828799 0.0875309 0.0938496 0.0876141 0.1048541 0.1048541 0.1048541 0.1124828 0.1418380 0.1073764 0.0912763 0.0876141 0.0882985 0.1477385 0.1046364 0.0866829 0.1016248 0.1116010 0.3896501 0.3608128 0.0948004 0.1011079 0.0914720 
XM_013069186_2_PREDICTED_Heterocephalus_glaber_REV3_like_DNA_directed_polymerase_zeta_catalytic_subunit_Rev3l_transcript_variant_X1_mRNA_1                 0.0511173 0.0881500 0.1056352 0.0592767 0.0569042 0.0784027 0.0511173 0.0692435 0.0779950 0.0592767 0.0579607 0.0443121 0.0810171 0.0699200 0.0682009 0.0774122 0.0000000 0.0603218 0.0526685 0.1873956 0.0607586 0.1625489 0.1840963 0.2045620 0.1167337 0.1281828 0.1176805 0.0874046 0.0609422 8.9999981 0.0782008 0.1082994 0.0843099 0.0906892 0.0815355 0.0834082 0.1346545 0.1088147 0.1025606 0.0968119 0.0392208 0.0546497 0.0279378 0.0801489 0.0808956 0.0755593 0.0801489 0.0612433 0.0656108 0.0663277 0.0612433 0.0569042 0.0483619 0.0623503 0.0530683 0.0526906 0.0705040 0.0705566 0.0525144 0.0521367 0.0521367 0.0526906 0.0569196 0.0527359 0.1129894 0.0784027 0.0836776 0.0738571 0.0651377 0.0831223 0.0972463 0.0573051 0.0659251 0.0659251 0.0650798 0.0565681 0.0565192 0.0565192 0.0650798 0.0565681 0.0565681 0.1088723 0.0795630 0.0923838 0.0737617 0.0803666 0.1016339 0.0518134 0.0736793 0.0563608 0.0563759 0.0875465 0.0579283 0.0648243 0.0899881 0.0834335 0.0845237 0.0699836 0.0712676 0.0565343 0.0526685 0.2592750 0.0686870 0.2904706 0.0634694 0.0634516 0.0634516 0.0634694 0.0677242 0.0677525 0.0511173 0.0650408 0.0737897 0.0737897 0.0723656 0.1160582 0.0558458 0.0510454 0.0607486 0.0490757 0.0850442 0.0645855 0.0437305 0.0605387 0.0648790 0.3407403 0.3176228 0.0578833 0.0623503 0.0559836 
XM_008852401_2_PREDICTED_Nannospalax_galili_REV3_like_DNA_directed_polymerase_zeta_catalytic_subunit_Rev3l_transcript_variant_X1_mRNA_1                    0.0735368 0.0595906 0.0699301 0.0691190 0.0600144 0.1014631 0.0735368 0.0787042 0.0556516 0.0691190 0.0662095 0.0604795 0.0662095 0.0879039 0.0819854 0.0552848 0.0603218 0.0000000 0.0740151 0.1940993 0.0755401 0.1839914 0.1903836 0.1971574 0.1126706 0.1240853 0.1066822 0.0976061 0.0792696 8.9999983 0.0392039 0.0966488 0.0947023 0.0655888 0.0643136 0.0554762 0.1189833 0.0833797 0.0778901 0.0728474 0.0683641 0.0957714 0.0839862 0.0893825 0.1001025 0.0942349 0.0893825 0.0643242 0.0686579 0.0730356 0.0643242 0.0600144 0.0562532 0.0706913 0.0574737 0.0558306 0.0839597 0.0735875 0.0604963 0.0517076 0.0517076 0.0558306 0.0516945 0.0558774 0.1349249 0.1014631 0.1073550 0.0965756 0.0872568 0.1065555 0.1216521 0.0886119 0.0981418 0.0981418 0.0966695 0.0872873 0.0872045 0.0872045 0.0966695 0.0872873 0.0872873 0.1135245 0.0915439 0.1038898 0.0833095 0.0720613 0.0852548 0.0605056 0.0864948 0.0686170 0.0601090 0.0818001 0.0801785 0.0696119 0.1044213 0.0925823 0.1073329 0.0974772 0.0896856 0.0735957 0.0740151 0.3010541 0.0872654 0.3340263 0.0647470 0.0698691 0.0698691 0.0647470 0.0691190 0.0747281 0.0648044 0.0801563 0.0801563 0.0801563 0.0972053 0.1432237 0.0792213 0.0647845 0.0691812 0.0558488 0.1161013 0.0865543 0.0605318 0.0786900 0.0833577 0.3738326 0.3488393 0.0671217 0.0706913 0.0736711 
XM_023650934_1_PREDICTED_Equus_caballus_REV3_like_DNA_directed_polymerase_zeta_catalytic_subunit_REV3L_transcript_variant_X1_mRNA_1                        0.0471143 0.0901840 0.1107021 0.0551597 0.0351760 0.0543888 0.0471143 0.0507072 0.0926928 0.0551597 0.0515823 0.0388474 0.0607224 0.0622472 0.0671689 0.0919444 0.0526685 0.0740151 0.0000000 0.1890457 0.0650219 0.1625194 0.1870805 0.1795447 0.0934859 0.1036199 0.1093360 0.0717855 0.0472245 9.0000000 0.0893696 0.1371840 0.0865601 0.1056787 0.0859065 0.0810135 0.1438756 0.1148932 0.1187806 0.1125497 0.0558552 0.0820955 0.0704661 0.0557049 0.0561510 0.0516167 0.0557049 0.0555708 0.0597440 0.0474513 0.0555708 0.0351760 0.0426675 0.0556963 0.0470444 0.0314296 0.0643715 0.0633613 0.0465756 0.0311198 0.0311198 0.0314296 0.0351833 0.0389840 0.0916313 0.0543888 0.0588586 0.0425893 0.0426135 0.0585298 0.0753091 0.0465845 0.0465578 0.0465578 0.0426231 0.0426231 0.0350062 0.0350062 0.0426231 0.0426231 0.0426231 0.0812551 0.0645855 0.0762605 0.0582680 0.0688386 0.0882451 0.0383539 0.0588273 0.0462979 0.0463087 0.0744159 0.0550793 0.0541452 0.0806036 0.0747405 0.0706596 0.0622997 0.0633615 0.0577787 0.0000010 0.2412622 0.0711777 0.2685015 0.0510877 0.0592767 0.0592767 0.0510877 0.0551597 0.0601508 0.0471143 0.0607393 0.0693641 0.0693641 0.0767066 0.1314217 0.0517220 0.0470486 0.0650110 0.0394951 0.0827560 0.0502577 0.0466043 0.0631875 0.0509126 0.2955116 0.3003618 0.0208128 0.0556963 0.0586862 
XM_007484437_2_PREDICTED_Monodelphis_domestica_REV3_like_DNA_directed_polymerase_zeta_catalytic_subunit_REV3L_transcript_variant_X1_mRNA_1                 0.2010950 0.2208098 0.2105349 0.1878945 0.1727189 0.1812263 0.2010950 0.1705438 0.2456742 0.1878945 0.1644185 0.1664118 0.2167219 0.1785365 0.1732962 0.2417429 0.1873956 0.1940993 0.1890457 0.0000000 0.1960857 0.0713394 0.0466960 0.0563542 0.2102181 0.2271764 0.2562463 0.1974683 0.2068673 9.0000000 0.1901341 0.2977140 0.2386305 0.2035874 0.2107125 0.1994775 0.2994723 0.2839438 0.2723505 0.2603252 0.1689640 0.1711092 0.2108756 0.2311103 0.2135901 0.2240387 0.2311103 0.1755839 0.1823192 0.1890180 0.1755839 0.1727189 0.1602817 0.1708232 0.1686193 0.1542401 0.1999881 0.1689630 0.1665088 0.1523176 0.1523176 0.1542401 0.1482142 0.1544215 0.2316396 0.1812263 0.1899616 0.1831868 0.1871864 0.1875208 0.2000709 0.1727793 0.1726740 0.1726740 0.1806915 0.1686446 0.1684482 0.1684482 0.1806915 0.1686446 0.1686446 0.1897961 0.1920506 0.2323204 0.1894367 0.2094511 0.2207882 0.1686446 0.1958509 0.1707072 0.1708067 0.1916923 0.1689289 0.1644598 0.1916144 0.1844787 0.1910192 0.1784332 0.1831381 0.1630333 0.1890457 0.3615015 0.1885319 0.3805837 0.1813414 0.1943992 0.1943992 0.1813414 0.1878945 0.1958469 0.1881259 0.2168744 0.2168744 0.2168744 0.1971541 0.2252818 0.2001362 0.1881316 0.2026676 0.1822507 0.1970770 0.1545655 0.1647594 0.1709738 0.1731495 0.2816713 0.2610689 0.1835950 0.1708232 0.1650468 
XM_035296530_1_PREDICTED_Callithrix_jacchus_REV3_like_DNA_directed_polymerase_zeta_catalytic_subunit_REV3L_transcript_variant_X1_mRNA_1                    0.0277794 0.0967449 0.1295992 0.0277847 0.0607856 0.0915441 0.0277794 0.0820830 0.1007399 0.0277847 0.0708305 0.0555737 0.0860377 0.0731533 0.0720538 0.0998703 0.0607586 0.0755401 0.0650219 0.1960857 0.0000000 0.1669228 0.1732544 0.1882339 0.1010685 0.1067881 0.1065972 0.0914129 0.0648431 8.9999981 0.0912236 0.1304115 0.0790228 0.1133029 0.0898006 0.0873235 0.1496097 0.1299914 0.1121240 0.1058980 0.0706436 0.1078495 0.0845015 0.0795432 0.0802749 0.0750009 0.0795432 0.0565681 0.0565681 0.0614844 0.0565681 0.0607856 0.0514763 0.0753937 0.0656220 0.0565434 0.0756746 0.0699662 0.0555883 0.0559499 0.0559499 0.0565434 0.0523502 0.0565924 0.1368710 0.0915441 0.0971151 0.0868433 0.0778507 0.0824994 0.1012855 0.0603522 0.0688591 0.0688591 0.0777793 0.0689822 0.0689206 0.0689206 0.0777793 0.0689822 0.0689822 0.1029348 0.0891304 0.0962908 0.0731451 0.0853299 0.0967280 0.0639369 0.0820624 0.0731533 0.0645035 0.0819678 0.0744978 0.0643817 0.0931518 0.0865818 0.0876993 0.0821386 0.0745535 0.0769735 0.0650219 0.2876797 0.0725730 0.3190035 0.0314915 0.0314852 0.0314852 0.0314915 0.0352533 0.0395788 0.0277794 0.0098450 0.0098450 0.0098450 0.0239365 0.1251881 0.0473917 0.0507287 0.0652591 0.0529394 0.0989309 0.0684524 0.0638902 0.0686666 0.0601606 0.3368021 0.2731559 0.0618363 0.0753937 0.0597979 
XM_031964400_1_PREDICTED_Sarcophilus_harrisii_REV3_like_DNA_directed_polymerase_zeta_catalytic_subunit_REV3L_transcript_variant_X1_mRNA_1                  0.1729553 0.1895732 0.1924450 0.1609541 0.1468337 0.1553986 0.1729553 0.1568803 0.1972117 0.1609541 0.1384476 0.1408008 0.1867789 0.1647429 0.1477570 0.1945723 0.1625489 0.1839914 0.1625194 0.0713394 0.1669228 0.0000000 0.0495220 0.0640057 0.1936844 0.2091637 0.2091712 0.1451224 0.1524816 9.0000000 0.1746116 0.2309789 0.1794500 0.1860276 0.1933042 0.1706445 0.2731034 0.2040023 0.1945723 0.1854932 0.1468494 0.1668198 0.1959895 0.1987714 0.1898659 0.1923418 0.1987714 0.1529428 0.1590022 0.1650499 0.1529428 0.1468337 0.1350559 0.1444322 0.1426149 0.1295154 0.1845085 0.1547159 0.1408738 0.1279449 0.1279449 0.1295154 0.1352258 0.1184926 0.2018147 0.1553986 0.1632738 0.1570601 0.1610891 0.1731987 0.1853770 0.1467608 0.1466690 0.1466690 0.1549706 0.1435731 0.1434120 0.1434120 0.1549706 0.1435731 0.1435731 0.1809452 0.1650499 0.2074423 0.1751703 0.1801154 0.2033842 0.1433388 0.1567659 0.1451705 0.1571206 0.1760881 0.1546991 0.1510037 0.1769484 0.1823025 0.1887628 0.1646525 0.1688554 0.1610814 0.1625194 0.3843909 0.1380717 0.4041610 0.1550171 0.1668735 0.1668735 0.1550171 0.1609541 0.1710709 0.1611393 0.1731485 0.1857078 0.1857078 0.1807602 0.2204255 0.1708449 0.1378175 0.1728980 0.1428856 0.1627416 0.1361613 0.1514064 0.1391925 0.1310176 0.2578774 0.2533022 0.1564326 0.1444322 0.1406216 
XM_036766364_1_PREDICTED_Trichosurus_vulpecula_REV3_like_DNA_directed_polymerase_zeta_catalytic_subunit_REV3L_transcript_variant_X1_mRNA_1                 0.1729553 0.1892268 0.1924450 0.1609541 0.1709030 0.1671019 0.1729553 0.1687679 0.2248191 0.1609541 0.1626488 0.1585018 0.2143093 0.1647429 0.1593751 0.2215771 0.1840963 0.1903836 0.1870805 0.0466960 0.1732544 0.0495220 0.0000000 0.0353366 0.1933367 0.1956489 0.2087845 0.1813591 0.1898027 9.0000000 0.1743042 0.2543939 0.2054458 0.1860276 0.2190718 0.1703414 0.2808774 0.2387680 0.2356462 0.2253184 0.1667935 0.1624527 0.2059833 0.2119182 0.2026339 0.2053764 0.2119182 0.1648549 0.1587268 0.1772449 0.1648549 0.1709030 0.1525186 0.1689819 0.1668198 0.1526238 0.1909237 0.1606077 0.1585907 0.1507374 0.1507374 0.1526238 0.1466643 0.1528016 0.2291454 0.1671019 0.1753342 0.1812892 0.1852665 0.1852665 0.1850498 0.1647144 0.1646136 0.1646136 0.1788392 0.1549706 0.1667211 0.1667211 0.1788392 0.1669138 0.1549706 0.1927808 0.1900310 0.2070619 0.1748609 0.2071362 0.2325901 0.1666275 0.1938139 0.1689291 0.1815112 0.1895142 0.1671237 0.1627487 0.1769484 0.1705093 0.1887628 0.1646525 0.1688554 0.1731965 0.1870805 0.3760915 0.1732962 0.3797727 0.1550171 0.1668735 0.1668735 0.1550171 0.1609541 0.1670396 0.1729553 0.1795596 0.1922598 0.1922598 0.1748161 0.2068827 0.1711501 0.1729529 0.1985784 0.1669992 0.1685699 0.1590232 0.1744012 0.1687264 0.1534119 0.2578774 0.2248401 0.1816149 0.1689819 0.1631874 
XM_027848601_1_PREDICTED_Vombatus_ursinus_REV3_like_DNA_directed_polymerase_zeta_catalytic_subunit_REV3L_transcript_variant_X1_mRNA_1                      0.2040731 0.2239373 0.1964271 0.1905678 0.1890189 0.1843790 0.2040731 0.1864748 0.2348382 0.1905678 0.1803625 0.1822138 0.2387236 0.1814536 0.1796693 0.2310853 0.2045620 0.1971574 0.1795447 0.0563542 0.1882339 0.0640057 0.0353366 0.0000000 0.1906911 0.2070381 0.2172297 0.2004197 0.2100993 9.0000000 0.1793178 0.2950972 0.2276582 0.1895497 0.2278935 0.1684111 0.3221730 0.2500198 0.2542875 0.2425297 0.1845260 0.1942794 0.2343411 0.2274697 0.2169851 0.2202798 0.2274697 0.1823359 0.1892113 0.1822177 0.1823359 0.1890189 0.1755039 0.1874013 0.1848099 0.1688010 0.2200491 0.1779270 0.1823328 0.1665528 0.1665528 0.1688010 0.1622126 0.1690150 0.2544298 0.1843790 0.1937739 0.1868552 0.2043848 0.2113203 0.2110541 0.1892004 0.1890809 0.1890809 0.1972724 0.1709738 0.1839147 0.1839147 0.1972724 0.1841447 0.1709738 0.1990100 0.2102057 0.2288312 0.2071506 0.2304757 0.2639274 0.1972724 0.2141606 0.1866574 0.2005960 0.2114677 0.1851710 0.1798199 0.1955365 0.1917828 0.2078599 0.1813414 0.1864437 0.1911051 0.1795447 0.4167720 0.1912292 0.4219077 0.1838664 0.1972201 0.1972201 0.1838664 0.1905678 0.1988379 0.1908071 0.1948099 0.2080182 0.2080182 0.2178231 0.2212708 0.2073768 0.1908145 0.2058260 0.1848962 0.1930836 0.1792322 0.1917689 0.1796588 0.1564533 0.2549980 0.2731558 0.1734706 0.1874013 0.1795172 
XM_040983897_1_PREDICTED_Ochotona_curzoniae_REV3_like_DNA_directed_polymerase_zeta_catalytic_subunit_REV3L_transcript_variant_X1_mRNA_1                    0.0801968 0.1243109 0.1492519 0.0892015 0.0908000 0.1073853 0.0801968 0.0988882 0.1460931 0.0892015 0.1120596 0.1046966 0.1246105 0.1233356 0.0750752 0.1446091 0.1167337 0.1126706 0.0934859 0.2102181 0.1010685 0.1936844 0.1933367 0.1906911 0.0000000 0.0132840 0.1133254 0.1038279 0.0906004 8.9999981 0.1231946 0.2010910 0.1309656 0.1325786 0.1232401 0.1094423 0.1787336 0.1850956 0.1649832 0.1574320 0.1056699 0.1415918 0.1389235 0.1006772 0.1016641 0.0959728 0.1006772 0.0862453 0.0908687 0.0955225 0.0862453 0.0908000 0.0999251 0.1171238 0.1058776 0.0862101 0.1078288 0.1258441 0.0951794 0.0852896 0.0852896 0.0862101 0.0816534 0.0954843 0.1592323 0.1073853 0.1131861 0.0969916 0.1028039 0.1221471 0.1422797 0.1143953 0.1143287 0.1143287 0.1124002 0.1124002 0.1028809 0.1028809 0.1124002 0.1124002 0.1124002 0.1297904 0.1270031 0.1440626 0.1183456 0.1338185 0.1591833 0.1124002 0.1436995 0.1233356 0.1136108 0.1422301 0.1258538 0.0853110 0.1468375 0.1280778 0.1437798 0.1334474 0.1259562 0.1075295 0.0934859 0.2921324 0.0800923 0.3218482 0.0937840 0.0937509 0.0937509 0.0937840 0.0984284 0.1049416 0.0715531 0.0869173 0.0962069 0.0962069 0.1035482 0.1956751 0.0951055 0.0890375 0.1107020 0.1001586 0.1068308 0.0928685 0.0935647 0.1233700 0.0898464 0.3383618 0.3301778 0.0915551 0.1171238 0.0983209 
XM_004580498_1_PREDICTED_Ochotona_princeps_REV3_like_DNA_directed_polymerase_zeta_catalytic_subunit_REV3L_mRNA_1                                           0.0898153 0.1253736 0.1586337 0.0991701 0.1010086 0.1179909 0.0898153 0.1092916 0.1589685 0.0991701 0.1233138 0.1104539 0.1366449 0.1346782 0.0843948 0.1572588 0.1281828 0.1240853 0.1036199 0.2271764 0.1067881 0.2091637 0.1956489 0.2070381 0.0132840 0.0000000 0.1045939 0.1144432 0.1008136 8.9999981 0.1345244 0.2132410 0.1428311 0.1451996 0.1345729 0.1203748 0.2058358 0.1997791 0.1787847 0.1707494 0.1165422 0.1538672 0.1513984 0.1113785 0.1125290 0.1064917 0.1113785 0.0962812 0.0915426 0.1059194 0.0962812 0.1010086 0.1055634 0.1285801 0.1167831 0.0962424 0.1190677 0.1375255 0.1104986 0.0951961 0.0951961 0.0962424 0.0915053 0.1058776 0.1839966 0.1179909 0.1241247 0.1071213 0.1132514 0.1333123 0.1541521 0.1203938 0.1203234 0.1203234 0.1195824 0.1232127 0.1133425 0.1133425 0.1195824 0.1232127 0.1232127 0.1415263 0.1388570 0.1453781 0.1193236 0.1460531 0.1727614 0.1232127 0.1557694 0.1346782 0.1246088 0.1551368 0.1375263 0.0952175 0.1592864 0.1395689 0.1558558 0.1451576 0.1376413 0.1181561 0.1036199 0.2947114 0.0896957 0.3239289 0.1039279 0.1038883 0.1038883 0.1039279 0.1087494 0.1157323 0.0808513 0.0922802 0.1017992 0.1017992 0.1092064 0.2096753 0.1054802 0.0989808 0.1217844 0.1107241 0.1178985 0.1028614 0.1036703 0.1347238 0.0999265 0.3397868 0.3158351 0.1018979 0.1285801 0.1086215 
XM_008263376_2_PREDICTED_Oryctolagus_cuniculus_REV3_like_DNA_directed_polymerase_zeta_catalytic_subunit_REV3L_transcript_variant_X1_mRNA_1                 0.1083701 0.1255181 0.1684620 0.1084125 0.1106174 0.1179513 0.1083701 0.0997309 0.1405610 0.1084125 0.1232736 0.1104123 0.1419540 0.1241575 0.0980388 0.1391544 0.1176805 0.1066822 0.1093360 0.2562463 0.1065972 0.2091712 0.2087845 0.2172297 0.1133254 0.1045939 0.0000000 0.1044521 0.1053557 8.9999983 0.1144724 0.1755226 0.1116314 0.1515291 0.1345370 0.1105897 0.1957482 0.1674565 0.1483857 0.1518333 0.1266189 0.1591624 0.1416964 0.1164007 0.1279383 0.1214828 0.1164007 0.1057733 0.1009086 0.1156558 0.1057733 0.1106174 0.1055214 0.1285412 0.1167420 0.1057316 0.1188497 0.1165783 0.1104570 0.1045733 0.1045733 0.1057316 0.1106621 0.1058357 0.1725567 0.1179513 0.1240859 0.1131458 0.1231218 0.1436672 0.1541243 0.1304810 0.1407476 0.1407476 0.1331416 0.1132565 0.1230514 0.1230514 0.1331416 0.1132565 0.1132565 0.1576188 0.1554312 0.1453460 0.1294680 0.1404784 0.1607994 0.1037277 0.1344431 0.1243365 0.1144922 0.1435745 0.1167618 0.1047365 0.1479562 0.1189905 0.1448369 0.1343822 0.1268241 0.1181165 0.1093360 0.3009026 0.0988285 0.3170224 0.1132797 0.1132342 0.1132342 0.1132797 0.1084125 0.1255570 0.0989607 0.1115193 0.1115193 0.1115193 0.1288590 0.1919281 0.1052935 0.0896381 0.0922757 0.0981136 0.1127202 0.1122298 0.1034900 0.1143120 0.0997513 0.3316341 0.3439965 0.1029008 0.1285412 0.1085806 
