133
NM_001372078_1_Homo_sapiens_REV3_like_DNA_directed_polymerase_zeta_catalytic_subunit_REV3L_transcript_variant_4_mRNA_1                                     0.0000000 0.0893089 0.1166533 0.0115409 0.0693935 0.0409077 0.0000010 0.0654062 0.0842664 0.0115409 0.0559311 0.0442175 0.0654224 0.0692255 0.0682216 0.0836330 0.0550100 0.0674410 0.0443517 0.0241951 0.1961830 0.1652957 0.1652957 0.1924757 0.0861475 0.0950860 0.1026404 8.9999983 0.0512252 0.0767785 0.0767908 0.1168845 0.0703767 0.1030695 0.0795659 0.0734776 0.1239233 0.1168088 0.1110300 0.1012567 0.0671725 0.0943523 0.0789003 0.0594141 0.0598488 0.0557267 0.0594141 0.0308179 0.0341363 0.0344758 0.0308179 0.0409077 0.0476974 0.0596459 0.0517409 0.0374904 0.0451850 0.0665047 0.0512388 0.0371244 0.0371244 0.0374904 0.0341276 0.0443634 0.1004706 0.0693935 0.0737312 0.0656500 0.0624084 0.0732604 0.0889490 0.0481888 0.0481634 0.0481634 0.0511029 0.0475799 0.0406633 0.0406633 0.0511029 0.0440938 0.0440938 0.0475799 0.0475799 0.0902696 0.0681878 0.0887395 0.0654474 0.0729026 0.0908171 0.0506119 0.0581140 0.0730283 0.0581018 0.0767448 0.0665862 0.0509227 0.0920077 0.0807464 0.0816226 0.0692474 0.0704178 0.0687025 0.0443517 0.2770104 0.0576778 0.2932948 0.0175400 0.0145239 0.0145239 0.0145210 0.0175400 0.0271508 0.0028303 0.0056959 0.0148106 0.0210162 0.0210162 0.0269563 0.1044327 0.0335755 0.0332048 0.0555429 0.0555754 0.0890847 0.0688651 0.0545009 0.0616879 0.0544610 0.2939339 0.2703325 0.0596459 0.0522358 0.0613618 
NM_011264_3_Mus_musculus_REV3_like_DNA_directed_polymerase_zeta_catalytic_subunit_Rev3l_mRNA_1                                                             0.0893089 0.0000000 0.0644022 0.0852553 0.1145450 0.0806707 0.0893089 0.1067424 0.0598199 0.0852553 0.0869967 0.0773463 0.0960357 0.0859355 0.1092875 0.0594203 0.0839857 0.0589617 0.0858712 0.0958771 0.2196230 0.1857397 0.1857170 0.2159720 0.1314459 0.1326305 0.1220875 8.9999980 0.0865263 0.1024365 0.0206798 0.0970735 0.0861299 0.0605758 0.0404880 0.0303172 0.0933890 0.0891042 0.0840268 0.0833685 0.0957772 0.1222254 0.1061176 0.0913496 0.1006986 0.0955883 0.0913496 0.0767791 0.0729325 0.0846372 0.0767791 0.0806707 0.0734470 0.0911180 0.0788926 0.0767592 0.0947865 0.0933176 0.0773300 0.0728983 0.0728983 0.0767592 0.0729136 0.0767835 0.1397595 0.1145450 0.1199714 0.1189574 0.1069069 0.1190333 0.1234351 0.1033765 0.1120285 0.1120285 0.1102424 0.0893142 0.0975071 0.0975071 0.1102424 0.1016940 0.1016940 0.0975384 0.0893142 0.1209998 0.0984311 0.0951178 0.0739855 0.1022613 0.1144611 0.0813018 0.0886505 0.1051142 0.0807002 0.0976830 0.0916664 0.0818966 0.1065252 0.0899848 0.1026059 0.0941644 0.0874942 0.0852422 0.0858712 0.3190132 0.0974662 0.3224401 0.0852553 0.0861337 0.0861337 0.0812711 0.0852553 0.0991261 0.0853006 0.0812970 0.1000979 0.1000979 0.1000979 0.1066895 0.1417427 0.1032212 0.0852013 0.0859083 0.0827458 0.1187101 0.0885572 0.0941492 0.0899083 0.0940893 0.3683351 0.3411893 0.0911180 0.0800633 0.0934355 
XM_006256524_2_PREDICTED_Rattus_norvegicus_REV3_like_DNA_directed_polymerase_zeta_catalytic_subunit_Rev3l_transcript_variant_X1_mRNA_1                     0.1166533 0.0644022 0.0000000 0.1120398 0.1453113 0.0977998 0.1166533 0.1270648 0.0752532 0.1120398 0.0962938 0.0899688 0.1061692 0.1084895 0.1247889 0.0746872 0.0950350 0.0643779 0.0994104 0.1201153 0.2044933 0.1826131 0.1826131 0.1855204 0.1497961 0.1583218 0.1550931 8.9999987 0.1047747 0.1222761 0.0454588 0.1030401 0.1248979 0.0085863 0.0688117 0.0518491 0.1177803 0.0971608 0.1023317 0.0924696 0.1131675 0.1346148 0.1222280 0.1197752 0.1307939 0.1246301 0.1197752 0.1021708 0.1065923 0.1066155 0.1021708 0.0977998 0.0857050 0.1007520 0.0875334 0.0934695 0.1153169 0.1165393 0.0899489 0.0891966 0.0891966 0.0934695 0.0892162 0.0935006 0.1473624 0.1453113 0.1518107 0.1370167 0.1272687 0.1405129 0.1503676 0.1187687 0.1282753 0.1282753 0.1120715 0.1075391 0.1075030 0.1075030 0.1120715 0.1120338 0.1120338 0.1075391 0.1075391 0.1259670 0.1118166 0.1143199 0.0994505 0.1131210 0.1166097 0.0986577 0.1022154 0.1202263 0.0935260 0.1129155 0.1106528 0.1039302 0.1290574 0.1039357 0.1272535 0.1177523 0.1106589 0.1165963 0.0994104 0.3378972 0.1165708 0.3561148 0.1120398 0.1132692 0.1132692 0.1075087 0.1120398 0.1284050 0.1213265 0.1075448 0.1248676 0.1248676 0.1248676 0.1222551 0.1475284 0.1138963 0.1029668 0.1223647 0.0968378 0.1508973 0.0977510 0.1224250 0.1175550 0.1084231 0.3878079 0.4009378 0.1007520 0.0933899 0.1121151 
XM_028847034_1_PREDICTED_Macaca_mulatta_REV3_like_DNA_directed_polymerase_zeta_catalytic_subunit_REV3L_transcript_variant_X1_mRNA_1                        0.0115409 0.0852553 0.1120398 0.0000000 0.0848768 0.0443540 0.0115409 0.0806747 0.0842386 0.0000010 0.0596330 0.0548284 0.0693723 0.0692109 0.0757145 0.0836055 0.0623292 0.0635856 0.0513858 0.0241901 0.1843867 0.1546136 0.1546136 0.1806057 0.0943371 0.1035701 0.1026187 8.9999983 0.0512144 0.0846010 0.0729284 0.1168438 0.0781642 0.0986297 0.0795411 0.0696285 0.1238826 0.1167695 0.1109929 0.1012232 0.0671581 0.1027335 0.0869580 0.0669632 0.0674697 0.0631769 0.0669632 0.0341292 0.0374922 0.0378660 0.0341292 0.0443540 0.0512279 0.0633974 0.0553554 0.0408904 0.0487581 0.0627183 0.0548168 0.0404901 0.0404901 0.0408904 0.0374825 0.0478557 0.1180762 0.0848768 0.0895630 0.0809450 0.0776630 0.0889490 0.0970646 0.0627816 0.0627481 0.0627481 0.0656431 0.0619331 0.0546439 0.0546439 0.0656431 0.0582584 0.0582584 0.0619331 0.0619331 0.0985538 0.0842480 0.0968560 0.0729786 0.0769252 0.0951521 0.0577078 0.0654576 0.0807551 0.0580896 0.0767279 0.0665719 0.0580808 0.0836974 0.0807295 0.0816053 0.0768800 0.0704028 0.0686882 0.0513858 0.2869735 0.0649581 0.3033508 0.0056936 0.0028289 0.0028289 0.0028284 0.0056936 0.0146775 0.0145239 0.0115409 0.0210139 0.0273864 0.0273864 0.0333856 0.1043999 0.0402182 0.0397587 0.0592123 0.0519288 0.0890651 0.0688507 0.0617493 0.0616749 0.0544495 0.3015571 0.2775623 0.0633974 0.0558864 0.0613490 
XM_024996589_1_PREDICTED_Bos_taurus_REV3_like_DNA_directed_polymerase_zeta_catalytic_subunit_REV3L_transcript_variant_X1_mRNA_1                            0.0693935 0.1145450 0.1453113 0.0848768 0.0000000 0.0542751 0.0693935 0.0467808 0.1132975 0.0848768 0.0625220 0.0505860 0.0844421 0.0757578 0.0682113 0.1123507 0.0795372 0.0915819 0.0507299 0.0870810 0.1781915 0.1494117 0.1599171 0.1748245 0.1080901 0.1178895 0.1112075 8.9999983 0.0812758 0.0767586 0.1008690 0.1553995 0.0742258 0.1404064 0.1104542 0.0975071 0.1606263 0.1488828 0.1328457 0.1223676 0.0781140 0.1070226 0.1065855 0.0818655 0.0825192 0.0779185 0.0818655 0.0736963 0.0775850 0.0737198 0.0736963 0.0542751 0.0541011 0.0588233 0.0582373 0.0507275 0.0820771 0.0808777 0.0576781 0.0502329 0.0502329 0.0507275 0.0542647 0.0507432 0.0586866 0.0000010 0.0028426 0.0145197 0.0238404 0.0332515 0.0465516 0.0436750 0.0436525 0.0436525 0.0465374 0.0300136 0.0364867 0.0364867 0.0465374 0.0397910 0.0397910 0.0364977 0.0300136 0.1059982 0.0672124 0.1094367 0.0795630 0.0838482 0.1022772 0.0569597 0.0573427 0.0645802 0.0573250 0.0877774 0.0656537 0.0645504 0.0988554 0.0795498 0.0834980 0.0757814 0.0770600 0.0604941 0.0507299 0.2730122 0.0470780 0.2667517 0.0848768 0.0888926 0.0888926 0.0809280 0.0848768 0.0902942 0.0732141 0.0693935 0.0829628 0.0911469 0.0911469 0.0894537 0.1248314 0.0741307 0.0582096 0.0876915 0.0660988 0.1019766 0.0833770 0.0768474 0.0845926 0.0617073 0.2866710 0.2781143 0.0588233 0.0587894 0.0763134 
XM_014118216_3_PREDICTED_Canis_lupus_familiaris_REV3_like_DNA_directed_polymerase_zeta_catalytic_subunit_REV3L_transcript_variant_X1_mRNA_1                0.0409077 0.0806707 0.0977998 0.0443540 0.0542751 0.0000000 0.0409077 0.0475158 0.0807441 0.0443540 0.0240400 0.0238143 0.0384567 0.0510845 0.0582250 0.0801415 0.0566652 0.0520297 0.0306182 0.0563168 0.1653608 0.1369269 0.1580003 0.1730499 0.0918273 0.1011249 0.1001991 8.9999983 0.0413885 0.0589801 0.0686500 0.1228159 0.0525977 0.0935006 0.0821066 0.0653893 0.1469601 0.1131613 0.1074140 0.0976882 0.0599898 0.0794987 0.0815177 0.0487504 0.0490922 0.0451826 0.0487504 0.0271247 0.0303446 0.0336147 0.0271247 0.0000010 0.0206944 0.0272277 0.0240328 0.0085930 0.0337832 0.0467736 0.0238094 0.0115290 0.0115290 0.0085930 0.0115324 0.0145132 0.0830125 0.0542751 0.0582496 0.0507486 0.0475876 0.0579070 0.0689231 0.0341331 0.0341154 0.0341154 0.0438155 0.0404110 0.0337272 0.0337272 0.0438155 0.0370430 0.0370430 0.0404110 0.0404110 0.0835924 0.0568533 0.0789863 0.0546327 0.0452450 0.0606516 0.0337342 0.0339395 0.0475676 0.0339324 0.0535244 0.0413147 0.0339275 0.0679460 0.0619042 0.0582924 0.0582801 0.0519288 0.0437929 0.0306182 0.2424420 0.0478283 0.2576289 0.0443540 0.0478659 0.0478659 0.0408990 0.0443540 0.0557623 0.0443727 0.0341381 0.0453603 0.0525922 0.0525922 0.0589711 0.1124503 0.0378992 0.0307876 0.0476825 0.0415674 0.0739085 0.0582068 0.0517519 0.0516889 0.0517188 0.3065365 0.2969356 0.0272277 0.0280573 0.0514265 
XM_016956167_2_PREDICTED_Pan_troglodytes_REV3_like_DNA_directed_polymerase_zeta_catalytic_subunit_REV3L_transcript_variant_X1_mRNA_1                       0.0000010 0.0893089 0.1166533 0.0115409 0.0693935 0.0409077 0.0000000 0.0654062 0.0842664 0.0115409 0.0559311 0.0442175 0.0654224 0.0692255 0.0682216 0.0836330 0.0550100 0.0674410 0.0443517 0.0241951 0.1961830 0.1652957 0.1652957 0.1924757 0.0861475 0.0950860 0.1026404 8.9999983 0.0512252 0.0767785 0.0767908 0.1168845 0.0703767 0.1030695 0.0795659 0.0734776 0.1239233 0.1168088 0.1110300 0.1012567 0.0671725 0.0943523 0.0789003 0.0594141 0.0598488 0.0557267 0.0594141 0.0308179 0.0341363 0.0344758 0.0308179 0.0409077 0.0476974 0.0596459 0.0517409 0.0374904 0.0451850 0.0665047 0.0512388 0.0371244 0.0371244 0.0374904 0.0341276 0.0443634 0.1004706 0.0693935 0.0737312 0.0656500 0.0624084 0.0732604 0.0889490 0.0481888 0.0481634 0.0481634 0.0511029 0.0475799 0.0406633 0.0406633 0.0511029 0.0440938 0.0440938 0.0475799 0.0475799 0.0902696 0.0681878 0.0887395 0.0654474 0.0729026 0.0908171 0.0506119 0.0581140 0.0730283 0.0581018 0.0767448 0.0665862 0.0509227 0.0920077 0.0807464 0.0816226 0.0692474 0.0704178 0.0687025 0.0443517 0.2770104 0.0576778 0.2932948 0.0175400 0.0145239 0.0145239 0.0145210 0.0175400 0.0271508 0.0028303 0.0056959 0.0148106 0.0210162 0.0210162 0.0269563 0.1044327 0.0335755 0.0332048 0.0555429 0.0555754 0.0890847 0.0688651 0.0545009 0.0616879 0.0544610 0.2939339 0.2703325 0.0596459 0.0522358 0.0613618 
XM_021091238_1_PREDICTED_Sus_scrofa_REV3_like_DNA_directed_polymerase_zeta_catalytic_subunit_REV3L_transcript_variant_X1_mRNA_1                            0.0654062 0.1067424 0.1270648 0.0806747 0.0467808 0.0475158 0.0654062 0.0000000 0.0966044 0.0806747 0.0555076 0.0439039 0.0768194 0.0762538 0.0686357 0.0958397 0.0752758 0.0757791 0.0510205 0.0827458 0.1744472 0.1561488 0.1669360 0.1826491 0.0992169 0.1087058 0.0991221 8.9999980 0.0739460 0.0657823 0.0933121 0.1312499 0.0786951 0.1223190 0.0974916 0.0818354 0.1553656 0.1306437 0.1152702 0.1053322 0.0867070 0.1035098 0.1018862 0.0667153 0.0750420 0.0705810 0.0667153 0.0664905 0.0703131 0.0742021 0.0664905 0.0475158 0.0473541 0.0591873 0.0513591 0.0440345 0.0746767 0.0736110 0.0508644 0.0436055 0.0436055 0.0440345 0.0475058 0.0440481 0.0693866 0.0467808 0.0505623 0.0433771 0.0471167 0.0573338 0.0719682 0.0508882 0.0580172 0.0580172 0.0537562 0.0433856 0.0433724 0.0433724 0.0537562 0.0467854 0.0467854 0.0433856 0.0433856 0.0818785 0.0600089 0.0852968 0.0649450 0.0762939 0.0943019 0.0433814 0.0576809 0.0576809 0.0576689 0.0842487 0.0660638 0.0576602 0.0953672 0.0724193 0.0920173 0.0762778 0.0775767 0.0644904 0.0510205 0.2672199 0.0502121 0.2829134 0.0806747 0.0846372 0.0846372 0.0767791 0.0806747 0.0941492 0.0691711 0.0654062 0.0786865 0.0786865 0.0786865 0.0932618 0.1291251 0.0624514 0.0473340 0.0752676 0.0665156 0.0854600 0.0686142 0.0696433 0.0851698 0.0695991 0.3183348 0.2931967 0.0591873 0.0518466 0.0768195 
XM_040758199_1_PREDICTED_Mesocricetus_auratus_REV3_like_DNA_directed_polymerase_zeta_catalytic_subunit_Rev3l_transcript_variant_X1_mRNA_1                  0.0842664 0.0598199 0.0752532 0.0842386 0.1132975 0.0807441 0.0842664 0.0966044 0.0000000 0.0842386 0.0874020 0.0764636 0.1003668 0.0891333 0.1122908 0.0057229 0.0711727 0.0518655 0.0839896 0.0951682 0.2350474 0.1865506 0.2108413 0.2180469 0.1467972 0.1585339 0.1304647 3.3328614 0.0874464 0.1096876 0.0413883 0.0458895 0.0941436 0.0711169 0.0557295 0.0451894 0.0944121 0.0341485 0.0371502 0.0303556 0.0990615 0.1120835 0.0973713 0.0981990 0.1080741 0.1026438 0.0981990 0.0848929 0.0890941 0.0933725 0.0848929 0.0807441 0.0805231 0.0917455 0.0822225 0.0766392 0.1046077 0.1028234 0.0846651 0.0758368 0.0758368 0.0766392 0.0726082 0.0766646 0.1201766 0.1132975 0.1188422 0.1088828 0.0967577 0.1178919 0.1270028 0.0941427 0.1028622 0.1028622 0.1045100 0.0959135 0.0958820 0.0958820 0.1045100 0.1001575 0.1001575 0.0959135 0.0959135 0.1018254 0.0922838 0.0934144 0.0718977 0.1070518 0.1199788 0.0714013 0.0787708 0.0951528 0.0787539 0.0959785 0.0898664 0.0799398 0.1061653 0.0933618 0.1021276 0.0891630 0.0908171 0.1001247 0.0839896 0.3287009 0.0916111 0.3468895 0.0842386 0.0851350 0.0851350 0.0801367 0.0842386 0.0985286 0.0884438 0.0842664 0.0995275 0.0995275 0.0995275 0.1063477 0.1317136 0.0915312 0.0833231 0.0848929 0.0891286 0.1461103 0.0992643 0.0924291 0.0965665 0.1009469 0.3959719 0.3782697 0.0917455 0.0864235 0.0917153 
XM_015448392_1_PREDICTED_Macaca_fascicularis_REV3_like_DNA_directed_polymerase_zeta_catalytic_subunit_REV3L_transcript_variant_X1_mRNA_1                   0.0115409 0.0852553 0.1120398 0.0000010 0.0848768 0.0443540 0.0115409 0.0806747 0.0842386 0.0000000 0.0596330 0.0548284 0.0693723 0.0692109 0.0757145 0.0836055 0.0623292 0.0635856 0.0513858 0.0241901 0.1843867 0.1546136 0.1546136 0.1806057 0.0943371 0.1035701 0.1026187 8.9999983 0.0512144 0.0846010 0.0729284 0.1168438 0.0781642 0.0986297 0.0795411 0.0696285 0.1238826 0.1167695 0.1109929 0.1012232 0.0671581 0.1027335 0.0869580 0.0669632 0.0674697 0.0631769 0.0669632 0.0341292 0.0374922 0.0378660 0.0341292 0.0443540 0.0512279 0.0633974 0.0553554 0.0408904 0.0487581 0.0627183 0.0548168 0.0404901 0.0404901 0.0408904 0.0374825 0.0478557 0.1180762 0.0848768 0.0895630 0.0809450 0.0776630 0.0889490 0.0970646 0.0627816 0.0627481 0.0627481 0.0656431 0.0619331 0.0546439 0.0546439 0.0656431 0.0582584 0.0582584 0.0619331 0.0619331 0.0985538 0.0842480 0.0968560 0.0729786 0.0769252 0.0951521 0.0577078 0.0654576 0.0807551 0.0580896 0.0767279 0.0665719 0.0580808 0.0836974 0.0807295 0.0816053 0.0768800 0.0704028 0.0686882 0.0513858 0.2869735 0.0649581 0.3033508 0.0056936 0.0028289 0.0028289 0.0028284 0.0056936 0.0146775 0.0145239 0.0115409 0.0210139 0.0273864 0.0273864 0.0333856 0.1043999 0.0402182 0.0397587 0.0592123 0.0519288 0.0890651 0.0688507 0.0617493 0.0616749 0.0544495 0.3015571 0.2775623 0.0633974 0.0558864 0.0613490 
XM_004753515_2_PREDICTED_Mustela_putorius_furo_REV3_like_polymerase_DNA_directed_zeta_catalytic_subunit_REV3L_transcript_variant_X1_mRNA_1                 0.0559311 0.0869967 0.0962938 0.0596330 0.0625220 0.0240400 0.0559311 0.0555076 0.0874020 0.0596330 0.0000000 0.0241755 0.0504525 0.0592471 0.0667117 0.0867144 0.0576493 0.0572090 0.0447706 0.0649846 0.1579543 0.1295256 0.1506264 0.1653330 0.1111120 0.1212934 0.1109911 8.9999983 0.0566528 0.0676266 0.0743952 0.1218073 0.0688764 0.0919051 0.0970811 0.0710367 0.1570112 0.1215446 0.1154456 0.1051671 0.0688269 0.0809345 0.0830429 0.0646987 0.0651948 0.0608545 0.0646987 0.0341309 0.0374941 0.0409117 0.0341309 0.0240400 0.0210056 0.0028284 0.0056920 0.0147222 0.0411292 0.0475254 0.0241705 0.0177808 0.0177808 0.0147222 0.0177861 0.0147265 0.0812504 0.0625220 0.0667403 0.0588358 0.0483679 0.0588730 0.0701010 0.0415652 0.0486177 0.0486177 0.0515853 0.0410568 0.0410440 0.0410440 0.0515853 0.0445077 0.0445077 0.0410568 0.0410568 0.1055730 0.0578486 0.0836616 0.0629563 0.0460045 0.0663192 0.0410568 0.0382450 0.0598401 0.0382406 0.0668448 0.0455464 0.0378623 0.0771869 0.0705631 0.0745066 0.0667759 0.0602605 0.0515634 0.0447706 0.2674983 0.0558922 0.2704506 0.0596330 0.0559369 0.0559369 0.0559190 0.0596330 0.0721523 0.0596587 0.0486560 0.0610751 0.0688688 0.0688688 0.0754562 0.1112902 0.0528825 0.0450416 0.0484677 0.0494682 0.0837443 0.0666904 0.0677073 0.0525497 0.0525861 0.3157618 0.3212630 0.0028284 0.0353407 0.0522829 
XM_034668992_1_PREDICTED_Ailuropoda_melanoleuca_REV3_like_DNA_directed_polymerase_zeta_catalytic_subunit_REV3L_transcript_variant_X1_mRNA_1                0.0442175 0.0773463 0.0899688 0.0548284 0.0505860 0.0238143 0.0442175 0.0439039 0.0764636 0.0548284 0.0241755 0.0000000 0.0458107 0.0544871 0.0617077 0.0759035 0.0454965 0.0523837 0.0337939 0.0517685 0.1597968 0.1316600 0.1472097 0.1671727 0.1044373 0.1097251 0.1000015 8.9999983 0.0518848 0.0625209 0.0691386 0.1081480 0.0636442 0.0857338 0.0859449 0.0658523 0.1418550 0.1083836 0.1027424 0.0931786 0.0635994 0.0752966 0.0771939 0.0596188 0.0600581 0.0559072 0.0596188 0.0405081 0.0405081 0.0474057 0.0405081 0.0238143 0.0028276 0.0273838 0.0178829 0.0206944 0.0476651 0.0540815 0.0056920 0.0176165 0.0176165 0.0206944 0.0238094 0.0207005 0.0788016 0.0505860 0.0544756 0.0471098 0.0439701 0.0541628 0.0650253 0.0239540 0.0303345 0.0303345 0.0402764 0.0303558 0.0303466 0.0303466 0.0402764 0.0336099 0.0336099 0.0303558 0.0303558 0.0907370 0.0529569 0.0740806 0.0473982 0.0455442 0.0610885 0.0303558 0.0371522 0.0509306 0.0371444 0.0647946 0.0411749 0.0338097 0.0716619 0.0654306 0.0692405 0.0545041 0.0553939 0.0470902 0.0337939 0.2393862 0.0512146 0.2547220 0.0548284 0.0584790 0.0584790 0.0512388 0.0548284 0.0668477 0.0477224 0.0442175 0.0481636 0.0553618 0.0553618 0.0616625 0.1078826 0.0482470 0.0407275 0.0551779 0.0449354 0.0778110 0.0616883 0.0552099 0.0551370 0.0551746 0.3158953 0.2981173 0.0273838 0.0312795 0.0548572 
XM_015600069_2_PREDICTED_Pteropus_alecto_REV3_like_DNA_directed_polymerase_zeta_catalytic_subunit_REV3L_transcript_variant_X1_mRNA_1                       0.0654224 0.0960357 0.1061692 0.0693723 0.0844421 0.0384567 0.0654224 0.0768194 0.1003668 0.0693723 0.0504525 0.0458107 0.0000000 0.0728704 0.0760606 0.0995329 0.0835469 0.0620847 0.0572213 0.0838216 0.2060333 0.1811830 0.2059529 0.2267216 0.1297788 0.1410910 0.1345553 8.9999983 0.0703753 0.0738747 0.0829045 0.1423228 0.0924966 0.1016106 0.1099686 0.0794940 0.1554391 0.1361732 0.1199933 0.1095229 0.0871071 0.1187772 0.1066680 0.0792262 0.0798954 0.0750507 0.0792262 0.0572463 0.0610649 0.0649521 0.0572463 0.0384567 0.0422213 0.0542129 0.0430789 0.0349939 0.0653614 0.0802910 0.0458007 0.0315804 0.0315804 0.0349939 0.0384484 0.0419601 0.0989713 0.0844421 0.0893141 0.0803564 0.0769422 0.0804094 0.0928616 0.0693764 0.0693379 0.0693379 0.0683810 0.0644894 0.0568533 0.0568533 0.0683810 0.0606383 0.0606383 0.0644894 0.0644894 0.1141200 0.0525919 0.0908130 0.0688537 0.0087230 0.0176296 0.0458229 0.0527903 0.0679013 0.0455290 0.0649879 0.0621712 0.0461159 0.0928304 0.0851119 0.0893933 0.0810192 0.0741977 0.0644611 0.0572213 0.3027222 0.0774228 0.3202175 0.0693723 0.0701151 0.0701151 0.0654079 0.0693723 0.0829365 0.0694031 0.0576651 0.0711574 0.0795038 0.0795038 0.0812895 0.1309494 0.0662759 0.0576015 0.0822130 0.0659086 0.0966798 0.0841791 0.0691950 0.0731114 0.0780330 0.3419976 0.3306249 0.0542129 0.0549359 0.0767110 
XM_005883745_2_PREDICTED_Myotis_brandtii_REV3_like_polymerase_DNA_directed_zeta_catalytic_subunit_REV3L_transcript_variant_X1_mRNA_1                       0.0692255 0.0859355 0.1084895 0.0692109 0.0757578 0.0510845 0.0692255 0.0762538 0.0891333 0.0692109 0.0592471 0.0544871 0.0728704 0.0000000 0.0879986 0.0884438 0.0642988 0.0798920 0.0576839 0.0709324 0.1762633 0.1582825 0.1582825 0.1728643 0.1257976 0.1362542 0.1166289 8.9999983 0.0701496 0.0861198 0.0734776 0.1328538 0.0748087 0.1039710 0.1017682 0.0701496 0.1470484 0.1225829 0.1166112 0.1065420 0.0795149 0.1003501 0.0857370 0.0865769 0.0872874 0.0825369 0.0865769 0.0703842 0.0742614 0.0782061 0.0703842 0.0510845 0.0509148 0.0629797 0.0550073 0.0475528 0.0747529 0.0775647 0.0544756 0.0470878 0.0470878 0.0475528 0.0510738 0.0475676 0.1115093 0.0757578 0.0801674 0.0795994 0.0687888 0.0874456 0.0874183 0.0617626 0.0691784 0.0691784 0.0796078 0.0609450 0.0682537 0.0682537 0.0796078 0.0719865 0.0719865 0.0682749 0.0609450 0.0968291 0.0877435 0.0813923 0.0541373 0.0691395 0.0901035 0.0468360 0.0471339 0.0613588 0.0402885 0.0605189 0.0409377 0.0541431 0.0212446 0.0145232 0.0115517 0.0056990 0.0028447 0.0434013 0.0576839 0.2583970 0.0768195 0.2611979 0.0692109 0.0730283 0.0730283 0.0654576 0.0692109 0.0788173 0.0730437 0.0617721 0.0748087 0.0827856 0.0827856 0.0892804 0.1246876 0.0739575 0.0654026 0.0842620 0.0628053 0.0984643 0.0801088 0.0650281 0.0812711 0.0735047 0.3313572 0.3064090 0.0629797 0.0518987 0.0573692 
XM_006157005_3_PREDICTED_Tupaia_chinensis_REV3_like_DNA_directed_polymerase_zeta_catalytic_subunit_REV3L_transcript_variant_X3_mRNA_1                      0.0682216 0.1092875 0.1247889 0.0757145 0.0682113 0.0582250 0.0682216 0.0686357 0.1122908 0.0757145 0.0667117 0.0617077 0.0760606 0.0879986 0.0000000 0.1157510 0.0781224 0.0826566 0.0693205 0.0776015 0.1653537 0.1478173 0.1581802 0.1764126 0.0854245 0.0942554 0.0975726 8.9999983 0.0653719 0.0649072 0.1041938 0.1537496 0.0814973 0.1110451 0.1084346 0.1008591 0.1622892 0.1522946 0.1269411 0.1257897 0.0660075 0.0894732 0.0876105 0.0812279 0.0818696 0.0773211 0.0812279 0.0618876 0.0655948 0.0693643 0.0618876 0.0582250 0.0580413 0.0705405 0.0622997 0.0546012 0.0786573 0.0854257 0.0616947 0.0540644 0.0540644 0.0546012 0.0582128 0.0546183 0.1158267 0.0682113 0.0724531 0.0645402 0.0763215 0.0873916 0.1035005 0.0691711 0.0767709 0.0767709 0.0645402 0.0682324 0.0682113 0.0682113 0.0645402 0.0645268 0.0645268 0.0682324 0.0682324 0.1223304 0.0747561 0.1001765 0.0840122 0.0755464 0.0849025 0.0609009 0.0762816 0.0840514 0.0686954 0.1012358 0.0776015 0.0612983 0.1082364 0.0840159 0.0960946 0.0960747 0.0895630 0.0795172 0.0693205 0.2863845 0.0467687 0.3024333 0.0757145 0.0795540 0.0795540 0.0795375 0.0834071 0.0886779 0.0645567 0.0609038 0.0736728 0.0814885 0.0814885 0.0800251 0.1313825 0.0543760 0.0572510 0.0741899 0.0510790 0.0925322 0.0533756 0.0649817 0.0800421 0.0649410 0.3083389 0.3136726 0.0705405 0.0628960 0.0645633 
XM_027402162_2_PREDICTED_Cricetulus_griseus_REV3_like_DNA_directed_polymerase_zeta_catalytic_subunit_Rev3l_transcript_variant_X5_mRNA_1                    0.0836330 0.0594203 0.0746872 0.0836055 0.1123507 0.0801415 0.0836330 0.0958397 0.0057229 0.0836055 0.0867144 0.0759035 0.0995329 0.0884438 0.1157510 0.0000000 0.0706717 0.0515349 0.0833592 0.0944012 0.2318733 0.1843654 0.2082327 0.2151502 0.1453820 0.1569363 0.1292782 8.9999989 0.0966195 0.1087760 0.0411376 0.0455998 0.0933939 0.0705918 0.0553669 0.0449085 0.0851918 0.0339514 0.0369355 0.0301865 0.0982837 0.1155492 0.0965925 0.0974038 0.1071560 0.1017978 0.0974038 0.0842480 0.0884053 0.0926377 0.0842480 0.0801415 0.0799224 0.0910108 0.0815948 0.0760772 0.1037231 0.1019766 0.0840224 0.0752877 0.0752877 0.0760772 0.0720854 0.0761021 0.1191307 0.1123507 0.1178207 0.1079880 0.0959914 0.1168910 0.1168531 0.0933930 0.1020148 0.1020148 0.1080002 0.0951634 0.0951324 0.0951324 0.1080002 0.0993613 0.0993613 0.0951634 0.0951634 0.1009960 0.0915347 0.0926789 0.0713858 0.1061230 0.1188958 0.0708978 0.0782015 0.0944172 0.0781849 0.0951946 0.0891630 0.0793502 0.1052557 0.0926273 0.1056765 0.0884731 0.0900979 0.0993289 0.0833592 0.3097713 0.0950811 0.3273840 0.0836055 0.0844877 0.0844877 0.0795450 0.0836055 0.0977300 0.0877669 0.0836330 0.0987117 0.0987117 0.0987117 0.1054683 0.1259445 0.1008529 0.0827047 0.0842480 0.0884392 0.1446576 0.1027158 0.0917098 0.0958027 0.1001350 0.3888811 0.3717257 0.0910108 0.0857521 0.0910102 
XM_013069186_2_PREDICTED_Heterocephalus_glaber_REV3_like_DNA_directed_polymerase_zeta_catalytic_subunit_Rev3l_transcript_variant_X1_mRNA_1                 0.0550100 0.0839857 0.0950350 0.0623292 0.0795372 0.0566652 0.0550100 0.0752758 0.0711727 0.0623292 0.0576493 0.0454965 0.0835469 0.0642988 0.0781224 0.0706717 0.0000000 0.0596122 0.0529253 0.0638600 0.1896569 0.1614983 0.1806285 0.1983031 0.1246618 0.1353723 0.1152907 8.9999983 0.0602258 0.0874129 0.0713316 0.1014164 0.0807532 0.0821719 0.0781515 0.0758452 0.1287390 0.1018777 0.0964867 0.0873114 0.0443240 0.0544384 0.0341010 0.0771893 0.0778190 0.0731439 0.0771893 0.0604463 0.0642777 0.0649521 0.0604463 0.0566652 0.0490949 0.0615029 0.0532927 0.0529282 0.0686107 0.0686142 0.0527600 0.0523889 0.0523889 0.0529282 0.0566528 0.0529454 0.1056440 0.0795372 0.0842531 0.0755464 0.0721723 0.0836704 0.0961511 0.0570741 0.0647129 0.0647129 0.0676965 0.0563074 0.0562892 0.0562892 0.0676965 0.0600349 0.0600349 0.0563074 0.0563074 0.1020319 0.0820289 0.0875426 0.0674774 0.0829373 0.1021642 0.0520903 0.0561309 0.0714013 0.0561188 0.0793439 0.0576749 0.0636406 0.0874863 0.0760854 0.0769422 0.0643198 0.0654370 0.0562771 0.0529253 0.2715036 0.0669670 0.2885265 0.0698605 0.0660844 0.0660844 0.0660704 0.0698605 0.0776256 0.0586677 0.0550100 0.0676745 0.0755218 0.0755218 0.0741502 0.1080651 0.0593538 0.0513588 0.0642707 0.0572686 0.0922159 0.0710096 0.0561278 0.0635750 0.0636126 0.3507076 0.3388694 0.0615029 0.0576146 0.0632244 
XM_008852401_2_PREDICTED_Nannospalax_galili_REV3_like_DNA_directed_polymerase_zeta_catalytic_subunit_Rev3l_transcript_variant_X1_mRNA_1                    0.0674410 0.0589617 0.0643779 0.0635856 0.0915819 0.0520297 0.0674410 0.0757791 0.0518655 0.0635856 0.0572090 0.0523837 0.0620847 0.0798920 0.0826566 0.0515349 0.0596122 0.0000000 0.0640039 0.0691459 0.1833600 0.1688952 0.1746485 0.1793348 0.1117754 0.1221006 0.0966537 8.9999980 0.0683680 0.0880330 0.0374418 0.0915826 0.0813267 0.0605530 0.0631399 0.0516754 0.1154810 0.0799050 0.0750910 0.0667760 0.0629171 0.0906204 0.0845434 0.0769225 0.0859338 0.0810622 0.0769225 0.0556853 0.0593889 0.0631570 0.0556853 0.0520297 0.0487401 0.0610253 0.0497253 0.0484165 0.0723190 0.0635447 0.0523724 0.0448544 0.0448544 0.0484165 0.0448640 0.0484318 0.1154750 0.0915819 0.0965884 0.0874374 0.0840364 0.0958829 0.1088373 0.0764089 0.0845762 0.0845762 0.0874472 0.0752883 0.0752637 0.0752637 0.0874472 0.0792646 0.0792646 0.0752883 0.0752883 0.1061640 0.0843926 0.0976463 0.0758208 0.0672693 0.0788544 0.0523976 0.0594144 0.0747404 0.0520488 0.0745041 0.0691459 0.0602197 0.1004076 0.0839626 0.0966624 0.0881635 0.0813579 0.0635754 0.0640039 0.2966066 0.0752312 0.3141731 0.0635856 0.0642465 0.0642465 0.0597976 0.0635856 0.0764337 0.0713512 0.0598169 0.0731200 0.0731200 0.0731200 0.0880086 0.1223635 0.0722710 0.0560255 0.0640317 0.0557065 0.1113182 0.0826298 0.0640629 0.0717762 0.0718191 0.3650582 0.3525566 0.0610253 0.0579756 0.0713589 
XM_023650934_1_PREDICTED_Equus_caballus_REV3_like_DNA_directed_polymerase_zeta_catalytic_subunit_REV3L_transcript_variant_X1_mRNA_1                        0.0443517 0.0858712 0.0994104 0.0513858 0.0507299 0.0306182 0.0443517 0.0510205 0.0839896 0.0513858 0.0447706 0.0337939 0.0572213 0.0576839 0.0693205 0.0833592 0.0529253 0.0640039 0.0000000 0.0600416 0.1800964 0.1508642 0.1724591 0.1651646 0.0940893 0.1033210 0.0991484 9.0000000 0.0409751 0.0657995 0.0812279 0.1263126 0.0747442 0.0950138 0.0820933 0.0739575 0.1370000 0.1073835 0.1107408 0.1009689 0.0520266 0.0786736 0.0725479 0.0482621 0.0485968 0.0447313 0.0482621 0.0481429 0.0517188 0.0411485 0.0481429 0.0306182 0.0371113 0.0483064 0.0408736 0.0273628 0.0556764 0.0549351 0.0404842 0.0271003 0.0271003 0.0273628 0.0306118 0.0339116 0.0789777 0.0507299 0.0546268 0.0404006 0.0441030 0.0543114 0.0689121 0.0405020 0.0404821 0.0404821 0.0404045 0.0370448 0.0304498 0.0304498 0.0404045 0.0337218 0.0337218 0.0370448 0.0370448 0.0779263 0.0606216 0.0735089 0.0540925 0.0644824 0.0815855 0.0334078 0.0402639 0.0510711 0.0402556 0.0681843 0.0478561 0.0470831 0.0789944 0.0686667 0.0650114 0.0577019 0.0586431 0.0502302 0.0000010 0.2423801 0.0616719 0.2575648 0.0513858 0.0549927 0.0549927 0.0478382 0.0513858 0.0632072 0.0478633 0.0443517 0.0562711 0.0638048 0.0638048 0.0702566 0.1124195 0.0483906 0.0408543 0.0604202 0.0411511 0.0813080 0.0505335 0.0512333 0.0583834 0.0441711 0.2948854 0.3083913 0.0483064 0.0181402 0.0580776 
XM_035296530_1_PREDICTED_Callithrix_jacchus_REV3_like_DNA_directed_polymerase_zeta_catalytic_subunit_REV3L_transcript_variant_X1_mRNA_1                    0.0241951 0.0958771 0.1201153 0.0241901 0.0870810 0.0563168 0.0241951 0.0827458 0.0951682 0.0241901 0.0649846 0.0517685 0.0838216 0.0709324 0.0776015 0.0944012 0.0638600 0.0691459 0.0600416 0.0000000 0.1912493 0.1598345 0.1653614 0.1786149 0.1055796 0.1109388 0.1010809 8.9999983 0.0598491 0.0867960 0.0868102 0.1254946 0.0721449 0.1060268 0.0895819 0.0833872 0.1471799 0.1250940 0.1095906 0.0996110 0.0688572 0.1055741 0.0892843 0.0726242 0.0732008 0.0686707 0.0726242 0.0526231 0.0526231 0.0569027 0.0526231 0.0563168 0.0481788 0.0689144 0.0604762 0.0526091 0.0691576 0.0642711 0.0517575 0.0520766 0.0520766 0.0526091 0.0489645 0.0526260 0.1215237 0.0870810 0.0919378 0.0830254 0.0796580 0.0790630 0.0954452 0.0559582 0.0634011 0.0634011 0.0750405 0.0634419 0.0634215 0.0634215 0.0750405 0.0672380 0.0672380 0.0634419 0.0634419 0.1012514 0.0865254 0.0952206 0.0708983 0.0832081 0.0933639 0.0590840 0.0670679 0.0748409 0.0594873 0.0787760 0.0682408 0.0594781 0.0945076 0.0828034 0.0837248 0.0788349 0.0721881 0.0703807 0.0600416 0.2916957 0.0665402 0.3087385 0.0306540 0.0274061 0.0274061 0.0274004 0.0306540 0.0412025 0.0274118 0.0241951 0.0086010 0.0086010 0.0086010 0.0208870 0.1115817 0.0481254 0.0475403 0.0645036 0.0569123 0.1003852 0.0705480 0.0709207 0.0669743 0.0557445 0.3404717 0.2902308 0.0689144 0.0572531 0.0628284 
XM_007484437_2_PREDICTED_Monodelphis_domestica_REV3_like_DNA_directed_polymerase_zeta_catalytic_subunit_REV3L_transcript_variant_X1_mRNA_1                 0.1961830 0.2196230 0.2044933 0.1843867 0.1781915 0.1653608 0.1961830 0.1744472 0.2350474 0.1843867 0.1579543 0.1597968 0.2060333 0.1762633 0.1653537 0.2318733 0.1896569 0.1833600 0.1800964 0.1912493 0.0000000 0.0654512 0.0439662 0.0524489 0.2043279 0.2193002 0.2287652 9.0000000 0.1948096 0.1805654 0.1864539 0.2851137 0.2223599 0.1981413 0.2107063 0.1947850 0.2873666 0.2755411 0.2654830 0.2484124 0.1559885 0.1634253 0.2032967 0.2160657 0.2009559 0.2097818 0.2160657 0.1673712 0.1731912 0.1791203 0.1673712 0.1653608 0.1543031 0.1635435 0.1616097 0.1490206 0.1887190 0.1615483 0.1597609 0.1472960 0.1472960 0.1490206 0.1437183 0.1490730 0.2170621 0.1781915 0.1859274 0.1802316 0.1917956 0.1839247 0.1952248 0.1653685 0.1652740 0.1652740 0.1726719 0.1617987 0.1617435 0.1617435 0.1726719 0.1617435 0.1617435 0.1617987 0.1617987 0.1915561 0.1844096 0.2170535 0.1858552 0.1997391 0.2088738 0.1617987 0.1635812 0.1859446 0.1635450 0.1875065 0.1617602 0.1580971 0.1859882 0.1817091 0.1874301 0.1763007 0.1802798 0.1563937 0.1800964 0.3875850 0.1785582 0.3917027 0.1786021 0.1902747 0.1902747 0.1786021 0.1843867 0.1973475 0.2021936 0.1844500 0.2096775 0.2096775 0.2096775 0.1923570 0.2107491 0.1946557 0.1784838 0.1828233 0.1732832 0.1972402 0.1489951 0.1654729 0.1577250 0.1653421 0.2809411 0.2690437 0.1635435 0.1748130 0.1582847 
XM_031964400_1_PREDICTED_Sarcophilus_harrisii_REV3_like_DNA_directed_polymerase_zeta_catalytic_subunit_REV3L_transcript_variant_X1_mRNA_1                  0.1652957 0.1857397 0.1826131 0.1546136 0.1494117 0.1369269 0.1652957 0.1561488 0.1865506 0.1546136 0.1295256 0.1316600 0.1811830 0.1582825 0.1478173 0.1843654 0.1614983 0.1688952 0.1508642 0.1598345 0.0654512 0.0000000 0.0430070 0.0553667 0.1836044 0.1972188 0.1834076 9.0000000 0.1418776 0.1403888 0.1669245 0.2211649 0.1652669 0.1767550 0.1893452 0.1632856 0.2586753 0.1985391 0.1902870 0.1765261 0.1421707 0.1651725 0.1969909 0.1821028 0.1744443 0.1764178 0.1821028 0.1421082 0.1473489 0.1526901 0.1421082 0.1369269 0.1265809 0.1346993 0.1331291 0.1217865 0.1689291 0.1434871 0.1316300 0.1204018 0.1204018 0.1217865 0.1267546 0.1120968 0.1844959 0.1494117 0.1562994 0.1511102 0.1617825 0.1653986 0.1762350 0.1368188 0.1367394 0.1367394 0.1442576 0.1341281 0.1340818 0.1340818 0.1442576 0.1340818 0.1340818 0.1341281 0.1341281 0.1777062 0.1616116 0.2010458 0.1670499 0.1753054 0.1959914 0.1341117 0.1354754 0.1457549 0.1457404 0.1673525 0.1436771 0.1405516 0.1673368 0.1741990 0.1797983 0.1583166 0.1617807 0.1493606 0.1508642 0.4027869 0.1290647 0.4069931 0.1493832 0.1599409 0.1599409 0.1493832 0.1546136 0.1689969 0.1707475 0.1546663 0.1652669 0.1764902 0.1764902 0.1723633 0.2010002 0.1631567 0.1290113 0.1526180 0.1437952 0.1670162 0.1376340 0.1582717 0.1352726 0.1230066 0.2623669 0.2649688 0.1346993 0.1451666 0.1414534 
XM_036766364_1_PREDICTED_Trichosurus_vulpecula_REV3_like_DNA_directed_polymerase_zeta_catalytic_subunit_REV3L_transcript_variant_X1_mRNA_1                 0.1652957 0.1857170 0.1826131 0.1546136 0.1599171 0.1580003 0.1652957 0.1669360 0.2108413 0.1546136 0.1506264 0.1472097 0.2059529 0.1582825 0.1581802 0.2082327 0.1806285 0.1746485 0.1724591 0.1653614 0.0439662 0.0430070 0.0000000 0.0307164 0.1835824 0.1856575 0.1833855 9.0000000 0.1743968 0.1723935 0.1669040 0.2416009 0.1879885 0.1767550 0.2126065 0.1632653 0.2654891 0.2294510 0.2268162 0.2117205 0.1598137 0.1614888 0.2056261 0.1937636 0.1857895 0.1879543 0.1937636 0.1526370 0.1473306 0.1634817 0.1526370 0.1580003 0.1419197 0.1560804 0.1542505 0.1420505 0.1746834 0.1487863 0.1471765 0.1404222 0.1404222 0.1420505 0.1368788 0.1421004 0.2083753 0.1599171 0.1670953 0.1726276 0.1839016 0.1762725 0.1762138 0.1525785 0.1524909 0.1524909 0.1652869 0.1442576 0.1546053 0.1546053 0.1652869 0.1546053 0.1546053 0.1546580 0.1442576 0.1885638 0.1843387 0.2010221 0.1670294 0.1996609 0.2218047 0.1546391 0.1563147 0.1781770 0.1670953 0.1791673 0.1543940 0.1509604 0.1673368 0.1635014 0.1797983 0.1583166 0.1617807 0.1598823 0.1724591 0.3950765 0.1598475 0.3838725 0.1493832 0.1599409 0.1599409 0.1493832 0.1546136 0.1653588 0.1707475 0.1652957 0.1708571 0.1822081 0.1822081 0.1668881 0.1895056 0.1631770 0.1597824 0.1744658 0.1653904 0.1726745 0.1581080 0.1796896 0.1614544 0.1427343 0.2623669 0.2382560 0.1560804 0.1670869 0.1618710 
XM_027848601_1_PREDICTED_Vombatus_ursinus_REV3_like_DNA_directed_polymerase_zeta_catalytic_subunit_REV3L_transcript_variant_X1_mRNA_1                      0.1924757 0.2159720 0.1855204 0.1806057 0.1748245 0.1730499 0.1924757 0.1826491 0.2180469 0.1806057 0.1653330 0.1671727 0.2267216 0.1728643 0.1764126 0.2151502 0.1983031 0.1793348 0.1651646 0.1786149 0.0524489 0.0553667 0.0307164 0.0000000 0.1805251 0.1946767 0.1884056 9.0000000 0.1909918 0.1885859 0.1708782 0.2742443 0.2059418 0.1793409 0.2195722 0.1612616 0.2991186 0.2379169 0.2417701 0.2252667 0.1750628 0.1894332 0.2301848 0.2059489 0.1971817 0.1996784 0.2059489 0.1672129 0.1730597 0.1672516 0.1672129 0.1730499 0.1613325 0.1712811 0.1691596 0.1556921 0.1983045 0.1631999 0.1671337 0.1538082 0.1538082 0.1556921 0.1500675 0.1557491 0.2284454 0.1748245 0.1828294 0.1769427 0.2011194 0.1986103 0.1985426 0.1730997 0.1729971 0.1729971 0.1806589 0.1578177 0.1690531 0.1690531 0.1806589 0.1690531 0.1690531 0.1691129 0.1578177 0.1937209 0.2021003 0.2197340 0.1947910 0.2196835 0.2484750 0.1806589 0.1711009 0.1948878 0.1828294 0.1972296 0.1693231 0.1652741 0.1829273 0.1821856 0.1962070 0.1729028 0.1769698 0.1747852 0.1651646 0.4322869 0.1747459 0.4204061 0.1747897 0.1865287 0.1865287 0.1747897 0.1806057 0.1935175 0.1985286 0.1806688 0.1843279 0.1961254 0.1961254 0.2044551 0.2009582 0.1946414 0.1746718 0.1789544 0.1812231 0.1957500 0.1763300 0.1960849 0.1708391 0.1451645 0.2590018 0.2835143 0.1712811 0.1593752 0.1765712 
XM_040983897_1_PREDICTED_Ochotona_curzoniae_REV3_like_DNA_directed_polymerase_zeta_catalytic_subunit_REV3L_transcript_variant_X1_mRNA_1                    0.0861475 0.1314459 0.1497961 0.0943371 0.1080901 0.0918273 0.0861475 0.0992169 0.1467972 0.0943371 0.1111120 0.1044373 0.1297788 0.1257976 0.0854245 0.1453820 0.1246618 0.1117754 0.0940893 0.1055796 0.2043279 0.1836044 0.1835824 0.1805251 0.0000000 0.0115845 0.1068517 8.9999983 0.0915818 0.1078089 0.1256637 0.2021031 0.1282013 0.1346384 0.1303132 0.1131879 0.1818916 0.1873662 0.1691435 0.1569881 0.1098722 0.1472378 0.1500832 0.1008644 0.1017532 0.0965774 0.1008644 0.0876679 0.0918320 0.0960722 0.0876679 0.0918273 0.1000877 0.1156459 0.1054990 0.0876445 0.1072609 0.1234693 0.0958143 0.0867358 0.0867358 0.0876445 0.0835336 0.0960466 0.1538052 0.1080901 0.1134443 0.0985120 0.1091083 0.1214836 0.1398760 0.1132733 0.1132120 0.1132120 0.1113730 0.1113730 0.1027335 0.1027335 0.1113730 0.1027335 0.1027335 0.1113730 0.1113730 0.1362327 0.1319902 0.1492665 0.1211987 0.1384343 0.1620554 0.1113730 0.1212558 0.1397130 0.1123161 0.1433134 0.1236218 0.0868012 0.1460638 0.1303338 0.1445324 0.1350626 0.1282773 0.1069816 0.0940893 0.2968322 0.0820542 0.3328589 0.0985180 0.0985389 0.0985389 0.0985180 0.1027502 0.1100234 0.0902458 0.0781515 0.0925725 0.1011468 0.1011468 0.1077912 0.1861447 0.0999729 0.0901302 0.1046250 0.1090560 0.1187165 0.1018368 0.1079356 0.1256374 0.0908730 0.3444386 0.3298057 0.1156459 0.0925274 0.1070666 
XM_004580498_1_PREDICTED_Ochotona_princeps_REV3_like_DNA_directed_polymerase_zeta_catalytic_subunit_REV3L_mRNA_1                                           0.0950860 0.1326305 0.1583218 0.1035701 0.1178895 0.1011249 0.0950860 0.1087058 0.1585339 0.1035701 0.1212934 0.1097251 0.1410910 0.1362542 0.0942554 0.1569363 0.1353723 0.1221006 0.1033210 0.1109388 0.2193002 0.1972188 0.1856575 0.1946767 0.0115845 0.0000000 0.0991323 8.9999983 0.1008760 0.1176110 0.1361089 0.2129685 0.1389294 0.1461345 0.1409259 0.1232851 0.2065634 0.2007898 0.1818370 0.1690966 0.1199235 0.1586426 0.1618473 0.1105945 0.1116131 0.1061464 0.1105945 0.0968109 0.0925466 0.1055274 0.0968109 0.1011249 0.1052690 0.1259967 0.1153912 0.0967848 0.1174126 0.1340211 0.1097014 0.0957674 0.0957674 0.0967848 0.0925217 0.1054990 0.1760429 0.1178895 0.1235325 0.1078950 0.1190446 0.1317628 0.1507895 0.1187774 0.1187127 0.1187127 0.1179415 0.1212166 0.1122672 0.1122672 0.1179415 0.1122672 0.1122672 0.1212166 0.1212166 0.1471695 0.1431758 0.1506747 0.1222435 0.1499526 0.1747382 0.1212166 0.1315507 0.1506574 0.1222898 0.1550593 0.1341868 0.0958397 0.1573113 0.1409480 0.1556464 0.1458470 0.1390118 0.1166655 0.1033210 0.2992530 0.0908389 0.3349029 0.1079020 0.1079249 0.1079249 0.1079020 0.1122855 0.1200895 0.0993340 0.0868004 0.0976127 0.1063956 0.1063956 0.1131066 0.1987814 0.1095746 0.0992059 0.1143915 0.1189874 0.1295057 0.1112478 0.1177497 0.1360805 0.1000590 0.3465254 0.3170787 0.1259967 0.1019320 0.1167586 
