150
NM_001372078_1_Homo_sapiens_REV3_like_DNA_directed_polymerase_zeta_catalytic_subunit_REV3L_transcript_variant_4_mRNA_1                                     0.0000000 0.3000462 0.3520982 0.0242462 0.1512600 0.1288271 0.0039087 0.1378068 0.2465987 0.0221496 0.1608478 0.1315187 0.1522909 0.1320168 0.1480729 0.2421052 0.1919799 0.2440506 0.1338738 0.0391293 0.4815499 0.5520391 0.4763569 0.4831236 0.2587820 0.2605146 0.1179940 0.3045954 0.1683450 0.2242745 0.2825811 0.2690301 0.2302951 0.3589489 0.3088794 0.3191949 0.2978756 0.2698295 0.2703065 0.2622389 0.1759440 0.1925316 0.1825085 0.1734211 0.1763516 0.1711027 0.1762710 0.1341842 0.1366234 0.1390597 0.1341842 0.1366207 0.1288271 0.1290664 0.1580709 0.1628084 0.1306329 0.1336351 0.1420562 0.1333180 0.1307520 0.1290664 0.1357216 0.1357216 0.1407352 0.1364628 0.1365450 0.1344460 0.1319060 0.1518970 0.1487009 0.1512600 0.1514444 0.1481097 0.1468469 0.1511681 0.1520624 0.1538974 0.1357208 0.1213891 0.1238100 0.1213891 0.1371595 0.1352659 0.1348888 0.1470334 0.1397852 0.1481358 0.1397852 0.1369840 0.1428591 0.1450905 0.1430495 0.1274104 0.2804039 0.2432336 0.1968426 0.1559459 0.1560397 0.1424165 0.1369707 0.1268254 0.1404360 0.1458649 0.1314042 0.1265000 0.1508514 0.1507718 0.1427400 0.1394398 0.1351271 0.1357412 0.1310532 0.1367926 0.2905084 0.1346322 0.2994886 0.0284198 0.0263573 0.0242378 0.0241897 0.0283643 0.0242135 0.0221932 0.0242800 0.0263323 0.0019513 0.0058694 0.0098125 0.0118462 0.0179615 0.0285868 0.0348007 0.0327592 0.0285298 0.1599857 0.1244728 0.1134870 0.1275273 0.1399649 0.1768598 0.1579755 0.1364826 0.1386177 0.1722441 0.6099145 0.6517006 0.1552169 0.1172581 0.1166533 
NM_011264_3_Mus_musculus_REV3_like_DNA_directed_polymerase_zeta_catalytic_subunit_Rev3l_mRNA_1                                                             0.3000462 0.0000000 0.1854427 0.2997720 0.3106664 0.3224872 0.2926423 0.3383007 0.1789751 0.2956873 0.3477134 0.3109299 0.3378537 0.3058748 0.3524133 0.1663632 0.3175889 0.2383542 0.3253793 0.2980817 0.6453846 0.7217381 0.6198752 0.5947533 0.4498548 0.4363745 0.2991830 0.0268103 0.2717565 0.4011506 0.0418838 0.1878542 0.3040501 0.1797106 0.1070417 0.1067425 0.1071915 0.1949897 0.2075410 0.2083136 0.3135673 0.3219847 0.3027614 0.3411660 0.3440821 0.3407597 0.3416661 0.3003614 0.3036652 0.3003537 0.3003614 0.2970855 0.3224872 0.3008032 0.3468937 0.3530343 0.3360374 0.3017688 0.3245037 0.3281926 0.3278565 0.3008032 0.3399954 0.3469909 0.3542757 0.3212424 0.3178807 0.3191344 0.3219321 0.3190375 0.3103922 0.3106664 0.3144439 0.3032443 0.3153535 0.3103071 0.3193749 0.3076563 0.3026180 0.3100370 0.3134204 0.3100370 0.3255763 0.3412196 0.3258332 0.3325656 0.3295736 0.3392419 0.3295736 0.3250744 0.3419248 0.3376004 0.3460097 0.3289114 0.4881208 0.4383633 0.3947572 0.3375533 0.3369140 0.3327946 0.3239220 0.3034224 0.3024456 0.3202092 0.3088169 0.3027858 0.3418448 0.3375119 0.3253771 0.3046911 0.3047153 0.3096593 0.3064107 0.3302037 0.4645004 0.3199816 0.4598436 0.3004117 0.3004933 0.2996943 0.2987874 0.3062422 0.2925942 0.2965750 0.3003714 0.3034975 0.2958898 0.2956778 0.2956703 0.3041014 0.3093528 0.2863954 0.2967352 0.3074205 0.2838084 0.3085056 0.3159841 0.3173587 0.3118176 0.2966246 0.4097274 0.3516927 0.2968322 0.3047326 0.3330462 0.8648930 0.9202790 0.3424776 0.3224068 0.2983575 
XM_006256524_2_PREDICTED_Rattus_norvegicus_REV3_like_DNA_directed_polymerase_zeta_catalytic_subunit_Rev3l_transcript_variant_X1_mRNA_1                     0.3520982 0.1854427 0.0000000 0.3474609 0.3952853 0.4090979 0.3439809 0.3979685 0.2325591 0.3429915 0.4325679 0.3848919 0.4064000 0.3593454 0.4282473 0.2199775 0.4113327 0.3303317 0.3826464 0.3652457 0.7214007 0.8228120 0.7226765 0.7016385 0.4968399 0.5065398 0.3702983 0.1819977 0.3586035 0.4298040 0.1863438 0.2585589 0.3870931 0.0276951 0.2017733 0.1858063 0.1834757 0.2515493 0.2806624 0.2784109 0.3919439 0.3952284 0.4033361 0.4275468 0.4284686 0.4248448 0.4282673 0.3728244 0.3764520 0.3764313 0.3728244 0.3692309 0.4090979 0.3701254 0.4277111 0.4342626 0.3972641 0.3719228 0.4001017 0.4218257 0.4091106 0.3701254 0.4016121 0.4091697 0.4133525 0.3962120 0.3891392 0.3881289 0.3974269 0.4049420 0.3949296 0.3952853 0.3996362 0.3826276 0.4082417 0.4021862 0.4016871 0.3920150 0.3389833 0.3530312 0.3565726 0.3530312 0.3784013 0.3938465 0.3717668 0.3857532 0.3827066 0.3970688 0.3827066 0.3744998 0.3960112 0.3913227 0.3929606 0.3805463 0.5973405 0.5533493 0.4687806 0.4129718 0.4057857 0.4053097 0.3830981 0.3846221 0.3901151 0.4072785 0.4020024 0.3902712 0.4108821 0.4165721 0.4026021 0.3778301 0.3574750 0.3561614 0.3916860 0.3918050 0.5233258 0.3804145 0.5173076 0.3482343 0.3483455 0.3473769 0.3462670 0.3543320 0.3397236 0.3512092 0.3481851 0.3514893 0.3474743 0.3472138 0.3472045 0.3565816 0.3708975 0.3450090 0.3599244 0.3644541 0.3565212 0.3922725 0.4005177 0.3990153 0.3896189 0.3791670 0.4655033 0.4522448 0.3998101 0.3785192 0.4047377 0.8446983 0.9029583 0.4226873 0.3845031 0.3834445 
XM_028847034_1_PREDICTED_Macaca_mulatta_REV3_like_DNA_directed_polymerase_zeta_catalytic_subunit_REV3L_transcript_variant_X1_mRNA_1                        0.0242462 0.2997720 0.3474609 0.0000000 0.1538803 0.1385702 0.0200993 0.1528391 0.2487590 0.0019734 0.1637317 0.1363469 0.1525324 0.1318804 0.1465095 0.2442307 0.1869625 0.2538700 0.1377416 0.0484625 0.4777517 0.5497382 0.4781241 0.4850077 0.2588477 0.2652988 0.1172411 0.3109393 0.1716228 0.2144170 0.2851736 0.2645616 0.2391277 0.3543724 0.3055595 0.3148367 0.2943949 0.2623694 0.2727056 0.2645622 0.1842457 0.2037603 0.1910332 0.1753144 0.1811199 0.1757859 0.1782017 0.1389722 0.1414663 0.1439572 0.1389722 0.1414634 0.1385702 0.1338362 0.1608951 0.1657214 0.1369501 0.1408591 0.1420124 0.1431649 0.1405147 0.1338362 0.1371443 0.1421405 0.1472503 0.1388372 0.1389223 0.1367887 0.1367573 0.1596362 0.1512709 0.1538803 0.1540716 0.1506979 0.1544513 0.1588533 0.1598148 0.1565708 0.1378318 0.1299883 0.1324614 0.1299883 0.1470365 0.1501968 0.1447119 0.1572038 0.1497520 0.1584127 0.1497520 0.1468444 0.1529590 0.1552389 0.1531674 0.1419935 0.2925983 0.2567432 0.1985217 0.1572024 0.1563466 0.1449704 0.1393753 0.1301267 0.1390831 0.1470454 0.1349522 0.1335842 0.1484496 0.1509380 0.1399714 0.1369041 0.1350397 0.1356633 0.1431849 0.1407264 0.2926027 0.1385990 0.3016556 0.0119722 0.0059601 0.0039586 0.0039510 0.0079412 0.0039548 0.0099485 0.0079557 0.0099555 0.0221448 0.0221334 0.0221330 0.0242949 0.0307062 0.0375977 0.0439771 0.0418904 0.0375207 0.1732393 0.1315107 0.1194683 0.1322175 0.1474556 0.1806537 0.1652826 0.1438296 0.1475873 0.1802736 0.6006528 0.6325364 0.1579791 0.1260045 0.1283077 
XM_024996589_1_PREDICTED_Bos_taurus_REV3_like_DNA_directed_polymerase_zeta_catalytic_subunit_REV3L_transcript_variant_X1_mRNA_1                            0.1512600 0.3106664 0.3952853 0.1538803 0.0000000 0.1510143 0.1483901 0.1292353 0.3043253 0.1510393 0.1676809 0.1534756 0.1503553 0.1699542 0.1910121 0.2997040 0.2764095 0.3288885 0.1591749 0.1661566 0.4686028 0.5741102 0.5001281 0.4574717 0.3178557 0.3161484 0.1758138 0.3222967 0.2176662 0.2953019 0.3125467 0.3153838 0.2894177 0.4098566 0.3410348 0.3736505 0.3198795 0.3162316 0.3168178 0.3083781 0.2456569 0.2802828 0.2515415 0.2323882 0.2364234 0.2336811 0.2355652 0.1359876 0.1384222 0.1408538 0.1359876 0.1384194 0.1510143 0.1459992 0.1648812 0.1696266 0.1428408 0.1359531 0.1518667 0.1555606 0.1579497 0.1459992 0.1480158 0.1530355 0.1531173 0.1436948 0.1437819 0.1416803 0.1489716 0.0359612 0.0019310 0.0000010 0.0038733 0.0000010 0.0196452 0.0276781 0.0359933 0.0338156 0.1052895 0.1078700 0.1102138 0.1078700 0.1097547 0.1120391 0.1071072 0.1116436 0.1094268 0.1171561 0.1094268 0.1068438 0.1169318 0.1143796 0.1123624 0.1046184 0.3106388 0.2628252 0.2172738 0.1881863 0.1540943 0.1611868 0.1498165 0.1523187 0.1636357 0.1696959 0.1515859 0.1464904 0.1642880 0.1770261 0.1737528 0.1752876 0.1760561 0.1742233 0.1535369 0.1596925 0.2991661 0.2046823 0.3052314 0.1541464 0.1567432 0.1538347 0.1534698 0.1588671 0.1486140 0.1513944 0.1541303 0.1565776 0.1508635 0.1507748 0.1507717 0.1565358 0.1652862 0.1508304 0.1579682 0.1557563 0.1479749 0.2474936 0.1902077 0.1812679 0.1915388 0.1739868 0.2368073 0.2005776 0.1675830 0.1535493 0.1941104 0.6148065 0.6162577 0.1620016 0.1467847 0.1666752 
XM_014118216_3_PREDICTED_Canis_lupus_familiaris_REV3_like_DNA_directed_polymerase_zeta_catalytic_subunit_REV3L_transcript_variant_X1_mRNA_1                0.1288271 0.3224872 0.4090979 0.1385702 0.1510143 0.0000000 0.1309359 0.1354490 0.2751485 0.1357756 0.1057840 0.0645406 0.1394144 0.1308325 0.1918872 0.2798731 0.2456214 0.2689224 0.1390224 0.1461193 0.4390844 0.5240522 0.4345601 0.4265345 0.3224024 0.3174464 0.1792457 0.3418061 0.2109971 0.3021398 0.3250190 0.3129637 0.2850895 0.4081095 0.3523631 0.3577269 0.3273868 0.3042432 0.2795407 0.2821946 0.2363123 0.2518151 0.2368892 0.2209692 0.2128682 0.2187080 0.2241193 0.0760261 0.0763354 0.0760247 0.0760261 0.0782707 0.0000010 0.0601482 0.0986771 0.1077607 0.0719421 0.0847158 0.0830413 0.0155342 0.0135606 0.0601482 0.0765126 0.0765126 0.0810785 0.0734025 0.0734440 0.0713932 0.0735517 0.1447107 0.1484210 0.1510143 0.1512009 0.1507234 0.1415310 0.1490221 0.1499174 0.1543137 0.1197060 0.1037021 0.1060941 0.1037021 0.1273956 0.1279488 0.1196893 0.1342324 0.1269988 0.1352398 0.1269988 0.1297181 0.1349700 0.1322526 0.1326637 0.1200627 0.2861050 0.2471784 0.1769001 0.1486118 0.1380222 0.1501434 0.1217620 0.1183459 0.1294793 0.1296192 0.1131911 0.1173987 0.1378695 0.1522590 0.1400385 0.1333901 0.1389132 0.1321784 0.1250580 0.1344161 0.2755531 0.1698837 0.2680657 0.1388099 0.1413865 0.1354144 0.1356658 0.1435360 0.1333565 0.1411338 0.1387954 0.1412367 0.1284911 0.1333080 0.1332945 0.1364541 0.1449560 0.1359367 0.1380595 0.1408598 0.1331239 0.2231898 0.1835512 0.1718362 0.1856443 0.1578527 0.2232809 0.1904853 0.1678768 0.1337613 0.1810183 0.6260401 0.6731463 0.0961796 0.1237131 0.1463754 
XM_016956167_2_PREDICTED_Pan_troglodytes_REV3_like_DNA_directed_polymerase_zeta_catalytic_subunit_REV3L_transcript_variant_X1_mRNA_1                       0.0039087 0.2926423 0.3439809 0.0200993 0.1483901 0.1309359 0.0000000 0.1399084 0.2400520 0.0180277 0.1578821 0.1335961 0.1493978 0.1268861 0.1426649 0.2355734 0.1861600 0.2403918 0.1316393 0.0390485 0.4755906 0.5453304 0.4704874 0.4772192 0.2520357 0.2597941 0.1127853 0.2973649 0.1627496 0.2176469 0.2755879 0.2622759 0.2238180 0.3507565 0.3017170 0.3117118 0.2907979 0.2630553 0.2635216 0.2555184 0.1702820 0.1893141 0.1767471 0.1677819 0.1706018 0.1654019 0.1705968 0.1362667 0.1387071 0.1411444 0.1362667 0.1387043 0.1309359 0.1311419 0.1551276 0.1598403 0.1327326 0.1357101 0.1392320 0.1354228 0.1328538 0.1311419 0.1329183 0.1378263 0.1428432 0.1336865 0.1337666 0.1316742 0.1339896 0.1490125 0.1458485 0.1483901 0.1485699 0.1452286 0.1439950 0.1483008 0.1491736 0.1510088 0.1329162 0.1234914 0.1259135 0.1234914 0.1343652 0.1373652 0.1321051 0.1441769 0.1369711 0.1452523 0.1369711 0.1341940 0.1400143 0.1422364 0.1402000 0.1294973 0.2763985 0.2365919 0.1935317 0.1529649 0.1531021 0.1395840 0.1366539 0.1265312 0.1351899 0.1455158 0.1310985 0.1262123 0.1504940 0.1454142 0.1374773 0.1342355 0.1299441 0.1305317 0.1307553 0.1395222 0.2866482 0.1293831 0.2955671 0.0242315 0.0221850 0.0200923 0.0200527 0.0241845 0.0200723 0.0180629 0.0201271 0.0221641 0.0019475 0.0019466 0.0097935 0.0118230 0.0179259 0.0285285 0.0347294 0.0326921 0.0284718 0.1596052 0.1194239 0.1085028 0.1223353 0.1347380 0.1710064 0.1524821 0.1313242 0.1357872 0.1691864 0.6073320 0.6387028 0.1522973 0.1193302 0.1163927 
XM_021091238_1_PREDICTED_Sus_scrofa_REV3_like_DNA_directed_polymerase_zeta_catalytic_subunit_REV3L_transcript_variant_X1_mRNA_1                            0.1378068 0.3383007 0.3979685 0.1528391 0.1292353 0.1354490 0.1399084 0.0000000 0.2873257 0.1499781 0.1344918 0.1186442 0.1318012 0.1562461 0.1764639 0.3002127 0.2643243 0.2970472 0.1537820 0.1553594 0.4878718 0.5771839 0.4831908 0.4728044 0.3235274 0.3250953 0.1941639 0.3415073 0.2067641 0.3037052 0.3246030 0.3063173 0.2880513 0.4089817 0.3620921 0.3856060 0.3436133 0.3168650 0.3109290 0.3024392 0.2452809 0.2549520 0.2307701 0.2075243 0.2144745 0.2117824 0.2105748 0.1261117 0.1285533 0.1309929 0.1261117 0.1285507 0.1354490 0.1162105 0.1367700 0.1364883 0.1075100 0.1255943 0.1339645 0.1375156 0.1348994 0.1162105 0.1172583 0.1172583 0.1221756 0.1211094 0.1260188 0.1190665 0.1213741 0.1153900 0.1267620 0.1292353 0.1293880 0.1259417 0.1200560 0.1172445 0.1250680 0.1269445 0.1086266 0.1045727 0.1069352 0.1045727 0.0967318 0.0871800 0.0987468 0.0986509 0.0964440 0.1040224 0.0964440 0.0939150 0.1038238 0.1013182 0.1039577 0.0848948 0.2995180 0.2621855 0.2052447 0.1659354 0.1378475 0.1392941 0.1387114 0.1486994 0.1626413 0.1527499 0.1353682 0.1233445 0.1400706 0.1708819 0.1624528 0.1640383 0.1647619 0.1574576 0.1400995 0.1491413 0.2705545 0.1985594 0.2675008 0.1582281 0.1499022 0.1527934 0.1524281 0.1578656 0.1526026 0.1503335 0.1480019 0.1555565 0.1374466 0.1422918 0.1422773 0.1455023 0.1541261 0.1451015 0.1522831 0.1500515 0.1397413 0.2117943 0.1876981 0.1812956 0.1925827 0.1653889 0.2244242 0.1919742 0.1718510 0.1531494 0.2015017 0.6813381 0.6760711 0.1340143 0.1308391 0.1505484 
XM_040758199_1_PREDICTED_Mesocricetus_auratus_REV3_like_DNA_directed_polymerase_zeta_catalytic_subunit_Rev3l_transcript_variant_X1_mRNA_1                  0.2465987 0.1789751 0.2325591 0.2487590 0.3043253 0.2751485 0.2400520 0.2873257 0.0000000 0.2452052 0.2886054 0.2591596 0.2788107 0.2696795 0.3226038 0.0474551 0.2868662 0.1915009 0.2794485 0.2382398 0.6374190 0.7458249 0.6422332 0.6251053 0.3915371 0.4016747 0.2717351 0.1912119 0.2322196 0.3383199 0.1664578 0.1037456 0.2860177 0.2265668 0.1795622 0.1827156 0.1595519 0.1116095 0.1127864 0.1136649 0.2867328 0.2940094 0.2812023 0.3017583 0.2870304 0.2904170 0.3021533 0.2658613 0.2689189 0.2719613 0.2658613 0.2628276 0.2751485 0.2590100 0.2832434 0.2951137 0.2790701 0.2511851 0.2777212 0.2865669 0.2878137 0.2590100 0.2794333 0.2856611 0.2921140 0.2745977 0.2686718 0.2725310 0.2752533 0.2869543 0.3009552 0.3043253 0.3048069 0.3021963 0.2929382 0.2946229 0.3031227 0.2983738 0.2704920 0.2709405 0.2740229 0.2709405 0.2779007 0.2918696 0.2751701 0.2904939 0.2814563 0.2931278 0.2814563 0.2774974 0.2861089 0.2823311 0.2960764 0.2809307 0.4751919 0.4070254 0.3675316 0.3180957 0.2776552 0.2835506 0.2762694 0.2696714 0.2716455 0.2885666 0.2781532 0.2680024 0.2921968 0.3014403 0.2857520 0.2854373 0.2776224 0.2728227 0.2570317 0.2868649 0.4428628 0.2784885 0.4425911 0.2522876 0.2492998 0.2486923 0.2480109 0.2515373 0.2454126 0.2518537 0.2432691 0.2520427 0.2429828 0.2428213 0.2486856 0.2531360 0.2570186 0.2211701 0.2372498 0.2467150 0.2403345 0.3088055 0.2652967 0.2687845 0.2808361 0.2645376 0.3171088 0.3160885 0.2901146 0.2652741 0.2964708 0.8363196 0.8908522 0.2856781 0.2686373 0.2727848 
XM_015448392_1_PREDICTED_Macaca_fascicularis_REV3_like_DNA_directed_polymerase_zeta_catalytic_subunit_REV3L_transcript_variant_X1_mRNA_1                   0.0221496 0.2956873 0.3429915 0.0019734 0.1510393 0.1357756 0.0180277 0.1499781 0.2452052 0.0000000 0.1607980 0.1336065 0.1496802 0.1291561 0.1436634 0.2406882 0.1869625 0.2502973 0.1349684 0.0461899 0.4721342 0.5434556 0.4725337 0.4793862 0.2551797 0.2616226 0.1144957 0.3069038 0.1686002 0.2109098 0.2813107 0.2608954 0.2355683 0.3498558 0.3016251 0.3107711 0.2905159 0.2587105 0.2690043 0.2609019 0.1842457 0.2037603 0.1910332 0.1722955 0.1780204 0.1727170 0.1751619 0.1362136 0.1386935 0.1411704 0.1362136 0.1386907 0.1357756 0.1311110 0.1579825 0.1627862 0.1341950 0.1381012 0.1392268 0.1403522 0.1377195 0.1311110 0.1343847 0.1393525 0.1444317 0.1360825 0.1361655 0.1340375 0.1340067 0.1567514 0.1484461 0.1510393 0.1512259 0.1478439 0.1515972 0.1559860 0.1569257 0.1537121 0.1350547 0.1272637 0.1297227 0.1272637 0.1442219 0.1473526 0.1419069 0.1543303 0.1469183 0.1555116 0.1469183 0.1440341 0.1500950 0.1523668 0.1502988 0.1392078 0.2886384 0.2530394 0.1953004 0.1542861 0.1534516 0.1421606 0.1366068 0.1301267 0.1363223 0.1441862 0.1321996 0.1308641 0.1456032 0.1480772 0.1371894 0.1341493 0.1322849 0.1328938 0.1404169 0.1379275 0.2888985 0.1358034 0.2978961 0.0099431 0.0039600 0.0019727 0.0019689 0.0059359 0.0019708 0.0079320 0.0059467 0.0079375 0.0200630 0.0200527 0.0200523 0.0221939 0.0285596 0.0353832 0.0417344 0.0396546 0.0353110 0.1702664 0.1287957 0.1168180 0.1294372 0.1446314 0.1775196 0.1683616 0.1410459 0.1447598 0.1772300 0.5934361 0.6251690 0.1550890 0.1233324 0.1256253 
XM_004753515_2_PREDICTED_Mustela_putorius_furo_REV3_like_polymerase_DNA_directed_zeta_catalytic_subunit_REV3L_transcript_variant_X1_mRNA_1                 0.1608478 0.3477134 0.4325679 0.1637317 0.1676809 0.1057840 0.1578821 0.1344918 0.2886054 0.1607980 0.0000000 0.0709611 0.1535189 0.1560535 0.1997213 0.2902810 0.2566140 0.2934270 0.1638772 0.1815461 0.5109823 0.5811103 0.5096069 0.4877685 0.3179048 0.3195583 0.1973816 0.3648653 0.2216453 0.3217528 0.3374145 0.3025858 0.3295236 0.4313048 0.3683348 0.3721528 0.3532303 0.3003323 0.3071113 0.3019652 0.2391215 0.2439721 0.2391418 0.2374826 0.2380640 0.2353005 0.2407145 0.0985438 0.1036103 0.1031770 0.0985438 0.1008585 0.1057840 0.0709226 0.0177101 0.0077695 0.0762140 0.1089845 0.1058409 0.1054732 0.1030565 0.0709226 0.0740498 0.0785472 0.0831164 0.0666064 0.0710406 0.0690017 0.0755878 0.1614221 0.1650377 0.1676809 0.1678916 0.1676098 0.1581029 0.1606190 0.1667324 0.1737187 0.1359973 0.1345468 0.1370295 0.1345468 0.1495056 0.1494720 0.1515438 0.1513875 0.1490315 0.1576448 0.1490315 0.1461399 0.1573248 0.1544895 0.1549764 0.1413120 0.3105079 0.2682593 0.2022189 0.1771900 0.1522114 0.1644529 0.1485984 0.1665834 0.1676546 0.1738763 0.1507035 0.1393688 0.1682240 0.1733301 0.1629385 0.1612414 0.1593881 0.1572618 0.1517246 0.1644188 0.2748511 0.1965816 0.2702978 0.1588282 0.1640464 0.1603621 0.1632859 0.1688426 0.1583155 0.1663878 0.1640034 0.1665088 0.1604177 0.1603215 0.1654010 0.1662452 0.1693892 0.1709099 0.1730254 0.1760144 0.1678945 0.2481026 0.1936642 0.1872368 0.1922955 0.1763712 0.2315998 0.1926787 0.1737793 0.1574151 0.1931208 0.7156726 0.7255555 0.0156895 0.1430455 0.1637410 
XM_034668992_1_PREDICTED_Ailuropoda_melanoleuca_REV3_like_DNA_directed_polymerase_zeta_catalytic_subunit_REV3L_transcript_variant_X1_mRNA_1                0.1315187 0.3109299 0.3848919 0.1363469 0.1534756 0.0645406 0.1335961 0.1186442 0.2591596 0.1336065 0.0709611 0.0000000 0.1274829 0.1269056 0.1699414 0.2636608 0.2243044 0.2548967 0.1324185 0.1386707 0.4517537 0.5147395 0.4510745 0.4284832 0.3126724 0.3078962 0.1786041 0.3282556 0.1827232 0.2665300 0.3023482 0.2911203 0.2728099 0.3919703 0.3129308 0.3433986 0.3049924 0.2765943 0.2769883 0.2689047 0.2141439 0.2204246 0.2157091 0.1951272 0.1929589 0.1958084 0.1980932 0.0618038 0.0664039 0.0661402 0.0618038 0.0639697 0.0645406 0.0157565 0.0642990 0.0685424 0.0428465 0.0724036 0.0685299 0.0643594 0.0599765 0.0157565 0.0492590 0.0492590 0.0535656 0.0403309 0.0445289 0.0383587 0.0362524 0.1423210 0.1509124 0.1534756 0.1536630 0.1532208 0.1441154 0.1465628 0.1474278 0.1542529 0.1208117 0.1067775 0.1091438 0.1067775 0.1210334 0.1161998 0.1230589 0.1277588 0.1206627 0.1287010 0.1206627 0.1179724 0.1284484 0.1257967 0.1261783 0.1086069 0.2812403 0.2337633 0.1791846 0.1512310 0.1260493 0.1329273 0.1150826 0.1266520 0.1328291 0.1355280 0.1118817 0.1028276 0.1235140 0.1349997 0.1271811 0.1342570 0.1348357 0.1281935 0.1188816 0.1278850 0.2386062 0.1565906 0.2373362 0.1365787 0.1391080 0.1332570 0.1359887 0.1412241 0.1312295 0.1388634 0.1365647 0.1389631 0.1311801 0.1359386 0.1359250 0.1390596 0.1450279 0.1336449 0.1357338 0.1384769 0.1308899 0.2065261 0.1726408 0.1611937 0.1717518 0.1378137 0.2032023 0.1738790 0.1447692 0.1315396 0.1726370 0.6439560 0.6967892 0.0663580 0.1128059 0.1245609 
XM_015600069_2_PREDICTED_Pteropus_alecto_REV3_like_DNA_directed_polymerase_zeta_catalytic_subunit_REV3L_transcript_variant_X1_mRNA_1                       0.1522909 0.3378537 0.4064000 0.1525324 0.1503553 0.1394144 0.1493978 0.1318012 0.2788107 0.1496802 0.1535189 0.1274829 0.0000000 0.1133002 0.1793916 0.2884616 0.2314113 0.2976241 0.1384626 0.1626471 0.4604058 0.5221150 0.4527479 0.4391484 0.3013187 0.3095031 0.1611918 0.3482226 0.2091321 0.2689152 0.3248512 0.3012151 0.2935094 0.4174959 0.3477475 0.3693842 0.3338049 0.2958331 0.2942233 0.2890826 0.2172005 0.2377875 0.2243198 0.2144026 0.2181163 0.2154060 0.2146938 0.1249604 0.1273757 0.1297887 0.1249604 0.1273731 0.1394144 0.1178200 0.1457775 0.1554877 0.1266030 0.1319696 0.1233640 0.1464704 0.1388622 0.1178200 0.1194575 0.1243145 0.1243798 0.1155600 0.1156287 0.1135308 0.1254121 0.1385166 0.1477754 0.1503553 0.1505401 0.1443519 0.1458902 0.1427846 0.1461206 0.1405399 0.1241869 0.1172630 0.1196832 0.1172630 0.1293286 0.1292854 0.1264808 0.1312343 0.1289266 0.1371677 0.1289266 0.1261660 0.1319397 0.1341777 0.1296356 0.1263034 0.3340887 0.2519575 0.1899080 0.1340592 0.0059078 0.0406571 0.1112311 0.1227723 0.1265363 0.1285400 0.1151828 0.1057460 0.1119244 0.1192955 0.1140487 0.1229102 0.1163007 0.1143556 0.1031382 0.1439654 0.2746536 0.1606332 0.2656904 0.1527976 0.1554066 0.1524868 0.1521233 0.1575441 0.1472425 0.1500340 0.1477089 0.1552415 0.1518890 0.1517992 0.1517960 0.1601395 0.1690095 0.1625298 0.1646369 0.1675655 0.1570198 0.2313175 0.1586565 0.1549467 0.1911563 0.1546034 0.2011159 0.1895448 0.1585232 0.1376794 0.1766466 0.6308670 0.6673199 0.1380402 0.1208993 0.1328315 
XM_005883745_2_PREDICTED_Myotis_brandtii_REV3_like_polymerase_DNA_directed_zeta_catalytic_subunit_REV3L_transcript_variant_X1_mRNA_1                       0.1320168 0.3058748 0.3593454 0.1318804 0.1699542 0.1308325 0.1268861 0.1562461 0.2696795 0.1291561 0.1560535 0.1269056 0.1133002 0.0000000 0.1812595 0.2651070 0.2303777 0.2836816 0.1378305 0.1392487 0.5005871 0.5410527 0.4833002 0.4692352 0.2949135 0.2998024 0.1489418 0.3168182 0.1973071 0.2635667 0.2943104 0.2958961 0.2826451 0.3522234 0.2939403 0.3317306 0.2875153 0.2873444 0.2661783 0.2702456 0.2217266 0.2339065 0.2234295 0.2218501 0.2314046 0.2258464 0.2249807 0.1223132 0.1247160 0.1271168 0.1223132 0.1247135 0.1308325 0.1220489 0.1457348 0.1580215 0.1308764 0.1386433 0.1372927 0.1353168 0.1327496 0.1220489 0.1285885 0.1334875 0.1384933 0.1245884 0.1198758 0.1225672 0.1296873 0.1629906 0.1673058 0.1699542 0.1701682 0.1669114 0.1654541 0.1621968 0.1682836 0.1649996 0.1383551 0.1288333 0.1312828 0.1288333 0.1436465 0.1411196 0.1407096 0.1479842 0.1431957 0.1516587 0.1431957 0.1403561 0.1463173 0.1485672 0.1440033 0.1355855 0.3199044 0.2287323 0.2010290 0.1518120 0.1165791 0.1233944 0.1033144 0.0932117 0.0947144 0.0989280 0.0860296 0.0730271 0.1186989 0.0384133 0.0300307 0.0217695 0.0138223 0.0059109 0.0794865 0.1407813 0.2716050 0.1649187 0.2596985 0.1296386 0.1346253 0.1318399 0.1315341 0.1367465 0.1267833 0.1319178 0.1296254 0.1320128 0.1292943 0.1292196 0.1292170 0.1371760 0.1455906 0.1367023 0.1388002 0.1415719 0.1314547 0.2296919 0.1631613 0.1593766 0.1736158 0.1533252 0.2001912 0.1834453 0.1428475 0.1495355 0.1830515 0.6226899 0.6493536 0.1479312 0.1180000 0.1298346 
XM_006157005_3_PREDICTED_Tupaia_chinensis_REV3_like_DNA_directed_polymerase_zeta_catalytic_subunit_REV3L_transcript_variant_X3_mRNA_1                      0.1480729 0.3524133 0.4282473 0.1465095 0.1910121 0.1918872 0.1426649 0.1764639 0.3226038 0.1436634 0.1997213 0.1699414 0.1793916 0.1812595 0.0000000 0.3079634 0.2342998 0.2814235 0.1683185 0.1559072 0.5192598 0.5650240 0.5000845 0.4774202 0.3283459 0.3280537 0.1839221 0.3618194 0.2227729 0.2864410 0.3391937 0.3235964 0.2947713 0.4356124 0.3637911 0.3931402 0.3519246 0.3269443 0.3221591 0.3134933 0.2196110 0.2377489 0.2389118 0.1935929 0.1854375 0.1773672 0.1910995 0.1808587 0.1781903 0.1862313 0.1808587 0.1835443 0.1918872 0.1672383 0.1966300 0.2017148 0.1734951 0.1880385 0.1789257 0.1912504 0.1883283 0.1672383 0.1737501 0.1790999 0.1845914 0.1700658 0.1754584 0.1679847 0.1757778 0.1810921 0.1882068 0.1910121 0.1912663 0.1880387 0.1863539 0.1828431 0.1866453 0.1858163 0.1605975 0.1523227 0.1549099 0.1523227 0.1701808 0.1701919 0.1704030 0.1808334 0.1730551 0.1822763 0.1730551 0.1725965 0.1765160 0.1788611 0.1794535 0.1675286 0.3320828 0.2606755 0.2373684 0.1852595 0.1863566 0.1857559 0.1733310 0.1632283 0.1726265 0.1791166 0.1605398 0.1533379 0.1745421 0.1833123 0.1771870 0.1814257 0.1795529 0.1826203 0.1665755 0.1741955 0.3162564 0.1702410 0.3129468 0.1467654 0.1493779 0.1464649 0.1461147 0.1515351 0.1412175 0.1440039 0.1467499 0.1492183 0.1451857 0.1450986 0.1501502 0.1509440 0.1565602 0.1557924 0.1553418 0.1582783 0.1554156 0.2317467 0.1675122 0.1495161 0.1745550 0.1775686 0.2320575 0.2121724 0.1761839 0.1716006 0.2146772 0.7416841 0.7458168 0.1934426 0.1613814 0.1542654 
XM_027402162_2_PREDICTED_Cricetulus_griseus_REV3_like_DNA_directed_polymerase_zeta_catalytic_subunit_Rev3l_transcript_variant_X5_mRNA_1                    0.2421052 0.1663632 0.2199775 0.2442307 0.2997040 0.2798731 0.2355734 0.3002127 0.0474551 0.2406882 0.2902810 0.2636608 0.2884616 0.2651070 0.3079634 0.0000000 0.2784542 0.1979719 0.2812925 0.2366626 0.6323398 0.7302917 0.6471867 0.6151635 0.3829678 0.3931566 0.2575246 0.1788659 0.2247025 0.3333518 0.1614758 0.0972835 0.2805131 0.2140572 0.1675662 0.1784563 0.1579190 0.1027056 0.0988577 0.1019591 0.2749452 0.2918855 0.2742599 0.2843507 0.2759343 0.2729598 0.2847139 0.2704426 0.2735319 0.2766056 0.2704426 0.2673777 0.2798731 0.2574498 0.2848869 0.2968356 0.2838009 0.2525908 0.2855805 0.2993945 0.2958626 0.2574498 0.2841732 0.2904660 0.2969891 0.2792615 0.2732772 0.2771886 0.2799358 0.2886271 0.2963371 0.2997040 0.3001780 0.2975231 0.2946516 0.2963397 0.3049102 0.3035077 0.2767546 0.2726619 0.2757672 0.2726619 0.2795130 0.2935864 0.2767662 0.2921935 0.2830956 0.2916036 0.2830956 0.2791051 0.2941529 0.2903053 0.2978274 0.2825637 0.4859662 0.3984722 0.3829771 0.3319394 0.2873465 0.2916874 0.2764809 0.2680382 0.2700390 0.2943482 0.2797208 0.2725915 0.2971192 0.2968767 0.2812326 0.2808534 0.2677966 0.2682054 0.2646475 0.2807993 0.4455865 0.2826406 0.4453119 0.2447092 0.2447619 0.2441644 0.2434951 0.2500522 0.2378874 0.2473215 0.2387360 0.2475082 0.2385027 0.2383438 0.2442056 0.2456453 0.2494885 0.2195575 0.2356753 0.2451664 0.2387687 0.2932133 0.2620906 0.2611850 0.2760769 0.2623751 0.3262084 0.3139004 0.2879771 0.2760749 0.2981786 0.8484661 0.8847833 0.2873346 0.2732420 0.2706549 
XM_013069186_2_PREDICTED_Heterocephalus_glaber_REV3_like_DNA_directed_polymerase_zeta_catalytic_subunit_Rev3l_transcript_variant_X1_mRNA_1                 0.1919799 0.3175889 0.4113327 0.1869625 0.2764095 0.2456214 0.1861600 0.2643243 0.2868662 0.1869625 0.2566140 0.2243044 0.2314113 0.2303777 0.2342998 0.2784542 0.0000000 0.2931886 0.2411431 0.2036569 0.5506421 0.5953460 0.5182002 0.5266220 0.3417665 0.3338898 0.2420760 0.3282474 0.2228681 0.2878803 0.3116130 0.2969699 0.2817712 0.4034303 0.3221620 0.3542533 0.3076509 0.3042306 0.2945530 0.2861559 0.1201391 0.1204663 0.0873169 0.2215581 0.2190454 0.2134284 0.2190151 0.2298164 0.2326714 0.2355151 0.2298164 0.2269817 0.2456214 0.2214336 0.2544302 0.2656686 0.2341406 0.2331618 0.2409535 0.2505760 0.2445746 0.2214336 0.2287607 0.2344932 0.2346520 0.2368167 0.2369754 0.2347826 0.2374128 0.2715304 0.2732534 0.2764095 0.2768200 0.2709253 0.2773730 0.2760069 0.2778947 0.2616645 0.2443240 0.2305153 0.2334000 0.2305153 0.2627816 0.2670497 0.2631658 0.2747742 0.2661476 0.2740804 0.2661476 0.2624138 0.2704799 0.2729241 0.2534102 0.2568476 0.4009367 0.3418365 0.3026795 0.2453534 0.2332907 0.2355569 0.2220277 0.2246553 0.2383034 0.2528168 0.2312479 0.2206219 0.2245832 0.2493832 0.2436144 0.2306124 0.2249493 0.2329436 0.2274032 0.2442248 0.4137932 0.2339573 0.4087996 0.1958989 0.1932404 0.1837934 0.1895535 0.1954283 0.1897805 0.1928832 0.1904155 0.1930252 0.1888232 0.1887060 0.1887019 0.1914787 0.1974843 0.1952686 0.2001529 0.2033470 0.1947725 0.2658317 0.2324220 0.2119872 0.2446309 0.2389122 0.2927431 0.2416611 0.2409036 0.2326138 0.2540306 0.6699597 0.7058468 0.2538462 0.2155984 0.2197642 
XM_008852401_2_PREDICTED_Nannospalax_galili_REV3_like_DNA_directed_polymerase_zeta_catalytic_subunit_Rev3l_transcript_variant_X1_mRNA_1                    0.2440506 0.2383542 0.3303317 0.2538700 0.3288885 0.2689224 0.2403918 0.2970472 0.1915009 0.2502973 0.2934270 0.2548967 0.2976241 0.2836816 0.2814235 0.1979719 0.2931886 0.0000000 0.2834917 0.2385043 0.6201054 0.6949553 0.6057252 0.6031801 0.4053843 0.4192966 0.2713658 0.2478523 0.2518877 0.3360365 0.2420398 0.2320872 0.2862312 0.3268025 0.2556537 0.2724981 0.2421630 0.2455538 0.2339407 0.2319556 0.2679239 0.2812383 0.2795597 0.2735526 0.2657539 0.2628169 0.2738939 0.2582918 0.2552769 0.2643663 0.2582918 0.2552708 0.2689224 0.2547491 0.2864434 0.2984658 0.2775891 0.2556729 0.2732263 0.2709844 0.2707375 0.2547491 0.2748767 0.2811011 0.2875482 0.2670041 0.2671931 0.2649213 0.2678659 0.3077553 0.3253990 0.3288885 0.3294264 0.3269732 0.3172356 0.3091304 0.3145606 0.3194233 0.2766557 0.2663886 0.2694689 0.2663886 0.2794296 0.2903723 0.2830098 0.2921019 0.2830098 0.2867758 0.2830098 0.2790220 0.2940595 0.2902146 0.2977312 0.2794103 0.4861490 0.3945684 0.3743651 0.3174977 0.2962839 0.2994230 0.2673756 0.2735029 0.2738127 0.2932696 0.2758128 0.2757647 0.2905728 0.2984911 0.2915058 0.2934343 0.2884961 0.2899934 0.2598588 0.2909705 0.4347368 0.2689572 0.4382525 0.2543666 0.2544227 0.2538028 0.2531066 0.2477509 0.2474942 0.2509784 0.2543356 0.2571665 0.2433245 0.2431627 0.2490305 0.2534852 0.2617306 0.2243198 0.2464302 0.2499958 0.2435844 0.3125109 0.2546305 0.2461082 0.2729101 0.2851289 0.3480188 0.3266782 0.2951833 0.2529628 0.2953115 0.8017356 0.8198449 0.2889035 0.2672145 0.2714521 
XM_023650934_1_PREDICTED_Equus_caballus_REV3_like_DNA_directed_polymerase_zeta_catalytic_subunit_REV3L_transcript_variant_X1_mRNA_1                        0.1338738 0.3253793 0.3826464 0.1377416 0.1591749 0.1390224 0.1316393 0.1537820 0.2794485 0.1349684 0.1638772 0.1324185 0.1384626 0.1378305 0.1683185 0.2812925 0.2411431 0.2834917 0.0000000 0.1467037 0.4732528 0.5384033 0.4765024 0.4677505 0.2990036 0.2926360 0.1553170 0.3288962 0.1918376 0.2799970 0.3093803 0.3073872 0.2905383 0.3972163 0.3303154 0.3536659 0.3023916 0.3044502 0.2917463 0.2896680 0.2092003 0.2241191 0.2223717 0.2171361 0.2146773 0.2177014 0.2202882 0.1227945 0.1252519 0.1277075 0.1227945 0.1252493 0.1390224 0.1249855 0.1558907 0.1658684 0.1386998 0.1346290 0.1381752 0.1468588 0.1441721 0.1249855 0.1388990 0.1439663 0.1491501 0.1325103 0.1325917 0.1304452 0.1377966 0.1421259 0.1565414 0.1591749 0.1593744 0.1535518 0.1495880 0.1464292 0.1523650 0.1441509 0.1279874 0.1186728 0.1211247 0.1186728 0.1333963 0.1383828 0.1280227 0.1378083 0.1354714 0.1439231 0.1354714 0.1351276 0.1436317 0.1408466 0.1463748 0.1303157 0.3249609 0.2397263 0.2092948 0.1676023 0.1421279 0.1518194 0.1181449 0.1347363 0.1436207 0.1440834 0.1220022 0.1321418 0.1412426 0.1520678 0.1463353 0.1454230 0.1411243 0.1399638 0.1293700 0.0119181 0.2495133 0.1653509 0.2464846 0.1379783 0.1405360 0.1376995 0.1348609 0.1426718 0.1325661 0.1352827 0.1379640 0.1353919 0.1341037 0.1340246 0.1389638 0.1396599 0.1482622 0.1465967 0.1487276 0.1515984 0.1411757 0.2187049 0.1584262 0.1490181 0.1697563 0.1562143 0.2031127 0.1871319 0.1531551 0.1414370 0.1958573 0.6049956 0.6350718 0.1479062 0.0812501 0.1322832 
XM_035296530_1_PREDICTED_Callithrix_jacchus_REV3_like_DNA_directed_polymerase_zeta_catalytic_subunit_REV3L_transcript_variant_X1_mRNA_1                    0.0391293 0.2980817 0.3652457 0.0484625 0.1661566 0.1461193 0.0390485 0.1553594 0.2382398 0.0461899 0.1815461 0.1386707 0.1626471 0.1392487 0.1559072 0.2366626 0.2036569 0.2385043 0.1467037 0.0000000 0.5197723 0.5716653 0.5055292 0.5124461 0.2764156 0.2719451 0.1303345 0.3027355 0.1821101 0.2258657 0.2805077 0.2729374 0.2335668 0.3674347 0.3070596 0.3108286 0.2959417 0.2721099 0.2650120 0.2568843 0.1899523 0.2015271 0.1968347 0.1792612 0.1795837 0.1769766 0.1821867 0.1464204 0.1489393 0.1514544 0.1464204 0.1489362 0.1461193 0.1411093 0.1681518 0.1835137 0.1479123 0.1458037 0.1545935 0.1507371 0.1480541 0.1411093 0.1532255 0.1532255 0.1584483 0.1487578 0.1488497 0.1467118 0.1440808 0.1617417 0.1635057 0.1661566 0.1663661 0.1630671 0.1616499 0.1609493 0.1619229 0.1637647 0.1527952 0.1379699 0.1404788 0.1379699 0.1469852 0.1450767 0.1496996 0.1571484 0.1496996 0.1525051 0.1496996 0.1467933 0.1529051 0.1551842 0.1531134 0.1369538 0.3022550 0.2690257 0.2176036 0.1666510 0.1665846 0.1582610 0.1468484 0.1366548 0.1479793 0.1537006 0.1387517 0.1286995 0.1509530 0.1585675 0.1502963 0.1437237 0.1424729 0.1431332 0.1406815 0.1471708 0.3108823 0.1427067 0.3139050 0.0529342 0.0507514 0.0484458 0.0483442 0.0528254 0.0483942 0.0462858 0.0485335 0.0507015 0.0369320 0.0411494 0.0454103 0.0434808 0.0502599 0.0242979 0.0263031 0.0284237 0.0242500 0.1727398 0.1266284 0.1203143 0.1316997 0.1531937 0.1888905 0.1883283 0.1438094 0.1537647 0.1913680 0.6171658 0.6697723 0.1703966 0.1286626 0.1264019 
XM_007484437_2_PREDICTED_Monodelphis_domestica_REV3_like_DNA_directed_polymerase_zeta_catalytic_subunit_REV3L_transcript_variant_X1_mRNA_1                 0.4815499 0.6453846 0.7214007 0.4777517 0.4686028 0.4390844 0.4755906 0.4878718 0.6374190 0.4721342 0.5109823 0.4517537 0.4604058 0.5005871 0.5192598 0.6323398 0.5506421 0.6201054 0.4732528 0.5197723 0.0000000 0.1737414 0.1282745 0.1327279 0.6408591 0.6769637 0.4949763 0.6550777 0.5822795 0.6761346 0.6498627 0.6700001 0.6304650 0.7315951 0.6894535 0.7088220 0.6580888 0.6697658 0.6155334 0.6228977 0.5328031 0.5117590 0.5647996 0.5601932 0.5291160 0.5385003 0.5660537 0.4478738 0.4478872 0.4560096 0.4478738 0.4519475 0.4390844 0.4434447 0.5096352 0.5039295 0.4567605 0.4610924 0.4596170 0.4522476 0.4435641 0.4434447 0.4575299 0.4658245 0.4621143 0.4591050 0.4635368 0.4459658 0.4486406 0.4753770 0.4641660 0.4686028 0.4695689 0.4577573 0.4669979 0.4680920 0.4846657 0.4691165 0.4694234 0.4556519 0.4597298 0.4556519 0.4854654 0.4863730 0.4789688 0.4866794 0.4790822 0.4889288 0.4790822 0.4856171 0.5035819 0.4978238 0.4873349 0.4821136 0.7046802 0.5695754 0.5226856 0.4935138 0.4634235 0.4804282 0.5086276 0.4526332 0.4559735 0.4777614 0.4581310 0.4652795 0.5013688 0.5273550 0.5139976 0.4744026 0.5040791 0.4985867 0.4982241 0.4669454 0.6259694 0.4970908 0.6209364 0.4705292 0.4834272 0.4776585 0.4716887 0.4857669 0.4683679 0.4822662 0.4788518 0.4826615 0.4797143 0.4793198 0.4793054 0.4755763 0.4933666 0.4892859 0.5076103 0.5135002 0.5040999 0.5299684 0.5321806 0.5060356 0.5307692 0.4594583 0.5434484 0.5468997 0.4795113 0.4345400 0.4754894 0.5585252 0.5891015 0.4994274 0.4601602 0.4727883 
XM_031964400_1_PREDICTED_Sarcophilus_harrisii_REV3_like_DNA_directed_polymerase_zeta_catalytic_subunit_REV3L_transcript_variant_X1_mRNA_1                  0.5520391 0.7217381 0.8228120 0.5497382 0.5741102 0.5240522 0.5453304 0.5771839 0.7458249 0.5434556 0.5811103 0.5147395 0.5221150 0.5410527 0.5650240 0.7302917 0.5953460 0.6949553 0.5384033 0.5716653 0.1737414 0.0000000 0.1083330 0.1295699 0.7141282 0.7253731 0.5151113 0.7544357 0.6139631 0.7689694 0.7169670 0.7340165 0.6142003 0.8340054 0.7744309 0.7986411 0.7364143 0.7404053 0.7014330 0.6988269 0.5623907 0.5471233 0.5968526 0.6299869 0.5886134 0.5934092 0.6216931 0.5112887 0.4992073 0.5200990 0.5112887 0.5157018 0.5240522 0.5100580 0.5700749 0.5731340 0.5250326 0.5295767 0.5090231 0.5342324 0.5245414 0.5100580 0.5348844 0.5348844 0.5264088 0.5148732 0.5152639 0.5092745 0.5066373 0.5817401 0.5690564 0.5741102 0.5622583 0.5646095 0.5728418 0.5688471 0.5930432 0.5794934 0.5474289 0.5529246 0.5574815 0.5529246 0.5780804 0.5785036 0.5750485 0.5789377 0.5706272 0.5770704 0.5706272 0.5775502 0.5870027 0.5917360 0.5663680 0.5692474 0.7731566 0.5946368 0.5698139 0.5196983 0.5168707 0.5260941 0.5612155 0.4997930 0.4832037 0.5036949 0.4988682 0.5117311 0.5538509 0.5604161 0.5556021 0.5208449 0.5360822 0.5434486 0.5428992 0.5364041 0.7454680 0.5789091 0.7196038 0.5511515 0.5497382 0.5496452 0.5429347 0.5583743 0.5394217 0.5546816 0.5510597 0.5551409 0.5498086 0.5493368 0.5404424 0.5498407 0.5700092 0.5482223 0.5679429 0.5697271 0.5532049 0.5864685 0.5740189 0.5436886 0.5766807 0.5099337 0.5833209 0.5722669 0.5098085 0.4945992 0.5422266 0.6450996 0.6562723 0.5635898 0.5120542 0.5112498 
XM_036766364_1_PREDICTED_Trichosurus_vulpecula_REV3_like_DNA_directed_polymerase_zeta_catalytic_subunit_REV3L_transcript_variant_X1_mRNA_1                 0.4763569 0.6198752 0.7226765 0.4781241 0.5001281 0.4345601 0.4704874 0.4831908 0.6422332 0.4725337 0.5096069 0.4510745 0.4527479 0.4833002 0.5000845 0.6471867 0.5182002 0.6057252 0.4765024 0.5055292 0.1282745 0.1083330 0.0000000 0.0683939 0.6480267 0.6590084 0.4763936 0.6603610 0.5277286 0.6912218 0.6500948 0.6578673 0.6114160 0.7147166 0.6707067 0.7125835 0.6434786 0.6663784 0.6351017 0.6179778 0.5051327 0.5007482 0.5360256 0.5514589 0.5244343 0.5248853 0.5480571 0.4512604 0.4512738 0.4593572 0.4512604 0.4553147 0.4345601 0.4388813 0.5040341 0.5026253 0.4615444 0.4684800 0.4467545 0.4435006 0.4349678 0.4388813 0.4706032 0.4706032 0.4627155 0.4543147 0.4546427 0.4413458 0.4439638 0.4987646 0.4955593 0.5001281 0.5011879 0.4906994 0.4944460 0.4995533 0.5125781 0.5007317 0.4814143 0.4771249 0.4812954 0.4771249 0.5071471 0.5079401 0.5004808 0.5082699 0.5005961 0.5019704 0.5005961 0.5071484 0.5255552 0.5196591 0.5091137 0.4994813 0.7346492 0.5610382 0.5365299 0.4733507 0.4476529 0.4519767 0.4985167 0.4506223 0.4539458 0.4719662 0.4657688 0.4525506 0.4917458 0.5094483 0.5005268 0.4728832 0.4866189 0.4801505 0.5013804 0.4828039 0.6680732 0.4966010 0.6629026 0.4835417 0.4837720 0.4780315 0.4720902 0.4860989 0.4729779 0.4826162 0.4792194 0.4830097 0.4745602 0.4741736 0.4660807 0.4745973 0.4922205 0.4966012 0.5063267 0.5121596 0.5031134 0.5284226 0.5009578 0.4698963 0.5337461 0.4384069 0.5310369 0.5198433 0.4470145 0.4186465 0.4496321 0.6220686 0.6085765 0.4939716 0.4593135 0.4517428 
XM_027848601_1_PREDICTED_Vombatus_ursinus_REV3_like_DNA_directed_polymerase_zeta_catalytic_subunit_REV3L_transcript_variant_X1_mRNA_1                      0.4831236 0.5947533 0.7016385 0.4850077 0.4574717 0.4265345 0.4772192 0.4728044 0.6251053 0.4793862 0.4877685 0.4284832 0.4391484 0.4692352 0.4774202 0.6151635 0.5266220 0.6031801 0.4677505 0.5124461 0.1327279 0.1295699 0.0683939 0.0000000 0.6150402 0.6556630 0.4744536 0.6333094 0.5156817 0.6793947 0.6230863 0.6209616 0.5964737 0.6996012 0.6485302 0.6837906 0.6168219 0.6402599 0.6319574 0.6295328 0.4963916 0.4903385 0.5265612 0.5312358 0.5111668 0.5116043 0.5323302 0.4351366 0.4351493 0.4430391 0.4351366 0.4390933 0.4265345 0.4128026 0.4824073 0.4810761 0.4370585 0.4362595 0.4230036 0.4353106 0.4265345 0.4128026 0.4458056 0.4458056 0.4381513 0.4303432 0.4306485 0.4178203 0.4202381 0.4681834 0.4531122 0.4574717 0.4583990 0.4479786 0.4558893 0.4610264 0.4815000 0.4701876 0.4594400 0.4551252 0.4591982 0.4551252 0.4720173 0.4771248 0.4657074 0.4732711 0.4658181 0.4670517 0.4658181 0.4722581 0.4897192 0.4841211 0.4779867 0.4729394 0.7172316 0.5598579 0.5491816 0.4871627 0.4340734 0.4383069 0.4719953 0.4412525 0.4525266 0.4622979 0.4522686 0.4356481 0.4791705 0.4925586 0.4787902 0.4554164 0.4687304 0.4752156 0.4671366 0.4739596 0.6465324 0.4783120 0.6321115 0.4861940 0.4906867 0.4849155 0.4789381 0.4929967 0.4756341 0.4895150 0.4861174 0.4899123 0.4813015 0.4809101 0.4727983 0.4844938 0.4982828 0.5034938 0.5132530 0.5191155 0.5092059 0.5264040 0.4868984 0.4674131 0.5102339 0.4226593 0.5202087 0.5008162 0.4379667 0.4253296 0.4591115 0.5792294 0.5937540 0.4726818 0.4420253 0.4425558 
