152
NM_001372078_1_Homo_sapiens_REV3_like_DNA_directed_polymerase_zeta_catalytic_subunit_REV3L_transcript_variant_4_mRNA_1                                     0.0000000 0.2827109 0.3282139 0.0311169 0.1457229 0.1425237 0.0042347 0.1299600 0.2230150 0.0316950 0.1391968 0.1294411 0.1362371 0.1267484 0.1474387 0.2170186 0.1660822 0.1665799 0.1252266 0.3857970 0.0461110 0.4033589 0.3915493 0.3811459 0.1852730 0.1924954 0.1221653 0.2123691 0.1517348 0.3084383 0.2943781 0.2370470 0.2395631 0.3271116 0.2824328 0.3316848 0.2911740 0.2336694 0.2453913 0.2393027 0.1864478 0.1930955 0.1791439 0.1331559 0.1444828 0.1428698 0.1341669 0.1344574 0.1360967 0.1345702 0.1380244 0.1360985 0.1321530 0.1344659 0.1457229 0.1342897 0.1396418 0.1409757 0.1307943 0.1402024 0.1504114 0.1539277 0.1468643 0.1318384 0.1308901 0.1316831 0.1324340 0.1275669 0.1321208 0.1300611 0.1286418 0.1419099 0.1457120 0.1425237 0.1416457 0.1413176 0.1431929 0.1476682 0.1483385 0.1484714 0.1206926 0.1245918 0.1237611 0.1261702 0.1240135 0.1244361 0.1285789 0.1218311 0.1194025 0.1263293 0.1231963 0.1232868 0.1194966 0.1201603 0.1174633 0.1246246 0.2221069 0.1873523 0.1763896 0.1682447 0.1394053 0.1455963 0.1311971 0.1573658 0.1472440 0.1372775 0.1434785 0.1390616 0.1411035 0.1588932 0.1366537 0.1329143 0.1406879 0.1318834 0.1320876 0.1251486 0.2222643 0.1195613 0.2477661 0.0366377 0.0346269 0.0293557 0.0340398 0.0340584 0.0322567 0.0311459 0.0323110 0.0347740 0.0074666 0.0042399 0.0167159 0.0254300 0.0242226 0.0471611 0.0459504 0.0453746 0.0428022 0.1341693 0.0860729 0.0911397 0.1093414 0.1646469 0.2289661 0.1609270 0.1560991 0.1606446 0.1808748 0.6719577 0.6850627 0.1151248 0.1402356 0.1501630 
NM_011264_3_Mus_musculus_REV3_like_DNA_directed_polymerase_zeta_catalytic_subunit_Rev3l_mRNA_1                                                             0.2827109 0.0000000 0.1474566 0.3026743 0.3523532 0.3568779 0.2826315 0.3323916 0.1722498 0.3036931 0.3400515 0.3333634 0.3384818 0.3382090 0.3470919 0.1669153 0.3369630 0.2316604 0.3149340 0.6209994 0.3079439 0.6770750 0.6561950 0.6375652 0.3532344 0.3633257 0.3252063 0.3677150 0.3052578 0.0309150 0.0609391 0.1819366 0.3695141 0.1431355 0.0906408 0.0998270 0.0909086 0.1851413 0.1851022 0.1821554 0.3480284 0.3702371 0.3435533 0.3006586 0.3166914 0.3128978 0.3045820 0.3251041 0.3307001 0.3243780 0.3294846 0.3261404 0.3249287 0.3251281 0.3523532 0.3336277 0.3332557 0.3398799 0.3408768 0.3447428 0.3526278 0.3591020 0.3491539 0.3322700 0.3373455 0.3430942 0.3441554 0.3368703 0.3424562 0.3412392 0.3393870 0.3425004 0.3569522 0.3568779 0.3531338 0.3545702 0.3556992 0.3579591 0.3580504 0.3586538 0.3079001 0.3137537 0.3123874 0.3161132 0.3306733 0.3392717 0.3316398 0.3334335 0.3304498 0.3356813 0.3339178 0.3307432 0.3291662 0.3277421 0.3262334 0.3355484 0.4489072 0.3931145 0.3847971 0.3845264 0.3428918 0.3491839 0.3401493 0.3695798 0.3624565 0.3527679 0.3551786 0.3510443 0.3530540 0.3600267 0.3402061 0.3410372 0.3522521 0.3429806 0.3370241 0.3147731 0.4373713 0.3212967 0.4859362 0.3016976 0.3044636 0.2999589 0.3077061 0.3055904 0.3020242 0.2940830 0.2940667 0.2962456 0.2823534 0.2852814 0.2820885 0.2839332 0.2788219 0.3045872 0.3066019 0.3056530 0.3016663 0.3328598 0.2886307 0.2946772 0.3343660 0.3479418 0.4206282 0.3604152 0.3471931 0.3597869 0.3720128 0.8998937 0.9145623 0.3188641 0.3292881 0.3306247 
XM_006256524_2_PREDICTED_Rattus_norvegicus_REV3_like_DNA_directed_polymerase_zeta_catalytic_subunit_Rev3l_transcript_variant_X1_mRNA_1                     0.3282139 0.1474566 0.0000000 0.3322204 0.3748313 0.3988529 0.3234732 0.3803499 0.2085689 0.3332729 0.3617631 0.3552232 0.3757162 0.3874455 0.3938987 0.2115679 0.3657821 0.2660333 0.3594723 0.6357128 0.3428551 0.6612980 0.6415895 0.6404221 0.3777159 0.3876153 0.3454631 0.4184971 0.3418494 0.1578689 0.1534374 0.2097499 0.3910730 0.0178605 0.1405061 0.1743305 0.1472754 0.2120461 0.2293461 0.2335723 0.3794740 0.4000809 0.3735096 0.3342691 0.3437079 0.3429074 0.3372054 0.3634183 0.3672290 0.3627045 0.3659175 0.3634833 0.3599145 0.3634452 0.3748313 0.3592623 0.3546199 0.3616359 0.3679611 0.3771374 0.3946601 0.3821823 0.3705888 0.3581114 0.3589734 0.3652416 0.3663197 0.3570691 0.3604716 0.3550508 0.3586816 0.3877636 0.4057031 0.3988529 0.4039926 0.4021729 0.4100400 0.3996813 0.4082150 0.4031970 0.3518238 0.3572337 0.3596747 0.3597527 0.3735995 0.3679460 0.3732938 0.3682715 0.3662930 0.3687602 0.3699031 0.3725170 0.3636467 0.3661296 0.3646478 0.3639860 0.4843451 0.4454636 0.4373661 0.4422859 0.3827363 0.3965296 0.3790171 0.4086711 0.3892048 0.3911517 0.3916614 0.3932660 0.3863396 0.4080494 0.3946793 0.3889481 0.4007798 0.3881498 0.3760114 0.3548860 0.4762056 0.3536634 0.5304594 0.3384325 0.3318520 0.3330932 0.3331785 0.3369423 0.3309368 0.3306161 0.3272271 0.3337687 0.3268481 0.3263463 0.3236686 0.3303737 0.3257835 0.3369576 0.3396542 0.3390899 0.3334992 0.3662136 0.3376756 0.3282919 0.3656644 0.3940115 0.4531473 0.3972348 0.3864128 0.3976782 0.4089801 0.8878794 0.9011439 0.3501044 0.3603296 0.3660757 
XM_028847034_1_PREDICTED_Macaca_mulatta_REV3_like_DNA_directed_polymerase_zeta_catalytic_subunit_REV3L_transcript_variant_X1_mRNA_1                        0.0311169 0.3026743 0.3322204 0.0000000 0.1456640 0.1498040 0.0310099 0.1357665 0.2348021 0.0005224 0.1391735 0.1310014 0.1349228 0.1321228 0.1443241 0.2263165 0.1668148 0.1776338 0.1237756 0.3825018 0.0488926 0.3978678 0.3847632 0.3824700 0.1910368 0.1973878 0.1296973 0.2172508 0.1520768 0.3232604 0.3036383 0.2446770 0.2468312 0.3337141 0.2988409 0.3389267 0.3070245 0.2462446 0.2551072 0.2520192 0.1862772 0.1920857 0.1773628 0.1320650 0.1440044 0.1417282 0.1330697 0.1356547 0.1372946 0.1357684 0.1392246 0.1372960 0.1333507 0.1356632 0.1456640 0.1378899 0.1388427 0.1425146 0.1320538 0.1398513 0.1471144 0.1538228 0.1467990 0.1369804 0.1309117 0.1317005 0.1324474 0.1295885 0.1341500 0.1300871 0.1306694 0.1472380 0.1551958 0.1498040 0.1510525 0.1507449 0.1497186 0.1546860 0.1583128 0.1538588 0.1243679 0.1282779 0.1293921 0.1298607 0.1281729 0.1251399 0.1327643 0.1259810 0.1235330 0.1285333 0.1273501 0.1274426 0.1217077 0.1242937 0.1196681 0.1253284 0.2183477 0.1865874 0.1827145 0.1711692 0.1362910 0.1444953 0.1295826 0.1569318 0.1497432 0.1397556 0.1432106 0.1486952 0.1447643 0.1633435 0.1434737 0.1367678 0.1430282 0.1352543 0.1381856 0.1236988 0.2239434 0.1185841 0.2515013 0.0201336 0.0106332 0.0026278 0.0084841 0.0090467 0.0090528 0.0161359 0.0172399 0.0184122 0.0323463 0.0310491 0.0280274 0.0340772 0.0339900 0.0507342 0.0481385 0.0494004 0.0461982 0.1376846 0.0838781 0.0899803 0.1120881 0.1638137 0.2297741 0.1545289 0.1501433 0.1638181 0.1862657 0.6673968 0.6824920 0.1130659 0.1399383 0.1442676 
XM_014118216_3_PREDICTED_Canis_lupus_familiaris_REV3_like_DNA_directed_polymerase_zeta_catalytic_subunit_REV3L_transcript_variant_X1_mRNA_1                0.1457229 0.3523532 0.3748313 0.1456640 0.0000000 0.1401052 0.1451445 0.1195667 0.2705379 0.1464307 0.0631456 0.0567644 0.1215860 0.1285436 0.1884937 0.2674923 0.2026100 0.2177183 0.1153845 0.4182009 0.1534252 0.4368319 0.4159310 0.4228553 0.2451917 0.2506051 0.1815240 0.2486146 0.1840072 0.3768193 0.3503370 0.2897894 0.2862980 0.3796441 0.3346684 0.3816753 0.3360633 0.2941186 0.2730098 0.2778840 0.2215291 0.2396406 0.2159920 0.1661341 0.1777867 0.1756457 0.1665798 0.0662601 0.0675867 0.0663073 0.0690554 0.0675978 0.0643382 0.0662638 0.0000010 0.0582873 0.0642907 0.0644999 0.0545337 0.0695208 0.0798261 0.0111518 0.0089981 0.0575943 0.0522635 0.0537918 0.0544055 0.0500724 0.0525285 0.0512307 0.0508026 0.1368342 0.1437481 0.1401052 0.1412930 0.1409679 0.1399070 0.1434740 0.1447722 0.1427240 0.1163293 0.1157687 0.1168187 0.1172974 0.1134398 0.1118721 0.1182299 0.1157500 0.1112096 0.1160605 0.1148909 0.1127358 0.1072755 0.1097255 0.1071307 0.1100832 0.2289497 0.1725466 0.1656211 0.1620673 0.1229228 0.1281813 0.1084405 0.1419595 0.1330975 0.1277841 0.1272735 0.1352919 0.1313575 0.1448591 0.1321222 0.1308005 0.1341061 0.1301191 0.1213536 0.1153128 0.2057529 0.1586381 0.2297035 0.1491708 0.1510861 0.1459394 0.1503197 0.1509173 0.1498965 0.1447155 0.1447123 0.1499779 0.1460618 0.1453718 0.1390819 0.1467022 0.1415656 0.1466596 0.1463656 0.1473555 0.1450775 0.2026920 0.1352885 0.1406893 0.1769613 0.1672004 0.2337539 0.1600658 0.1647824 0.1783976 0.1953634 0.6858518 0.6941810 0.1024922 0.0637727 0.1569301 
XM_024996589_1_PREDICTED_Bos_taurus_REV3_like_DNA_directed_polymerase_zeta_catalytic_subunit_REV3L_transcript_variant_X1_mRNA_1                            0.1425237 0.3568779 0.3988529 0.1498040 0.1401052 0.0000000 0.1403930 0.0908034 0.2801238 0.1505805 0.1338486 0.1260198 0.1282658 0.1304305 0.1904657 0.2774581 0.2089984 0.2256239 0.1227773 0.4151632 0.1566336 0.4219221 0.4122055 0.4124578 0.2370441 0.2445746 0.1763113 0.2457479 0.1894767 0.3805842 0.3663304 0.2978776 0.2835732 0.3968616 0.3429042 0.3966956 0.3631416 0.3005729 0.2987235 0.2997128 0.2323026 0.2470506 0.2179234 0.1716313 0.1843790 0.1825072 0.1744819 0.1299941 0.1285424 0.1285737 0.1319444 0.1300729 0.1292543 0.1300022 0.1401052 0.1297075 0.1338696 0.1337230 0.1224722 0.1257022 0.1414451 0.1481269 0.1412109 0.1273039 0.1221728 0.1254689 0.1262034 0.1227761 0.1265417 0.1232773 0.1244798 0.0279997 0.0042203 0.0000010 0.0015746 0.0005254 0.0139543 0.0271341 0.0305069 0.0270092 0.0999001 0.0993408 0.1003098 0.1008005 0.0765101 0.0699061 0.0765331 0.0746115 0.0725696 0.0757094 0.0732574 0.0745478 0.0678063 0.0699269 0.0655720 0.0703121 0.2319768 0.1777223 0.1698453 0.1594850 0.1303024 0.1352077 0.1169745 0.1515422 0.1459887 0.1414011 0.1361362 0.1385683 0.1321670 0.1466611 0.1355161 0.1305177 0.1353520 0.1320070 0.1306025 0.1218968 0.2279261 0.1622524 0.2564966 0.1587726 0.1536944 0.1500910 0.1545215 0.1551408 0.1541018 0.1536580 0.1536543 0.1565046 0.1460204 0.1406122 0.1373559 0.1420932 0.1385441 0.1594791 0.1571467 0.1579748 0.1497034 0.2036597 0.1438685 0.1391125 0.1745193 0.1798188 0.2387798 0.1736499 0.1762396 0.1830921 0.1875441 0.6655262 0.6834845 0.1113466 0.1333998 0.1630450 
XM_016956167_2_PREDICTED_Pan_troglodytes_REV3_like_DNA_directed_polymerase_zeta_catalytic_subunit_REV3L_transcript_variant_X1_mRNA_1                       0.0042347 0.2826315 0.3234732 0.0310099 0.1451445 0.1403930 0.0000000 0.1307425 0.2221129 0.0315860 0.1402089 0.1274037 0.1341620 0.1277885 0.1489857 0.2169518 0.1661490 0.1641342 0.1232360 0.3863440 0.0459479 0.4038391 0.3920743 0.3836452 0.1834817 0.1924337 0.1216886 0.2131241 0.1516823 0.3048153 0.2908921 0.2340759 0.2424828 0.3260742 0.2802868 0.3278490 0.2910922 0.2346573 0.2423303 0.2392309 0.1847108 0.1930621 0.1791631 0.1346479 0.1439063 0.1443997 0.1356642 0.1359669 0.1376118 0.1360813 0.1395480 0.1376131 0.1336563 0.1359755 0.1451445 0.1357967 0.1390868 0.1419865 0.1322949 0.1417295 0.1498013 0.1533115 0.1462796 0.1333379 0.1303748 0.1311617 0.1319093 0.1290494 0.1336155 0.1295494 0.1285947 0.1397910 0.1456611 0.1403930 0.1415957 0.1412676 0.1410483 0.1454836 0.1482870 0.1462907 0.1187570 0.1226256 0.1237159 0.1241915 0.1239680 0.1224629 0.1285323 0.1217861 0.1193581 0.1228389 0.1216536 0.1232414 0.1175555 0.1201157 0.1155446 0.1226478 0.2246630 0.1886924 0.1803684 0.1721561 0.1373061 0.1455456 0.1291546 0.1567239 0.1496783 0.1380638 0.1422094 0.1405690 0.1426414 0.1578324 0.1377390 0.1339742 0.1396976 0.1309216 0.1315653 0.1231592 0.2250484 0.1195172 0.2508706 0.0378088 0.0345074 0.0304982 0.0339225 0.0352155 0.0334073 0.0322953 0.0334636 0.0359370 0.0085426 0.0021057 0.0166591 0.0247871 0.0241398 0.0471393 0.0457883 0.0452146 0.0426520 0.1367504 0.0860380 0.0908016 0.1115412 0.1675335 0.2288963 0.1605782 0.1576631 0.1599910 0.1825302 0.6752582 0.6883934 0.1132140 0.1417568 0.1517153 
XM_021091238_1_PREDICTED_Sus_scrofa_REV3_like_DNA_directed_polymerase_zeta_catalytic_subunit_REV3L_transcript_variant_X1_mRNA_1                            0.1299600 0.3323916 0.3803499 0.1357665 0.1195667 0.0908034 0.1307425 0.0000000 0.2593427 0.1365203 0.1188797 0.1146191 0.1167275 0.1165592 0.1673666 0.2598929 0.1975614 0.2039707 0.1060929 0.3919773 0.1442911 0.3936144 0.3815436 0.3862787 0.2210767 0.2267819 0.1683163 0.2349053 0.1725828 0.3602796 0.3311536 0.2795016 0.2642154 0.3735480 0.3236778 0.3653823 0.3312738 0.2846374 0.2814735 0.2753518 0.2247278 0.2375641 0.2132199 0.1606290 0.1773609 0.1721110 0.1617491 0.1145099 0.1116446 0.1131339 0.1163426 0.1131140 0.1137971 0.1145169 0.1195667 0.1162738 0.1174210 0.1198813 0.1067313 0.1162457 0.1267408 0.1286879 0.1235467 0.1154239 0.1079057 0.1124714 0.1131868 0.1072725 0.1108036 0.1096050 0.1097048 0.0848131 0.0935829 0.0908034 0.0900652 0.0896481 0.0911924 0.0933019 0.0955616 0.0935611 0.0882063 0.0876503 0.0869217 0.0890575 0.0651171 0.0641046 0.0665919 0.0653326 0.0620759 0.0679290 0.0652975 0.0632149 0.0607924 0.0607365 0.0580167 0.0626460 0.2083631 0.1589859 0.1577001 0.1494812 0.1180534 0.1208955 0.1060886 0.1355440 0.1297283 0.1272681 0.1274408 0.1267298 0.1167755 0.1372363 0.1233044 0.1165081 0.1246812 0.1185583 0.1179653 0.1060258 0.1990735 0.1476531 0.2230630 0.1422257 0.1386998 0.1339981 0.1403389 0.1388361 0.1378539 0.1358539 0.1373944 0.1394343 0.1326243 0.1309432 0.1300868 0.1351726 0.1317042 0.1393670 0.1450260 0.1451518 0.1383628 0.1778805 0.1268343 0.1283153 0.1633508 0.1644137 0.2259354 0.1584741 0.1588981 0.1735349 0.1733530 0.6678629 0.6882604 0.0958463 0.1150596 0.1538390 
XM_040758199_1_PREDICTED_Mesocricetus_auratus_REV3_like_DNA_directed_polymerase_zeta_catalytic_subunit_Rev3l_transcript_variant_X1_mRNA_1                  0.2230150 0.1722498 0.2085689 0.2348021 0.2705379 0.2801238 0.2221129 0.2593427 0.0000000 0.2357209 0.2536129 0.2498551 0.2661290 0.2699519 0.2693540 0.0431391 0.2594386 0.1608778 0.2528874 0.5255296 0.2461834 0.5557635 0.5487316 0.5265610 0.3119151 0.3279817 0.2528994 0.2942426 0.2317173 0.1919476 0.1748890 0.1015635 0.2735874 0.2051882 0.1582368 0.2035203 0.1651709 0.1014524 0.1000379 0.1002772 0.2837306 0.2961997 0.2684328 0.2213709 0.2373777 0.2344405 0.2246582 0.2536302 0.2535249 0.2535925 0.2562523 0.2534662 0.2504132 0.2536483 0.2705379 0.2519739 0.2517574 0.2542849 0.2531492 0.2637250 0.2768162 0.2751358 0.2682828 0.2507829 0.2545627 0.2560781 0.2570228 0.2498683 0.2547999 0.2533163 0.2516687 0.2797841 0.2801839 0.2801238 0.2788531 0.2778801 0.2827812 0.2850908 0.2853325 0.2846380 0.2496108 0.2529516 0.2517587 0.2550802 0.2629868 0.2619754 0.2632768 0.2596805 0.2559464 0.2624666 0.2570670 0.2620445 0.2578358 0.2566186 0.2544409 0.2625313 0.3699010 0.3132728 0.3014026 0.3053736 0.2700982 0.2746051 0.2665638 0.2953715 0.2914670 0.2742923 0.2838192 0.2777336 0.2768917 0.2959394 0.2726169 0.2778516 0.2879057 0.2743777 0.2610496 0.2547135 0.3680627 0.2460654 0.4117556 0.2352660 0.2345627 0.2324670 0.2402644 0.2383942 0.2370668 0.2367350 0.2348230 0.2376066 0.2265228 0.2262769 0.2238289 0.2270628 0.2234108 0.2350919 0.2406420 0.2397427 0.2401815 0.2747250 0.2239255 0.2277032 0.2634643 0.2786054 0.3406840 0.2838131 0.2698573 0.2747557 0.3069622 0.8181318 0.8272489 0.2449663 0.2474449 0.2695890 
XM_015448392_1_PREDICTED_Macaca_fascicularis_REV3_like_DNA_directed_polymerase_zeta_catalytic_subunit_REV3L_transcript_variant_X1_mRNA_1                   0.0316950 0.3036931 0.3332729 0.0005224 0.1464307 0.1505805 0.0315860 0.1365203 0.2357209 0.0000000 0.1399381 0.1317525 0.1356760 0.1328811 0.1451006 0.2272252 0.1676232 0.1784691 0.1245111 0.3836569 0.0495030 0.3990401 0.3859188 0.3836268 0.1918862 0.1982491 0.1304445 0.2181453 0.1528628 0.3243036 0.3046548 0.2436796 0.2477632 0.3347623 0.2998555 0.3399918 0.3080612 0.2471816 0.2560609 0.2529741 0.1853933 0.1929298 0.1781901 0.1328150 0.1447755 0.1424969 0.1338224 0.1364165 0.1380591 0.1365310 0.1399933 0.1380603 0.1341094 0.1364251 0.1464307 0.1386539 0.1396051 0.1432847 0.1328114 0.1406197 0.1478968 0.1546015 0.1475688 0.1377428 0.1316619 0.1324557 0.1332034 0.1303382 0.1349057 0.1308362 0.1314221 0.1480067 0.1559821 0.1505805 0.1518327 0.1515268 0.1504982 0.1554730 0.1591028 0.1546412 0.1250954 0.1290117 0.1301292 0.1305969 0.1289135 0.1258724 0.1335112 0.1267191 0.1242668 0.1292726 0.1280894 0.1281824 0.1224371 0.1250284 0.1203917 0.1260621 0.2192289 0.1856807 0.1835532 0.1703010 0.1370451 0.1452622 0.1303286 0.1577257 0.1505275 0.1405281 0.1439853 0.1494665 0.1455437 0.1641516 0.1442530 0.1375286 0.1438008 0.1360133 0.1389479 0.1244339 0.2248310 0.1178367 0.2524896 0.0206924 0.0111727 0.0031556 0.0090207 0.0095857 0.0095921 0.0166857 0.0177914 0.0189671 0.0329274 0.0316260 0.0285972 0.0346603 0.0345716 0.0513470 0.0487462 0.0500103 0.0468015 0.1384337 0.0845455 0.0906560 0.1128045 0.1646244 0.2306994 0.1553255 0.1509223 0.1646184 0.1871065 0.6688892 0.6808212 0.1137844 0.1407039 0.1450410 
XM_004753515_2_PREDICTED_Mustela_putorius_furo_REV3_like_polymerase_DNA_directed_zeta_catalytic_subunit_REV3L_transcript_variant_X1_mRNA_1                 0.1391968 0.3400515 0.3617631 0.1391735 0.0631456 0.1338486 0.1402089 0.1188797 0.2536129 0.1399381 0.0000000 0.0487121 0.1104752 0.1224770 0.1753799 0.2511247 0.1901868 0.2060296 0.1128421 0.3959561 0.1474567 0.4124831 0.3949126 0.4062680 0.2195977 0.2265886 0.1663953 0.2423426 0.1718887 0.3619804 0.3374458 0.2746230 0.2658693 0.3665561 0.3197918 0.3663333 0.3256587 0.2806363 0.2654172 0.2692060 0.2128095 0.2246579 0.2000624 0.1635008 0.1763686 0.1735061 0.1646398 0.0665274 0.0664615 0.0665751 0.0693375 0.0678720 0.0645950 0.0665312 0.0631456 0.0526503 0.0212226 0.0053038 0.0451866 0.0685603 0.0781717 0.0677687 0.0626407 0.0519712 0.0455378 0.0489570 0.0495654 0.0439413 0.0463609 0.0450901 0.0458680 0.1306376 0.1389937 0.1338486 0.1350113 0.1346716 0.1336275 0.1371789 0.1368513 0.1349281 0.1118926 0.1121411 0.1131806 0.1136656 0.1130938 0.1100904 0.1179146 0.1161225 0.1115626 0.1149721 0.1152594 0.1123878 0.1069134 0.1093693 0.1074655 0.1104303 0.2200803 0.1719360 0.1619274 0.1520407 0.1111088 0.1199382 0.1011582 0.1357984 0.1276567 0.1255547 0.1256953 0.1285094 0.1213425 0.1338044 0.1253120 0.1232414 0.1306859 0.1240719 0.1137750 0.1127710 0.1931508 0.1573857 0.2198956 0.1478886 0.1439038 0.1410040 0.1453912 0.1459724 0.1449576 0.1429209 0.1413405 0.1466095 0.1410988 0.1404288 0.1326281 0.1417437 0.1373589 0.1390509 0.1406119 0.1415935 0.1383305 0.1841267 0.1291679 0.1337578 0.1723328 0.1671740 0.2249963 0.1607889 0.1550696 0.1658070 0.1846961 0.6550260 0.6594888 0.0980712 0.0212703 0.1516379 
XM_034668992_1_PREDICTED_Ailuropoda_melanoleuca_REV3_like_DNA_directed_polymerase_zeta_catalytic_subunit_REV3L_transcript_variant_X1_mRNA_1                0.1294411 0.3333634 0.3552232 0.1310014 0.0567644 0.1260198 0.1274037 0.1146191 0.2498551 0.1317525 0.0487121 0.0000000 0.1077488 0.1152411 0.1801212 0.2473987 0.1961102 0.2083313 0.1030774 0.3950387 0.1407107 0.4109615 0.3964100 0.3986883 0.2216496 0.2294226 0.1695017 0.2525985 0.1777123 0.3563242 0.3284774 0.2729717 0.2772317 0.3599575 0.3224581 0.3634336 0.3264334 0.2770055 0.2574973 0.2672708 0.2143728 0.2281019 0.2064745 0.1603460 0.1730764 0.1702330 0.1614690 0.0561079 0.0573157 0.0574116 0.0600873 0.0586781 0.0554869 0.0561110 0.0567644 0.0134320 0.0468136 0.0500006 0.0391880 0.0625193 0.0720210 0.0638408 0.0575093 0.0134241 0.0371132 0.0403950 0.0409908 0.0367703 0.0391490 0.0367168 0.0362555 0.1214199 0.1295287 0.1260198 0.1271431 0.1267877 0.1257723 0.1292783 0.1289711 0.1270994 0.1056372 0.1058701 0.1068763 0.1073649 0.1072024 0.1056569 0.1119263 0.1094832 0.1049975 0.1083697 0.1071987 0.1065048 0.1025393 0.1049595 0.1009879 0.1039043 0.2142013 0.1674319 0.1517584 0.1509455 0.1100351 0.1151723 0.0980005 0.1336602 0.1271913 0.1225693 0.1213427 0.1295159 0.1142754 0.1331487 0.1198202 0.1175136 0.1248258 0.1183289 0.1082589 0.1030116 0.1993633 0.1495390 0.2227157 0.1379041 0.1340991 0.1312434 0.1340111 0.1345414 0.1335639 0.1330991 0.1300146 0.1366835 0.1301459 0.1291299 0.1230828 0.1284161 0.1265209 0.1311057 0.1331612 0.1341180 0.1319419 0.1843260 0.1264443 0.1317702 0.1648784 0.1614266 0.2159231 0.1551710 0.1589016 0.1673605 0.1827254 0.6560551 0.6576558 0.0893276 0.0468689 0.1492436 
XM_015600069_2_PREDICTED_Pteropus_alecto_REV3_like_DNA_directed_polymerase_zeta_catalytic_subunit_REV3L_transcript_variant_X1_mRNA_1                       0.1362371 0.3384818 0.3757162 0.1349228 0.1215860 0.1282658 0.1341620 0.1167275 0.2661290 0.1356760 0.1104752 0.1077488 0.0000000 0.0963692 0.1801944 0.2633977 0.1965920 0.2122103 0.1045679 0.4040519 0.1499545 0.4092423 0.4009432 0.4009263 0.2362997 0.2422157 0.1668949 0.2472207 0.1846677 0.3588197 0.3379387 0.2774994 0.2826106 0.3755429 0.3268438 0.3790134 0.3310612 0.2821368 0.2800480 0.2830937 0.2263819 0.2433315 0.2136370 0.1574288 0.1693418 0.1671661 0.1601691 0.1129821 0.1159994 0.1116014 0.1138491 0.1145268 0.1107998 0.1129890 0.1215860 0.1133132 0.1168695 0.1135615 0.1051162 0.1145688 0.1241805 0.1292755 0.1241059 0.1111023 0.1049570 0.1094735 0.1101849 0.1046822 0.1075378 0.1044679 0.1071040 0.1244386 0.1333037 0.1282658 0.1293942 0.1290452 0.1255487 0.1297182 0.1315160 0.1297593 0.1151384 0.1131358 0.1141711 0.1146510 0.1036342 0.1027849 0.1058536 0.1044571 0.1001353 0.1048831 0.1030033 0.1029450 0.0962507 0.0986100 0.0958218 0.1010610 0.2110921 0.1615392 0.1625383 0.1503853 0.0053166 0.0354693 0.0693837 0.1223586 0.1119584 0.1118367 0.1122869 0.1129450 0.0888604 0.1109808 0.1005749 0.0936938 0.1018967 0.0972542 0.0938547 0.1037364 0.2052869 0.1535762 0.2241540 0.1450426 0.1433633 0.1382661 0.1407220 0.1428384 0.1403664 0.1401533 0.1401503 0.1453654 0.1381054 0.1335553 0.1343581 0.1389841 0.1354784 0.1485774 0.1483462 0.1491544 0.1406016 0.1921067 0.1312057 0.1248903 0.1616677 0.1612422 0.2214969 0.1639818 0.1554704 0.1675288 0.1787810 0.6777478 0.6890124 0.0925898 0.1170820 0.1469923 
XM_005883745_2_PREDICTED_Myotis_brandtii_REV3_like_polymerase_DNA_directed_zeta_catalytic_subunit_REV3L_transcript_variant_X1_mRNA_1                       0.1267484 0.3382090 0.3874455 0.1321228 0.1285436 0.1304305 0.1277885 0.1165592 0.2699519 0.1328811 0.1224770 0.1152411 0.0963692 0.0000000 0.1845032 0.2713306 0.1959798 0.1964426 0.0991641 0.4018071 0.1443675 0.4103223 0.3950754 0.3880043 0.2355504 0.2367924 0.1688718 0.2431255 0.1723608 0.3593007 0.3420203 0.2885864 0.2639490 0.3813093 0.3262212 0.3732046 0.3441040 0.2900877 0.2840769 0.2848608 0.2247851 0.2385842 0.2101056 0.1586516 0.1725061 0.1685187 0.1614274 0.1185393 0.1186067 0.1171356 0.1219370 0.1201166 0.1163147 0.1185467 0.1285436 0.1184138 0.1258888 0.1248311 0.1126845 0.1187339 0.1337118 0.1333530 0.1280833 0.1160565 0.1143359 0.1175577 0.1182879 0.1115355 0.1144541 0.1124393 0.1110631 0.1287543 0.1335354 0.1304305 0.1295827 0.1292304 0.1294934 0.1366006 0.1365306 0.1343320 0.1146370 0.1126108 0.1118087 0.1141431 0.1063345 0.1068400 0.1096108 0.1081879 0.1036860 0.1103496 0.1058954 0.1066421 0.1008865 0.1015349 0.1011051 0.1050627 0.2105776 0.1687380 0.1519058 0.1422691 0.0976681 0.0982186 0.0901950 0.1032218 0.0938094 0.0899763 0.0887682 0.0753697 0.1057710 0.0439604 0.0275552 0.0119218 0.0158891 0.0048040 0.0754861 0.0990997 0.2100671 0.1504718 0.2390724 0.1385956 0.1390494 0.1310165 0.1373939 0.1374423 0.1348962 0.1337601 0.1322056 0.1389374 0.1281311 0.1287142 0.1249290 0.1293497 0.1258892 0.1401502 0.1452230 0.1460369 0.1337352 0.1933111 0.1304073 0.1318170 0.1607413 0.1692070 0.2373102 0.1663601 0.1519615 0.1662207 0.1772608 0.6761635 0.6900629 0.0878160 0.1234463 0.1443428 
XM_006157005_3_PREDICTED_Tupaia_chinensis_REV3_like_DNA_directed_polymerase_zeta_catalytic_subunit_REV3L_transcript_variant_X3_mRNA_1                      0.1474387 0.3470919 0.3938987 0.1443241 0.1884937 0.1904657 0.1489857 0.1673666 0.2693540 0.1451006 0.1753799 0.1801212 0.1801944 0.1845032 0.0000000 0.2644416 0.2261803 0.2202783 0.1521259 0.4292986 0.1581788 0.4341815 0.4122945 0.4176322 0.2383529 0.2453855 0.1705058 0.2563407 0.2000999 0.3723803 0.3568399 0.2862230 0.2885483 0.3930744 0.3360471 0.3978055 0.3468877 0.2967852 0.2993996 0.2961642 0.2508335 0.2609140 0.2222492 0.1752883 0.1903109 0.1842983 0.1739205 0.1748737 0.1732749 0.1713387 0.1765263 0.1739824 0.1713508 0.1740505 0.1884937 0.1856515 0.1843649 0.1791128 0.1748291 0.1905939 0.1939400 0.1951267 0.1897921 0.1828702 0.1747182 0.1797735 0.1797983 0.1709511 0.1742902 0.1720905 0.1732309 0.1862117 0.1922626 0.1904657 0.1877064 0.1892277 0.1896744 0.1920554 0.1969518 0.1962665 0.1697400 0.1725145 0.1715478 0.1735532 0.1665175 0.1663771 0.1715939 0.1692263 0.1657303 0.1728025 0.1683235 0.1657162 0.1622304 0.1629370 0.1606811 0.1637332 0.2802498 0.2207460 0.2199902 0.2203535 0.1807416 0.1918132 0.1649209 0.1931367 0.1805020 0.1794325 0.1835660 0.1980303 0.1789455 0.2074533 0.1889446 0.1837464 0.1923525 0.1875786 0.1779679 0.1536597 0.2780847 0.1666730 0.3028343 0.1506711 0.1457734 0.1440712 0.1513958 0.1514451 0.1504112 0.1475095 0.1491059 0.1521778 0.1493885 0.1492233 0.1435065 0.1499041 0.1478550 0.1603426 0.1580736 0.1590417 0.1509177 0.1971838 0.1420995 0.1462258 0.1866317 0.1877036 0.2485699 0.1905790 0.1851177 0.1922638 0.2119022 0.7295758 0.7486325 0.1526616 0.1832333 0.1811120 
XM_027402162_2_PREDICTED_Cricetulus_griseus_REV3_like_DNA_directed_polymerase_zeta_catalytic_subunit_Rev3l_transcript_variant_X5_mRNA_1                    0.2170186 0.1669153 0.2115679 0.2263165 0.2674923 0.2774581 0.2169518 0.2598929 0.0431391 0.2272252 0.2511247 0.2473987 0.2633977 0.2713306 0.2644416 0.0000000 0.2546551 0.1586848 0.2476169 0.5110222 0.2372486 0.5498457 0.5371264 0.5169700 0.3128973 0.3267473 0.2493148 0.2902787 0.2305746 0.1863399 0.1725054 0.0974037 0.2719064 0.2115423 0.1553875 0.1996248 0.1602323 0.0959114 0.1007641 0.0981861 0.2812025 0.2890922 0.2594905 0.2211264 0.2381976 0.2361329 0.2244172 0.2471081 0.2470016 0.2462781 0.2496845 0.2469477 0.2448246 0.2471256 0.2674923 0.2495037 0.2483858 0.2517878 0.2506661 0.2594094 0.2698912 0.2720675 0.2652392 0.2483198 0.2501248 0.2505517 0.2514881 0.2462492 0.2511450 0.2496644 0.2491974 0.2763318 0.2775175 0.2774581 0.2761968 0.2762061 0.2800867 0.2791927 0.2815298 0.2808357 0.2453629 0.2486724 0.2474924 0.2507828 0.2624542 0.2585763 0.2618407 0.2602267 0.2564965 0.2630090 0.2576159 0.2615145 0.2564178 0.2552066 0.2510990 0.2571547 0.3649814 0.3053873 0.2935065 0.2997074 0.2673425 0.2712404 0.2651047 0.2947266 0.2874930 0.2716692 0.2852864 0.2731202 0.2799233 0.2992249 0.2746982 0.2792187 0.2892757 0.2757508 0.2591203 0.2494276 0.3602711 0.2445868 0.4003379 0.2277760 0.2270988 0.2240214 0.2297988 0.2279590 0.2285388 0.2311281 0.2292310 0.2300843 0.2184114 0.2192031 0.2186709 0.2208129 0.2163954 0.2337597 0.2339101 0.2330150 0.2330829 0.2671795 0.2179432 0.2246277 0.2638410 0.2666951 0.3368739 0.2836950 0.2715467 0.2720556 0.3008457 0.8132756 0.8385366 0.2415911 0.2393412 0.2681396 
XM_013069186_2_PREDICTED_Heterocephalus_glaber_REV3_like_DNA_directed_polymerase_zeta_catalytic_subunit_Rev3l_transcript_variant_X1_mRNA_1                 0.1660822 0.3369630 0.3657821 0.1668148 0.2026100 0.2089984 0.1661490 0.1975614 0.2594386 0.1676232 0.1901868 0.1961102 0.1965920 0.1959798 0.2261803 0.2546551 0.0000000 0.2074530 0.1811722 0.4417515 0.1816731 0.4787755 0.4623050 0.4488097 0.2620003 0.2626440 0.1890329 0.2456316 0.1866593 0.3531006 0.3388838 0.2703791 0.2851028 0.3656713 0.3238819 0.3593168 0.3244024 0.2668511 0.2730530 0.2731983 0.1017846 0.1185075 0.0595482 0.1748607 0.1857690 0.1861415 0.1760603 0.1952355 0.1963524 0.1981872 0.2022798 0.1981126 0.1953657 0.1962295 0.2026100 0.1972296 0.1965626 0.1940917 0.1954988 0.2011093 0.2110286 0.2065809 0.1986798 0.1979491 0.1937205 0.1972084 0.1980606 0.1956047 0.2008661 0.1960572 0.1970053 0.2056137 0.2153871 0.2089984 0.2124253 0.2113828 0.2119217 0.2120690 0.2181454 0.2154840 0.1885863 0.1897549 0.1912137 0.1916195 0.1898449 0.1880844 0.1924761 0.1900325 0.1862261 0.1918929 0.1899490 0.1890106 0.1821359 0.1835631 0.1794803 0.1879684 0.2824992 0.2570790 0.2426745 0.2288332 0.2003162 0.2051588 0.1912781 0.2280256 0.2200971 0.2048372 0.2134357 0.2114465 0.2077445 0.2158600 0.2024325 0.1954574 0.2045347 0.1965392 0.1950965 0.1793547 0.2946415 0.1908766 0.3309932 0.1731091 0.1709414 0.1664474 0.1710337 0.1717346 0.1693530 0.1684174 0.1676595 0.1723817 0.1674038 0.1664229 0.1636821 0.1622743 0.1577502 0.1825130 0.1805762 0.1807455 0.1783209 0.2174736 0.1620389 0.1583701 0.1973739 0.2095324 0.2922188 0.2177009 0.2105989 0.2280890 0.2421389 0.7325872 0.7557824 0.1767457 0.1953837 0.2065069 
XM_008852401_2_PREDICTED_Nannospalax_galili_REV3_like_DNA_directed_polymerase_zeta_catalytic_subunit_Rev3l_transcript_variant_X1_mRNA_1                    0.1665799 0.2316604 0.2660333 0.1776338 0.2177183 0.2256239 0.1641342 0.2039707 0.1608778 0.1784691 0.2060296 0.2083313 0.2122103 0.1964426 0.2202783 0.1586848 0.2074530 0.0000000 0.1886907 0.4771340 0.1855543 0.5189984 0.5018230 0.4944055 0.2480794 0.2543852 0.1937017 0.2316777 0.1793264 0.2501646 0.2201176 0.1763581 0.2145294 0.2651383 0.2089590 0.2532346 0.2095691 0.1724841 0.1719695 0.1711192 0.2316283 0.2372815 0.2097929 0.1644315 0.1802801 0.1751206 0.1672842 0.2081007 0.2064157 0.2072247 0.2088386 0.2063876 0.2053946 0.2070364 0.2177183 0.2094451 0.2072389 0.2074680 0.1993589 0.2158784 0.2280466 0.2229708 0.2147642 0.2083521 0.2023394 0.2051586 0.2060329 0.2024127 0.2048909 0.2055019 0.2020416 0.2221072 0.2275567 0.2256239 0.2245076 0.2223463 0.2249485 0.2296465 0.2268620 0.2280496 0.1932234 0.1961791 0.1951422 0.1980848 0.2038550 0.2059909 0.2034365 0.2023695 0.2000671 0.2067006 0.2028562 0.2029978 0.1984182 0.1973694 0.1938573 0.2044893 0.2963339 0.2550040 0.2427115 0.2574783 0.2159913 0.2201447 0.2050266 0.2236320 0.2149395 0.1996447 0.2083937 0.2116275 0.2082719 0.2128662 0.2019108 0.2021743 0.2123036 0.2004766 0.2010700 0.1903292 0.3003378 0.1829389 0.3441018 0.1797791 0.1808957 0.1756030 0.1825787 0.1809024 0.1797609 0.1768711 0.1751547 0.1792350 0.1695568 0.1677772 0.1691605 0.1697510 0.1666144 0.1824979 0.1770296 0.1813844 0.1786912 0.2372751 0.1600026 0.1583247 0.2072259 0.2263109 0.2986812 0.2352436 0.2142394 0.2325473 0.2469786 0.7415529 0.7445935 0.1834274 0.1999102 0.2093109 
XM_023650934_1_PREDICTED_Equus_caballus_REV3_like_DNA_directed_polymerase_zeta_catalytic_subunit_REV3L_transcript_variant_X1_mRNA_1                        0.1252266 0.3149340 0.3594723 0.1237756 0.1153845 0.1227773 0.1232360 0.1060929 0.2528874 0.1245111 0.1128421 0.1030774 0.1045679 0.0991641 0.1521259 0.2476169 0.1811722 0.1886907 0.0000000 0.3823207 0.1363446 0.4035707 0.3872297 0.3806051 0.2020411 0.2096871 0.1524648 0.2343188 0.1657418 0.3347618 0.3080695 0.2580071 0.2681529 0.3584878 0.2999340 0.3481766 0.3165261 0.2663813 0.2535631 0.2599112 0.2101366 0.2179450 0.1914689 0.1469043 0.1592057 0.1571851 0.1495720 0.1035292 0.1035853 0.1021767 0.1052909 0.1035940 0.1014013 0.1035355 0.1153845 0.1064705 0.1140530 0.1138203 0.0967753 0.1117549 0.1182185 0.1229135 0.1163780 0.1056440 0.0973911 0.1003331 0.1010295 0.0956790 0.0998911 0.0961947 0.0973969 0.1156686 0.1277343 0.1227773 0.1223856 0.1235181 0.1233300 0.1242069 0.1276418 0.1250604 0.1054242 0.1076969 0.1087035 0.1091868 0.0986056 0.0963766 0.1000396 0.0994142 0.0951473 0.0998479 0.0980639 0.0979238 0.0927034 0.0950332 0.0881919 0.0946962 0.1835115 0.1515582 0.1482078 0.1445684 0.1051215 0.1083270 0.0902436 0.1194464 0.1135933 0.1121092 0.1094327 0.1165138 0.1094735 0.1214377 0.1054501 0.1000035 0.1054922 0.1007759 0.0915534 0.0020992 0.1901017 0.1310553 0.2136497 0.1319936 0.1274599 0.1239992 0.1282309 0.1302540 0.1292970 0.1288317 0.1288293 0.1308144 0.1285527 0.1226304 0.1234680 0.1261814 0.1258193 0.1380750 0.1371519 0.1394953 0.1296839 0.1758150 0.1201234 0.1167628 0.1526742 0.1518251 0.2135539 0.1452186 0.1478779 0.1555481 0.1690526 0.6594341 0.6805145 0.0594552 0.1135636 0.1332969 
XM_007484437_2_PREDICTED_Monodelphis_domestica_REV3_like_DNA_directed_polymerase_zeta_catalytic_subunit_REV3L_transcript_variant_X1_mRNA_1                 0.3857970 0.6209994 0.6357128 0.3825018 0.4182009 0.4151632 0.3863440 0.3919773 0.5255296 0.3836569 0.3959561 0.3950387 0.4040519 0.4018071 0.4292986 0.5110222 0.4417515 0.4771340 0.3823207 0.0000000 0.4035797 0.1024811 0.0986648 0.0939523 0.4754850 0.4906414 0.4288225 0.5250377 0.4413965 0.6269911 0.6197685 0.5261296 0.5635280 0.6317773 0.5721656 0.6461793 0.6024526 0.5372212 0.5308235 0.5383030 0.4766113 0.4977936 0.4656666 0.4074104 0.4148673 0.4139662 0.4070983 0.3848233 0.3878042 0.3879054 0.3874403 0.3871903 0.3834162 0.3848525 0.4182009 0.4077304 0.4008643 0.3951323 0.3942353 0.4056867 0.4164201 0.4209728 0.4146659 0.4036963 0.3867600 0.3924009 0.3935439 0.3946384 0.4004759 0.3937289 0.4007227 0.4042305 0.4223933 0.4151632 0.4180895 0.4185916 0.4180245 0.4134401 0.4151606 0.4060535 0.3815918 0.3811807 0.3838652 0.3814830 0.3896393 0.3861380 0.3955858 0.3886567 0.3854541 0.3916415 0.3898609 0.3895881 0.3813266 0.3864056 0.3741335 0.3855700 0.5165522 0.4705419 0.4249808 0.4106248 0.4046147 0.4118389 0.3846805 0.4192820 0.4065419 0.4054851 0.4120371 0.4125366 0.4155194 0.4326031 0.3968207 0.3974437 0.4053000 0.4007780 0.3794959 0.3834600 0.4982258 0.4172357 0.5662675 0.3996354 0.3803065 0.3860382 0.3897494 0.3892484 0.3898086 0.3859396 0.3872359 0.3922426 0.3958315 0.3872688 0.3841138 0.3895770 0.3880492 0.4020276 0.3953812 0.3931578 0.3894181 0.4553521 0.3840580 0.3905884 0.4155046 0.3841918 0.4662778 0.3806180 0.3810343 0.3971704 0.4017253 0.5372233 0.5376916 0.3665302 0.3946459 0.3837193 
XM_035296530_1_PREDICTED_Callithrix_jacchus_REV3_like_DNA_directed_polymerase_zeta_catalytic_subunit_REV3L_transcript_variant_X1_mRNA_1                    0.0461110 0.3079439 0.3428551 0.0488926 0.1534252 0.1566336 0.0459479 0.1442911 0.2461834 0.0495030 0.1474567 0.1407107 0.1499545 0.1443675 0.1581788 0.2372486 0.1816731 0.1855543 0.1363446 0.4035797 0.0000000 0.4206772 0.4153471 0.4105291 0.2006104 0.2059384 0.1357676 0.2142579 0.1642772 0.3311732 0.3143017 0.2509303 0.2473118 0.3443228 0.3079530 0.3539473 0.3161544 0.2525353 0.2634508 0.2589554 0.2023373 0.1981185 0.1941961 0.1478796 0.1604321 0.1597138 0.1473548 0.1477627 0.1494600 0.1478900 0.1514744 0.1494577 0.1453908 0.1477722 0.1534252 0.1478333 0.1503770 0.1453913 0.1426605 0.1554712 0.1633059 0.1617884 0.1546034 0.1452966 0.1406079 0.1414684 0.1422341 0.1408401 0.1455364 0.1413338 0.1419769 0.1523740 0.1605198 0.1566336 0.1579262 0.1576315 0.1564933 0.1583726 0.1604050 0.1566280 0.1345782 0.1386140 0.1397866 0.1395443 0.1360977 0.1336490 0.1407974 0.1324322 0.1313445 0.1349054 0.1352539 0.1353516 0.1294541 0.1321201 0.1273357 0.1338525 0.2278527 0.2005937 0.1934067 0.1806304 0.1513517 0.1610426 0.1397075 0.1678660 0.1631587 0.1544275 0.1578432 0.1577469 0.1533086 0.1731891 0.1532003 0.1474960 0.1554860 0.1459419 0.1439871 0.1362610 0.2396313 0.1312703 0.2617267 0.0556938 0.0532652 0.0483883 0.0514020 0.0528337 0.0521325 0.0509795 0.0509793 0.0543338 0.0474404 0.0460083 0.0457519 0.0480202 0.0478940 0.0319601 0.0289475 0.0295586 0.0254351 0.1504148 0.0972252 0.1021419 0.1283563 0.1743502 0.2347792 0.1715362 0.1661212 0.1647976 0.1934102 0.6973375 0.7025011 0.1274702 0.1547664 0.1565152 
XM_031964400_1_PREDICTED_Sarcophilus_harrisii_REV3_like_DNA_directed_polymerase_zeta_catalytic_subunit_REV3L_transcript_variant_X1_mRNA_1                  0.4033589 0.6770750 0.6612980 0.3978678 0.4368319 0.4219221 0.4038391 0.3936144 0.5557635 0.3990401 0.4124831 0.4109615 0.4092423 0.4103223 0.4341815 0.5498457 0.4787755 0.5189984 0.4035707 0.1024811 0.4206772 0.0000000 0.0873517 0.0818661 0.4965946 0.5064978 0.4366930 0.5421698 0.4512023 0.6887814 0.6609083 0.5450855 0.5756974 0.6682173 0.6149837 0.7096905 0.6592983 0.5557295 0.5783013 0.5863091 0.5059482 0.5219073 0.5005622 0.4310628 0.4467390 0.4445375 0.4280817 0.4058952 0.4124368 0.4065983 0.4149194 0.4108286 0.4044472 0.4059262 0.4368319 0.4255954 0.4197977 0.4116153 0.4141231 0.4279533 0.4372701 0.4422796 0.4332686 0.4214758 0.4049090 0.4107889 0.4119540 0.4119913 0.4154186 0.4110306 0.4173042 0.4142952 0.4293316 0.4219221 0.4249310 0.4254664 0.4230384 0.4224004 0.4281003 0.4161827 0.3878893 0.3885401 0.3912868 0.3877884 0.4037559 0.3968659 0.4062370 0.3991709 0.3958966 0.3997243 0.3988663 0.4025941 0.3892559 0.3944368 0.3843102 0.3959941 0.5233287 0.4839221 0.4389373 0.4454808 0.4098038 0.4238126 0.4062192 0.4480437 0.4318472 0.4349495 0.4401972 0.4189405 0.4258526 0.4466548 0.4092831 0.4121189 0.4126605 0.4067684 0.3959220 0.4022573 0.5184191 0.4314971 0.5814643 0.4106087 0.3991850 0.4015054 0.4041635 0.4072742 0.4069035 0.3966146 0.3979619 0.4030577 0.4125672 0.4048285 0.4023906 0.4110901 0.4094493 0.4233693 0.4127155 0.4104233 0.4018428 0.4758477 0.4069875 0.3969309 0.4341996 0.4043769 0.4801708 0.4086918 0.4136239 0.3992978 0.4174743 0.5395309 0.5377888 0.3809064 0.4135043 0.4082958 
XM_036766364_1_PREDICTED_Trichosurus_vulpecula_REV3_like_DNA_directed_polymerase_zeta_catalytic_subunit_REV3L_transcript_variant_X1_mRNA_1                 0.3915493 0.6561950 0.6415895 0.3847632 0.4159310 0.4122055 0.3920743 0.3815436 0.5487316 0.3859188 0.3949126 0.3964100 0.4009432 0.3950754 0.4122945 0.5371264 0.4623050 0.5018230 0.3872297 0.0986648 0.4153471 0.0873517 0.0000000 0.0711198 0.5008998 0.5169473 0.4233226 0.5385483 0.4412760 0.6611508 0.6365693 0.5394794 0.5660086 0.6518303 0.5978288 0.6823628 0.6358518 0.5531874 0.5745413 0.5824206 0.4881906 0.5061354 0.4708309 0.4166751 0.4307490 0.4231373 0.4113016 0.3958418 0.4022841 0.3965185 0.4047100 0.4007088 0.3944140 0.3967998 0.4159310 0.4131422 0.3983553 0.3940963 0.3940926 0.4132334 0.4251334 0.4212104 0.4149066 0.4115947 0.3842577 0.3898320 0.3909650 0.3920538 0.3953892 0.3911573 0.3943016 0.4034608 0.4194226 0.4122055 0.4151221 0.4156144 0.4150474 0.4072447 0.4119231 0.4028397 0.3748202 0.3754361 0.3780857 0.3746915 0.3825122 0.3819423 0.3887025 0.3804842 0.3773212 0.3823984 0.3787298 0.3813811 0.3708729 0.3758657 0.3674666 0.3787879 0.5284573 0.4795354 0.4369384 0.4401467 0.4015108 0.4089864 0.3930272 0.4205130 0.4066802 0.4167723 0.4183066 0.4174654 0.4170453 0.4296799 0.3962663 0.3944861 0.4007532 0.3940817 0.3816294 0.3859447 0.5104872 0.4105768 0.5736863 0.3955809 0.3847070 0.3883083 0.3920173 0.3915246 0.3920828 0.3795774 0.3832725 0.3882462 0.4005793 0.3930192 0.3873718 0.3942711 0.3940919 0.4142606 0.4036436 0.4013856 0.3991718 0.4481029 0.3877958 0.3963563 0.4176467 0.3888088 0.4760374 0.3891357 0.3998185 0.4028778 0.4170312 0.5366434 0.5317545 0.3664925 0.3921830 0.3875113 
