126
NM_011264_3_Mus_musculus_REV3_like_DNA_directed_polymerase_zeta_catalytic_subunit_Rev3l_mRNA_1                                                             0.0000000 0.0376681 0.0580863 0.0588434 0.0376681 0.0494602 0.0215246 0.0414012 0.0590447 0.0376681 0.0454126 0.0000010 0.0622404 0.0371222 0.2990828 0.0504528 0.0459695 0.1101372 0.0376681 0.0489490 0.1305159 0.0332263 0.0332759 0.0540843 0.0252524 0.1057769 0.0291989 0.0214148 0.1379176 0.0000010 0.0034403 0.0140887 0.0370617 0.0623053 0.0450427 0.0371067 0.0411967 0.0141343 0.0452338 0.0181724 0.0457071 0.0371067 0.0376852 0.0374547 0.0568934 0.0330064 0.0458826 0.0374547 0.0580863 0.0414012 0.0414012 0.0414012 0.0414012 0.0333928 0.0333928 0.0534203 0.0534203 0.0412464 0.0372825 0.0372825 0.0494602 0.0493079 0.0452547 0.0414012 0.0499892 0.0541498 0.0452547 0.0535575 0.0578837 0.0452003 0.0535575 0.0499892 0.0452815 0.0452815 0.0408990 0.0493220 0.0493220 0.0412709 0.0452003 0.0755996 0.0541257 0.0498580 0.0542898 0.0372003 0.0412709 0.0666606 0.0579876 0.0543802 0.0415576 0.1063109 0.0373047 0.0416247 0.0579789 0.0458335 0.0542649 0.2914160 0.0499285 0.0189893 0.0181724 0.0530011 0.1202201 0.1202201 0.0378893 0.0378893 0.0460913 0.0458477 0.0497959 0.0416625 0.0416376 0.0376681 0.0378094 0.0376681 0.1313097 0.0412709 0.0493371 0.0499738 0.0538648 0.0181724 0.0579783 0.0181184 0.0529700 0.0582605 0.2434697 0.2302566 0.0411434 0.0372825 
XM_028847034_1_PREDICTED_Macaca_mulatta_REV3_like_DNA_directed_polymerase_zeta_catalytic_subunit_REV3L_transcript_variant_X1_mRNA_1                        0.0376681 0.0000000 0.0369493 0.0256473 0.0069323 0.0177998 0.0330100 0.0177972 0.0334233 0.0069323 0.0214694 0.0000010 0.0489008 0.0583488 0.2689435 0.0501134 0.0176049 0.0904144 0.0000010 0.0329659 0.1096705 0.0410989 0.0251938 0.0368785 0.0368844 0.0861929 0.0366536 0.0630810 0.1292230 0.0000010 0.0416625 0.0373217 0.0720970 0.0623990 0.0668823 0.0450667 0.0492784 0.0374550 0.0366744 0.0181724 0.0327447 0.0450667 0.0252092 0.0141715 0.0800256 0.0450136 0.0328622 0.0141715 0.0369493 0.0177972 0.0177972 0.0177972 0.0177972 0.0105353 0.0105353 0.0327894 0.0327894 0.0177371 0.0141119 0.0141119 0.0177998 0.0251067 0.0214019 0.0177972 0.0179779 0.0216951 0.0214019 0.0214725 0.0252527 0.0213763 0.0214725 0.0179779 0.0214143 0.0214143 0.0253295 0.0251137 0.0251137 0.0177475 0.0288002 0.0579790 0.0297520 0.0335558 0.0292915 0.0372003 0.0177475 0.0407086 0.0328625 0.0330055 0.0178589 0.0799395 0.0141202 0.0178899 0.0328577 0.0336069 0.0292782 0.2616362 0.0253997 0.0189893 0.0181724 0.0368241 0.1136330 0.1136330 0.0034500 0.0034500 0.0069873 0.0216627 0.0176049 0.0104519 0.0104459 0.0069323 0.0069551 0.0069323 0.1229546 0.0177475 0.0251213 0.0254226 0.0290832 0.0181724 0.0328622 0.0181184 0.0325320 0.0330100 0.2520138 0.2305457 0.0254710 0.0177317 
XM_014118216_3_PREDICTED_Canis_lupus_familiaris_REV3_like_DNA_directed_polymerase_zeta_catalytic_subunit_REV3L_transcript_variant_X1_mRNA_1                0.0580863 0.0369493 0.0000000 0.0490537 0.0369493 0.0406164 0.0489778 0.0328825 0.0578661 0.0369493 0.0367319 0.0000010 0.0699554 0.0800261 0.2907385 0.0761574 0.0488291 0.1198542 0.0369493 0.0570378 0.1406994 0.0531820 0.0485409 0.0530249 0.0530482 0.1154467 0.0365826 0.0852126 0.1628032 0.0000010 0.0623053 0.0575352 0.0897172 0.0627716 0.0890489 0.0617656 0.0616836 0.0577535 0.0609160 0.0181724 0.0448375 0.0617656 0.0448375 0.0367431 0.0838611 0.0449258 0.0450061 0.0367431 0.0000010 0.0328825 0.0328825 0.0328825 0.0328825 0.0327648 0.0327648 0.0034636 0.0034636 0.0327648 0.0289616 0.0289616 0.0406164 0.0404977 0.0329511 0.0328825 0.0490147 0.0530880 0.0366101 0.0445478 0.0486678 0.0443365 0.0445478 0.0490147 0.0444146 0.0444146 0.0488072 0.0483725 0.0483725 0.0404854 0.0522809 0.0583350 0.0498136 0.0413696 0.0532221 0.0372003 0.0404854 0.0653349 0.0568508 0.0571135 0.0407617 0.1081839 0.0289704 0.0408265 0.0487470 0.0498763 0.0451026 0.2910366 0.0331670 0.0189893 0.0181724 0.0611721 0.1144830 0.1144830 0.0408753 0.0408753 0.0451941 0.0449597 0.0488291 0.0408629 0.0408389 0.0369493 0.0370851 0.0369493 0.1216918 0.0404854 0.0483880 0.0489998 0.0447976 0.0181724 0.0568422 0.0181184 0.0562500 0.0571132 0.2447027 0.2209239 0.0491071 0.0443622 
XM_021091238_1_PREDICTED_Sus_scrofa_REV3_like_DNA_directed_polymerase_zeta_catalytic_subunit_REV3L_transcript_variant_X1_mRNA_1                            0.0588434 0.0256473 0.0490537 0.0000000 0.0333213 0.0217290 0.0373332 0.0292782 0.0378097 0.0333213 0.0331147 0.0190346 0.0577761 0.0721572 0.2811012 0.0581178 0.0372345 0.0917056 0.0256473 0.0295051 0.1112876 0.0538490 0.0370147 0.0412957 0.0493444 0.0874210 0.0490295 0.0683204 0.1232613 0.0190346 0.0546139 0.0499514 0.0760733 0.0662758 0.0721792 0.0497184 0.0540526 0.0501390 0.0410635 0.0391364 0.0449113 0.0497184 0.0370373 0.0254976 0.0856834 0.0579356 0.0450804 0.0254976 0.0490537 0.0292782 0.0292782 0.0292782 0.0292782 0.0216559 0.0216559 0.0446372 0.0446372 0.0291739 0.0253848 0.0253848 0.0217290 0.0368794 0.0330054 0.0292782 0.0295846 0.0257552 0.0330054 0.0254862 0.0293671 0.0253699 0.0254862 0.0219502 0.0254155 0.0254155 0.0294556 0.0292000 0.0292000 0.0216627 0.0329659 0.0525185 0.0338186 0.0543467 0.0335414 0.0601691 0.0216627 0.0533259 0.0371634 0.0452853 0.0293845 0.1042306 0.0253997 0.0294338 0.0450742 0.0461328 0.0414262 0.2813924 0.0373271 0.0410490 0.0391364 0.0333733 0.1146679 0.1146679 0.0294778 0.0294778 0.0336069 0.0334233 0.0372345 0.0294600 0.0372010 0.0333213 0.0334432 0.0333213 0.1338623 0.0291910 0.0369010 0.0295670 0.0411357 0.0391364 0.0371622 0.0390154 0.0446111 0.0452883 0.2573243 0.2356801 0.0374382 0.0329853 
NM_001372078_1_Homo_sapiens_REV3_like_DNA_directed_polymerase_zeta_catalytic_subunit_REV3L_transcript_variant_4_mRNA_1                                     0.0376681 0.0069323 0.0369493 0.0333213 0.0000000 0.0251756 0.0330100 0.0177972 0.0334233 0.0000010 0.0214694 0.0000010 0.0489008 0.0583488 0.2689435 0.0501134 0.0176049 0.0904144 0.0069323 0.0329659 0.1096705 0.0410989 0.0251938 0.0368785 0.0368844 0.0861929 0.0366536 0.0630810 0.1292230 0.0000010 0.0416625 0.0373217 0.0720970 0.0623990 0.0668823 0.0450667 0.0492784 0.0374550 0.0366744 0.0181724 0.0327447 0.0450667 0.0252092 0.0141715 0.0800256 0.0450136 0.0328622 0.0141715 0.0369493 0.0177972 0.0177972 0.0177972 0.0177972 0.0105353 0.0105353 0.0327894 0.0327894 0.0177371 0.0141119 0.0141119 0.0251756 0.0251067 0.0214019 0.0177972 0.0254304 0.0292262 0.0214019 0.0289236 0.0328041 0.0213763 0.0289236 0.0254304 0.0214143 0.0214143 0.0253295 0.0251137 0.0251137 0.0177475 0.0288002 0.0579790 0.0375843 0.0335558 0.0292915 0.0372003 0.0177475 0.0407086 0.0328625 0.0330055 0.0178589 0.0799395 0.0141202 0.0178899 0.0328577 0.0336069 0.0292782 0.2616362 0.0253997 0.0189893 0.0181724 0.0368241 0.1136330 0.1136330 0.0104551 0.0104551 0.0141163 0.0216627 0.0104580 0.0034489 0.0104459 0.0069323 0.0069551 0.0069323 0.1229546 0.0177475 0.0251213 0.0254226 0.0290832 0.0181724 0.0328622 0.0181184 0.0325320 0.0330100 0.2520138 0.2305457 0.0254710 0.0177317 
XM_024996589_1_PREDICTED_Bos_taurus_REV3_like_DNA_directed_polymerase_zeta_catalytic_subunit_REV3L_transcript_variant_X1_mRNA_1                            0.0494602 0.0177998 0.0406164 0.0217290 0.0251756 0.0000000 0.0290050 0.0140810 0.0293628 0.0251756 0.0176933 0.0000010 0.0485914 0.0579703 0.3014533 0.0539140 0.0289324 0.0807380 0.0177998 0.0289664 0.0994248 0.0369380 0.0287655 0.0328086 0.0405335 0.0765933 0.0402807 0.0496764 0.1180996 0.0000010 0.0454063 0.0410147 0.0760281 0.0662368 0.0579879 0.0408284 0.0370686 0.0411621 0.0326285 0.0181724 0.0287829 0.0408284 0.0287829 0.0176988 0.0839483 0.0487185 0.0288844 0.0176988 0.0406164 0.0140810 0.0140810 0.0140810 0.0140810 0.0140339 0.0140339 0.0364088 0.0364088 0.0140339 0.0104680 0.0104680 0.0000010 0.0212829 0.0176380 0.0140810 0.0215535 0.0178724 0.0176380 0.0034424 0.0069396 0.0176130 0.0034424 0.0142182 0.0176442 0.0176442 0.0214634 0.0212829 0.0212829 0.0140382 0.0249153 0.0534859 0.0334386 0.0451898 0.0253349 0.0372003 0.0140382 0.0363109 0.0212801 0.0287916 0.0214108 0.0928713 0.0176335 0.0214472 0.0212829 0.0373050 0.0329073 0.2937478 0.0290003 0.0189893 0.0181724 0.0327603 0.1080662 0.1080662 0.0214791 0.0214791 0.0253848 0.0252491 0.0289324 0.0214665 0.0289067 0.0251756 0.0252639 0.0251756 0.1310949 0.0212765 0.0286821 0.0215405 0.0287575 0.0181724 0.0251351 0.0181184 0.0361118 0.0366425 0.2503553 0.2422432 0.0290824 0.0249297 
XM_040758199_1_PREDICTED_Mesocricetus_auratus_REV3_like_DNA_directed_polymerase_zeta_catalytic_subunit_Rev3l_transcript_variant_X1_mRNA_1                  0.0215246 0.0330100 0.0489778 0.0373332 0.0330100 0.0290050 0.0000000 0.0290090 0.0374495 0.0330100 0.0328084 0.0000010 0.0490508 0.0368073 0.3173295 0.0373499 0.0332000 0.0954058 0.0330100 0.0369327 0.1149811 0.0329464 0.0213887 0.0331099 0.0104441 0.0911410 0.0140810 0.0293402 0.1219041 0.0000010 0.0178427 0.0213306 0.0494514 0.0487105 0.0368185 0.0141596 0.0330608 0.0214011 0.0329266 0.0181724 0.0330153 0.0141596 0.0254153 0.0252638 0.0750426 0.0176830 0.0331348 0.0252638 0.0489778 0.0290090 0.0290090 0.0290090 0.0290090 0.0214595 0.0214595 0.0445673 0.0445673 0.0289066 0.0251531 0.0251531 0.0290050 0.0365373 0.0327011 0.0290090 0.0370206 0.0331508 0.0327011 0.0328039 0.0367492 0.0251385 0.0328039 0.0293003 0.0251832 0.0251832 0.0212828 0.0289322 0.0289322 0.0214664 0.0251385 0.0709707 0.0498186 0.0538141 0.0332267 0.0372003 0.0214664 0.0528132 0.0368146 0.0411192 0.0291123 0.0990228 0.0251678 0.0291608 0.0446473 0.0456858 0.0410329 0.3093844 0.0369762 0.0189893 0.0181724 0.0408445 0.1092365 0.1092365 0.0332000 0.0332000 0.0411171 0.0331099 0.0368844 0.0291869 0.0368516 0.0330100 0.0331294 0.0330100 0.1314346 0.0289234 0.0365585 0.0292913 0.0407481 0.0181724 0.0368135 0.0181184 0.0400928 0.0448573 0.2729526 0.2370540 0.0370851 0.0251531 
XM_004753515_2_PREDICTED_Mustela_putorius_furo_REV3_like_polymerase_DNA_directed_zeta_catalytic_subunit_REV3L_transcript_variant_X1_mRNA_1                 0.0414012 0.0177972 0.0328825 0.0292782 0.0177972 0.0140810 0.0290090 0.0000000 0.0293669 0.0177972 0.0105072 0.0000010 0.0485981 0.0538164 0.2764612 0.0457140 0.0289363 0.0852635 0.0177972 0.0289704 0.1041700 0.0292388 0.0213524 0.0328131 0.0328183 0.0810928 0.0326145 0.0584316 0.1188287 0.0000010 0.0374324 0.0332014 0.0672711 0.0578052 0.0622036 0.0408340 0.0370737 0.0333178 0.0326329 0.0181724 0.0178053 0.0408340 0.0213655 0.0034435 0.0751130 0.0407861 0.0214394 0.0034435 0.0328825 0.0069686 0.0069686 0.0069686 0.0000010 0.0069458 0.0069458 0.0288246 0.0288246 0.0069458 0.0034536 0.0034536 0.0140810 0.0140437 0.0104758 0.0069686 0.0215504 0.0252828 0.0104758 0.0176933 0.0214012 0.0176153 0.0176933 0.0215504 0.0176466 0.0176466 0.0214664 0.0212858 0.0212858 0.0140401 0.0249187 0.0453515 0.0334336 0.0372551 0.0253384 0.0372003 0.0140401 0.0365846 0.0288805 0.0213720 0.0141266 0.0838655 0.0104726 0.0141513 0.0140437 0.0295267 0.0253265 0.2691111 0.0215247 0.0189893 0.0181724 0.0327648 0.1080804 0.1080804 0.0214760 0.0214760 0.0253812 0.0178483 0.0289363 0.0214694 0.0214569 0.0177972 0.0178588 0.0177972 0.1216918 0.0140401 0.0212923 0.0215436 0.0213466 0.0181724 0.0288809 0.0181184 0.0285939 0.0290090 0.2210875 0.2135799 0.0215839 0.0176255 
XM_015600069_2_PREDICTED_Pteropus_alecto_REV3_like_DNA_directed_polymerase_zeta_catalytic_subunit_REV3L_transcript_variant_X1_mRNA_1                       0.0590447 0.0334233 0.0578661 0.0378097 0.0334233 0.0293628 0.0374495 0.0293669 0.0000000 0.0334233 0.0332164 0.0378720 0.0579698 0.0724157 0.3225376 0.0597898 0.0336174 0.0967993 0.0334233 0.0373989 0.1025893 0.0540279 0.0371289 0.0414262 0.0495047 0.0924695 0.0491877 0.0685643 0.1371746 0.0378720 0.0547983 0.0501159 0.0870913 0.0766604 0.0724378 0.0460456 0.0542330 0.0503049 0.0411925 0.0583868 0.0450539 0.0460456 0.0371517 0.0255724 0.0952925 0.0581305 0.0452241 0.0255724 0.0578661 0.0293669 0.0293669 0.0293669 0.0293669 0.0217191 0.0217191 0.0532221 0.0532221 0.0256051 0.0254593 0.0254593 0.0293628 0.0332967 0.0294295 0.0293669 0.0374890 0.0335667 0.0294295 0.0332118 0.0328835 0.0254446 0.0332118 0.0296659 0.0254904 0.0254904 0.0295451 0.0292872 0.0292872 0.0217259 0.0330656 0.0719470 0.0457144 0.0545292 0.0034714 0.0797860 0.0217259 0.0535012 0.0372787 0.0454304 0.0294727 0.0993282 0.0254746 0.0142010 0.0452179 0.0419672 0.0373768 0.3144701 0.0333425 0.0385976 0.0583868 0.0413642 0.1207911 0.1207911 0.0373502 0.0373502 0.0374550 0.0294861 0.0373502 0.0295494 0.0335868 0.0297112 0.0256203 0.0297112 0.1542074 0.0292782 0.0370155 0.0296566 0.0412652 0.0583868 0.0372774 0.0582131 0.0447517 0.0374603 0.2867844 0.2635233 0.0375553 0.0330851 
XM_016956167_2_PREDICTED_Pan_troglodytes_REV3_like_DNA_directed_polymerase_zeta_catalytic_subunit_REV3L_transcript_variant_X1_mRNA_1                       0.0376681 0.0069323 0.0369493 0.0333213 0.0000010 0.0251756 0.0330100 0.0177972 0.0334233 0.0000000 0.0214694 0.0000010 0.0489008 0.0583488 0.2689435 0.0501134 0.0176049 0.0904144 0.0069323 0.0329659 0.1096705 0.0410989 0.0251938 0.0368785 0.0368844 0.0861929 0.0366536 0.0630810 0.1292230 0.0000010 0.0416625 0.0373217 0.0720970 0.0623990 0.0668823 0.0450667 0.0492784 0.0374550 0.0366744 0.0181724 0.0327447 0.0450667 0.0252092 0.0141715 0.0800256 0.0450136 0.0328622 0.0141715 0.0369493 0.0177972 0.0177972 0.0177972 0.0177972 0.0105353 0.0105353 0.0327894 0.0327894 0.0177371 0.0141119 0.0141119 0.0251756 0.0251067 0.0214019 0.0177972 0.0254304 0.0292262 0.0214019 0.0289236 0.0328041 0.0213763 0.0289236 0.0254304 0.0214143 0.0214143 0.0253295 0.0251137 0.0251137 0.0177475 0.0288002 0.0579790 0.0375843 0.0335558 0.0292915 0.0372003 0.0177475 0.0407086 0.0328625 0.0330055 0.0178589 0.0799395 0.0141202 0.0178899 0.0328577 0.0336069 0.0292782 0.2616362 0.0253997 0.0189893 0.0181724 0.0368241 0.1136330 0.1136330 0.0104551 0.0104551 0.0141163 0.0216627 0.0104580 0.0034489 0.0104459 0.0069323 0.0069551 0.0069323 0.1229546 0.0177475 0.0251213 0.0254226 0.0290832 0.0181724 0.0328622 0.0181184 0.0325320 0.0330100 0.2520138 0.2305457 0.0254710 0.0177317 
XM_034668992_1_PREDICTED_Ailuropoda_melanoleuca_REV3_like_DNA_directed_polymerase_zeta_catalytic_subunit_REV3L_transcript_variant_X1_mRNA_1                0.0454126 0.0214694 0.0367319 0.0331147 0.0214694 0.0176933 0.0328084 0.0105072 0.0332164 0.0214694 0.0000000 0.0000010 0.0526180 0.0579783 0.2912397 0.0497959 0.0327249 0.0898263 0.0214694 0.0327648 0.1089527 0.0330702 0.0250418 0.0366528 0.0366586 0.0856303 0.0364304 0.0626765 0.1283507 0.0000010 0.0414012 0.0370902 0.0716311 0.0620029 0.0664561 0.0447872 0.0410022 0.0372219 0.0364510 0.0181724 0.0250570 0.0447872 0.0250570 0.0140873 0.0795125 0.0447347 0.0251444 0.0140873 0.0367319 0.0034424 0.0105072 0.0105072 0.0105072 0.0104726 0.0104726 0.0325994 0.0325994 0.0104726 0.0069436 0.0069436 0.0176933 0.0176466 0.0140401 0.0034424 0.0215504 0.0252828 0.0140401 0.0213430 0.0251000 0.0212483 0.0213430 0.0215504 0.0212858 0.0212858 0.0251755 0.0249626 0.0249626 0.0176411 0.0286269 0.0494007 0.0373502 0.0412045 0.0291123 0.0372003 0.0176411 0.0404582 0.0326626 0.0328039 0.0177512 0.0883506 0.0140358 0.0177819 0.0251410 0.0333974 0.0290992 0.2836555 0.0252448 0.0189893 0.0181724 0.0365990 0.1128911 0.1128911 0.0251868 0.0251868 0.0291608 0.0215313 0.0327249 0.0251791 0.0251644 0.0214694 0.0215436 0.0214694 0.1311863 0.0176411 0.0214048 0.0252673 0.0250348 0.0181724 0.0326623 0.0181184 0.0323360 0.0328084 0.2435687 0.2355837 0.0253152 0.0212606 
XM_006157005_3_PREDICTED_Tupaia_chinensis_REV3_like_DNA_directed_polymerase_zeta_catalytic_subunit_REV3L_transcript_variant_X3_mRNA_1                      0.0000010 0.0000010 0.0000010 0.0190346 0.0000010 0.0000010 0.0000010 0.0000010 0.0378720 0.0000010 0.0000010 0.0000000 0.0391364 0.0181724 0.0189893 0.0000010 0.0000010 0.0391364 0.0000010 0.0181184 0.0601691 0.0000010 0.0181724 0.0189893 0.0000010 0.0391364 0.0000010 0.0000010 0.0634012 0.0000010 0.0000010 0.0000010 0.0181724 0.0000010 0.0181724 0.0000010 0.0000010 0.0000010 0.0181724 0.0181724 0.0000010 0.0000010 0.0000010 0.0000010 0.0181724 0.0000010 0.0000010 0.0000010 0.0000010 0.0000010 0.0000010 0.0000010 0.0000010 0.0000010 0.0000010 0.0000010 0.0000010 0.0000010 0.0000010 0.0000010 0.0000010 0.0000010 0.0000010 0.0000010 0.0000010 0.0000010 0.0000010 0.0000010 0.0000010 0.0000010 0.0000010 0.0000010 0.0000010 0.0000010 0.0000010 0.0000010 0.0000010 0.0000010 0.0000010 0.0601691 0.0635572 0.0390436 0.0378720 0.0372003 0.0000010 0.0181184 0.0000010 0.0000010 0.0386885 0.0189893 0.0000010 0.0181184 0.0000010 0.0189893 0.0189893 0.0189893 0.0189893 0.0189893 0.0181724 0.0181184 0.0181724 0.0373106 0.0000010 0.0000010 0.0189893 0.0189893 0.0000010 0.0000010 0.0000010 0.0000010 0.0000010 0.0000010 0.1740727 0.0000010 0.0000010 0.0000010 0.0181184 0.0181724 0.0189893 0.0181184 0.0000010 0.0181184 0.1234100 0.1057692 0.0000010 0.0000010 
XM_013069186_2_PREDICTED_Heterocephalus_glaber_REV3_like_DNA_directed_polymerase_zeta_catalytic_subunit_Rev3l_transcript_variant_X1_mRNA_1                 0.0622404 0.0489008 0.0699554 0.0577761 0.0489008 0.0485914 0.0490508 0.0485981 0.0579698 0.0489008 0.0526180 0.0391364 0.0000000 0.0896676 0.3339235 0.0762944 0.0529623 0.1053778 0.0489008 0.0571387 0.1255330 0.0660947 0.0407069 0.0531190 0.0613793 0.1010401 0.0609877 0.0717129 0.1464854 0.0391364 0.0580302 0.0533575 0.0955524 0.0803882 0.0896942 0.0618578 0.0663519 0.0535572 0.0141033 0.0190346 0.0567309 0.0618578 0.0486557 0.0446460 0.0705720 0.0702804 0.0569504 0.0446460 0.0699554 0.0485981 0.0485981 0.0485981 0.0485981 0.0405443 0.0405443 0.0651044 0.0651044 0.0484157 0.0444400 0.0444400 0.0485914 0.0564964 0.0524341 0.0485981 0.0572736 0.0531823 0.0524341 0.0526109 0.0568506 0.0444142 0.0526109 0.0491018 0.0444926 0.0444926 0.0488936 0.0484584 0.0484584 0.0405566 0.0444142 0.0756570 0.0625946 0.0667186 0.0533168 0.0390154 0.0405566 0.0739549 0.0569510 0.0655548 0.0487824 0.1279303 0.0444659 0.0488573 0.0652380 0.0536786 0.0615763 0.3257700 0.0490432 0.0634012 0.0190346 0.0612801 0.1233920 0.1233920 0.0529623 0.0529623 0.0575240 0.0531190 0.0529623 0.0448972 0.0529154 0.0489008 0.0490869 0.0489008 0.1607916 0.0484439 0.0565291 0.0490869 0.0611207 0.0603537 0.0569424 0.0601691 0.0645474 0.0655513 0.2800989 0.2747068 0.0532693 0.0366419 
XM_006256524_2_PREDICTED_Rattus_norvegicus_REV3_like_DNA_directed_polymerase_zeta_catalytic_subunit_Rev3l_transcript_variant_X1_mRNA_1                     0.0371222 0.0583488 0.0800261 0.0721572 0.0583488 0.0579703 0.0368073 0.0538164 0.0724157 0.0583488 0.0579783 0.0181724 0.0896676 0.0000000 0.3825882 0.0677967 0.0672623 0.1174096 0.0583488 0.0627220 0.1385222 0.0492658 0.0493391 0.0627977 0.0329610 0.1129332 0.0449593 0.0295799 0.1462914 0.0181724 0.0332309 0.0291085 0.0501252 0.0712203 0.0069117 0.0533336 0.0576815 0.0369037 0.0710234 0.0373106 0.0625923 0.0533336 0.0541838 0.0497282 0.0942672 0.0489418 0.0628448 0.0497282 0.0800261 0.0538164 0.0538164 0.0538164 0.0538164 0.0454641 0.0454641 0.0748845 0.0748845 0.0536073 0.0494924 0.0494924 0.0579703 0.0619751 0.0577680 0.0538164 0.0628544 0.0671754 0.0577680 0.0621762 0.0666473 0.0414237 0.0621762 0.0628544 0.0578022 0.0578022 0.0531445 0.0619930 0.0619930 0.0536390 0.0374537 0.0912794 0.0774026 0.0817527 0.0673600 0.0572902 0.0536390 0.0757020 0.0667667 0.0631478 0.0540279 0.1320021 0.0495218 0.0541107 0.0667565 0.0728351 0.0626765 0.3735805 0.0627785 0.0390436 0.0373106 0.0670141 0.1481884 0.1481884 0.0586968 0.0586968 0.0588788 0.0585465 0.0712083 0.0625828 0.0625456 0.0583488 0.0585815 0.0583488 0.1163371 0.0536390 0.0620117 0.0628352 0.0668122 0.0373106 0.0540859 0.0372003 0.0656850 0.0714269 0.2826367 0.2509148 0.0545145 0.0535910 
XM_005883745_2_PREDICTED_Myotis_brandtii_REV3_like_polymerase_DNA_directed_zeta_catalytic_subunit_REV3L_transcript_variant_X1_mRNA_1                       0.2990828 0.2689435 0.2907385 0.2811012 0.2689435 0.3014533 0.3173295 0.2764612 0.3225376 0.2689435 0.2912397 0.0189893 0.3339235 0.3825882 0.0000000 0.3304176 0.2994633 0.4640465 0.2689435 0.2939789 0.4787666 0.3095808 0.3123378 0.3146166 0.3283814 0.4234455 0.3119785 0.3620338 0.5454601 0.0189893 0.2990828 0.3095808 0.3477564 0.3119785 0.3949385 0.3422768 0.3339091 0.3015104 0.3177264 0.0390436 0.2912124 0.3422768 0.2788520 0.2668103 0.3392917 0.3307283 0.2864587 0.2668103 0.2907385 0.2912397 0.2786789 0.2786789 0.2764612 0.2689435 0.2689435 0.2761524 0.2761524 0.2888837 0.2786789 0.2786789 0.3014533 0.2891800 0.2888837 0.2912397 0.2689435 0.2812408 0.2789679 0.3120072 0.2933359 0.2988563 0.3120072 0.2788520 0.2788520 0.2788520 0.2935912 0.2788520 0.2788520 0.2788520 0.3199949 0.3388234 0.2960955 0.3088910 0.3067145 0.0600283 0.2788520 0.3393341 0.3148622 0.2890588 0.2936376 0.2836896 0.2689435 0.2711059 0.2991596 0.2666380 0.2664678 0.0094861 0.2434782 0.0000010 0.0390436 0.2939789 0.3308438 0.3308438 0.2789679 0.2789679 0.2643614 0.2549401 0.2689435 0.2788520 0.2765973 0.2789679 0.2812403 0.2789679 0.2153362 0.2812408 0.2915107 0.2789679 0.2831863 0.0390436 0.3040062 0.0389231 0.2986795 0.2666380 0.6405684 0.5906869 0.2863103 0.2788520 
XM_008852401_2_PREDICTED_Nannospalax_galili_REV3_like_DNA_directed_polymerase_zeta_catalytic_subunit_Rev3l_transcript_variant_X1_mRNA_1                    0.0504528 0.0501134 0.0761574 0.0581178 0.0501134 0.0539140 0.0373499 0.0457140 0.0597898 0.0501134 0.0497959 0.0000010 0.0762944 0.0677967 0.3304176 0.0000000 0.0460326 0.1285590 0.0501134 0.0628264 0.1396224 0.0634424 0.0457413 0.0586615 0.0413208 0.1240022 0.0456347 0.0683511 0.1442069 0.0000010 0.0463123 0.0499593 0.0765220 0.0615403 0.0766525 0.0459170 0.0724712 0.0454203 0.0583226 0.0181724 0.0501213 0.0459170 0.0419591 0.0417004 0.0949422 0.0496813 0.0464508 0.0417004 0.0761574 0.0457140 0.0457140 0.0457140 0.0457140 0.0375504 0.0375504 0.0710662 0.0710662 0.0375504 0.0415057 0.0415057 0.0539140 0.0455811 0.0415433 0.0457140 0.0544973 0.0587328 0.0415433 0.0580832 0.0625012 0.0495595 0.0580832 0.0544973 0.0496488 0.0496488 0.0451513 0.0455811 0.0537598 0.0455671 0.0495595 0.0794299 0.0686092 0.0728852 0.0549673 0.0372003 0.0455671 0.0714560 0.0626136 0.0589869 0.0458899 0.1120194 0.0415305 0.0459630 0.0626041 0.0641386 0.0500449 0.3222367 0.0544309 0.0189893 0.0181724 0.0671253 0.1277169 0.1167334 0.0542827 0.0542827 0.0589777 0.0502789 0.0627241 0.0542660 0.0459906 0.0419523 0.0464433 0.0419523 0.1328740 0.0375729 0.0456083 0.0544804 0.0584193 0.0181724 0.0626018 0.0181184 0.0574392 0.0586526 0.2597587 0.2492183 0.0546062 0.0415057 
XM_035296530_1_PREDICTED_Callithrix_jacchus_REV3_like_DNA_directed_polymerase_zeta_catalytic_subunit_REV3L_transcript_variant_X1_mRNA_1                    0.0459695 0.0176049 0.0488291 0.0372345 0.0176049 0.0289324 0.0332000 0.0289363 0.0336174 0.0176049 0.0327249 0.0000010 0.0529623 0.0672623 0.2994633 0.0460326 0.0000000 0.0950850 0.0176049 0.0368353 0.1049172 0.0493839 0.0329199 0.0407963 0.0449945 0.0908373 0.0447100 0.0634610 0.1344984 0.0000010 0.0500749 0.0455390 0.0815128 0.0714120 0.0672828 0.0373776 0.0495669 0.0457067 0.0405688 0.0181724 0.0443678 0.0373776 0.0365961 0.0252015 0.0936285 0.0533981 0.0445334 0.0252015 0.0488291 0.0289363 0.0289363 0.0289363 0.0289363 0.0214078 0.0214078 0.0444344 0.0444344 0.0214078 0.0250914 0.0250914 0.0289324 0.0288600 0.0251137 0.0289363 0.0369237 0.0330645 0.0251137 0.0327204 0.0366539 0.0250768 0.0327204 0.0292262 0.0251213 0.0251213 0.0291091 0.0214209 0.0288600 0.0214143 0.0325796 0.0707550 0.0496789 0.0454946 0.0294600 0.0372003 0.0214143 0.0526662 0.0367190 0.0447331 0.0290391 0.0935113 0.0251060 0.0290873 0.0445273 0.0455598 0.0409235 0.2918093 0.0368785 0.0189893 0.0181724 0.0407361 0.1185634 0.1185634 0.0140200 0.0140200 0.0250991 0.0330248 0.0212413 0.0140118 0.0140076 0.0104580 0.0141327 0.0104580 0.1401368 0.0288512 0.0364642 0.0292172 0.0406394 0.0181724 0.0367178 0.0181184 0.0440752 0.0447362 0.2731580 0.2507717 0.0369878 0.0288257 
XM_031964400_1_PREDICTED_Sarcophilus_harrisii_REV3_like_DNA_directed_polymerase_zeta_catalytic_subunit_REV3L_transcript_variant_X1_mRNA_1                  0.1101372 0.0904144 0.1198542 0.0917056 0.0904144 0.0807380 0.0954058 0.0852635 0.0967993 0.0904144 0.0898263 0.0391364 0.1053778 0.1174096 0.4640465 0.1285590 0.0950850 0.0000000 0.0904144 0.0750398 0.0286696 0.1156258 0.0944931 0.0954206 0.1049150 0.0141284 0.1089989 0.0998362 0.0413620 0.0391364 0.1052975 0.1063887 0.1334177 0.1385102 0.1174445 0.1107262 0.1161499 0.1117867 0.0948544 0.0603537 0.0945491 0.1107262 0.0853897 0.0807969 0.1465908 0.1204857 0.0949647 0.0807969 0.1198542 0.0852635 0.0852635 0.0852635 0.0852635 0.0759864 0.0759864 0.1137537 0.1137537 0.0849001 0.0803844 0.0803844 0.0807380 0.0900087 0.0894660 0.0852635 0.0955054 0.0908645 0.0854143 0.0852518 0.0901390 0.0754881 0.0852518 0.0862189 0.0804801 0.0804801 0.0858079 0.0849753 0.0849753 0.0760093 0.0799038 0.1148474 0.1002101 0.0903448 0.0911427 0.0824840 0.0760093 0.1000145 0.0811914 0.0907875 0.0856318 0.1614401 0.0804319 0.0857446 0.0903116 0.0953922 0.0963508 0.4534049 0.0953922 0.0634012 0.0603537 0.0794285 0.1979896 0.1979896 0.0950850 0.0950850 0.1006929 0.0816003 0.0950850 0.0858212 0.0950009 0.0904144 0.0908100 0.0904144 0.2372058 0.0849500 0.0850253 0.0861929 0.0996749 0.0603537 0.0766762 0.0601691 0.1031403 0.1048841 0.2620166 0.2400292 0.0700378 0.0894130 
XM_015448392_1_PREDICTED_Macaca_fascicularis_REV3_like_DNA_directed_polymerase_zeta_catalytic_subunit_REV3L_transcript_variant_X1_mRNA_1                   0.0376681 0.0000010 0.0369493 0.0256473 0.0069323 0.0177998 0.0330100 0.0177972 0.0334233 0.0069323 0.0214694 0.0000010 0.0489008 0.0583488 0.2689435 0.0501134 0.0176049 0.0904144 0.0000000 0.0329659 0.1096705 0.0410989 0.0251938 0.0368785 0.0368844 0.0861929 0.0366536 0.0630810 0.1292230 0.0000010 0.0416625 0.0373217 0.0720970 0.0623990 0.0668823 0.0450667 0.0492784 0.0374550 0.0366744 0.0181724 0.0327447 0.0450667 0.0252092 0.0141715 0.0800256 0.0450136 0.0328622 0.0141715 0.0369493 0.0177972 0.0177972 0.0177972 0.0177972 0.0105353 0.0105353 0.0327894 0.0327894 0.0177371 0.0141119 0.0141119 0.0177998 0.0251067 0.0214019 0.0177972 0.0179779 0.0216951 0.0214019 0.0214725 0.0252527 0.0213763 0.0214725 0.0179779 0.0214143 0.0214143 0.0253295 0.0251137 0.0251137 0.0177475 0.0288002 0.0579790 0.0297520 0.0335558 0.0292915 0.0372003 0.0177475 0.0407086 0.0328625 0.0330055 0.0178589 0.0799395 0.0141202 0.0178899 0.0328577 0.0336069 0.0292782 0.2616362 0.0253997 0.0189893 0.0181724 0.0368241 0.1136330 0.1136330 0.0034500 0.0034500 0.0069873 0.0216627 0.0176049 0.0104519 0.0104459 0.0069323 0.0069551 0.0069323 0.1229546 0.0177475 0.0251213 0.0254226 0.0290832 0.0181724 0.0328622 0.0181184 0.0325320 0.0330100 0.2520138 0.2305457 0.0254710 0.0177317 
XM_023650934_1_PREDICTED_Equus_caballus_REV3_like_DNA_directed_polymerase_zeta_catalytic_subunit_REV3L_transcript_variant_X1_mRNA_1                        0.0489490 0.0329659 0.0570378 0.0295051 0.0329659 0.0289664 0.0369327 0.0289704 0.0373989 0.0329659 0.0327648 0.0181184 0.0571387 0.0627220 0.2939789 0.0628264 0.0368353 0.0750398 0.0329659 0.0000000 0.0931846 0.0532553 0.0366203 0.0408505 0.0488072 0.0709868 0.0484989 0.0533725 0.1111210 0.0181184 0.0449394 0.0494007 0.0752041 0.0755071 0.0627411 0.0491728 0.0534543 0.0495840 0.0406223 0.0372003 0.0444280 0.0491728 0.0366425 0.0252301 0.0742978 0.0572944 0.0445942 0.0252301 0.0570378 0.0289704 0.0289704 0.0289704 0.0289704 0.0214310 0.0214310 0.0524723 0.0524723 0.0288682 0.0251197 0.0251197 0.0289664 0.0364890 0.0326579 0.0289704 0.0369711 0.0331054 0.0326579 0.0327603 0.0367004 0.0177503 0.0327603 0.0292610 0.0251497 0.0251497 0.0291437 0.0288938 0.0288938 0.0214378 0.0251121 0.0611364 0.0408813 0.0447273 0.0331820 0.0180901 0.0214378 0.0447351 0.0367657 0.0447946 0.0290735 0.1030032 0.0251344 0.0291218 0.0445882 0.0369267 0.0409780 0.2864374 0.0369267 0.0389231 0.0372003 0.0034357 0.1188398 0.1188398 0.0368353 0.0368353 0.0410620 0.0330656 0.0368353 0.0291478 0.0368025 0.0329659 0.0330851 0.0329659 0.1485883 0.0288850 0.0365102 0.0292520 0.0329511 0.0372003 0.0252076 0.0000010 0.0441345 0.0447976 0.2338712 0.2184061 0.0140048 0.0326381 
XM_036766364_1_PREDICTED_Trichosurus_vulpecula_REV3_like_DNA_directed_polymerase_zeta_catalytic_subunit_REV3L_transcript_variant_X1_mRNA_1                 0.1305159 0.1096705 0.1406994 0.1112876 0.1096705 0.0994248 0.1149811 0.1041700 0.1025893 0.1096705 0.1089527 0.0601691 0.1255330 0.1385222 0.4787666 0.1396224 0.1049172 0.0286696 0.1096705 0.0931846 0.0000000 0.1363591 0.1138521 0.1149988 0.1249564 0.0250426 0.1291368 0.1196059 0.0495526 0.0601691 0.1254389 0.1267698 0.1599896 0.1607931 0.1385626 0.1211075 0.1370048 0.1325296 0.1143113 0.0824840 0.1237175 0.1211075 0.1139183 0.0994963 0.1689873 0.1414668 0.1242962 0.0994963 0.1406994 0.1041700 0.1041700 0.1041700 0.1041700 0.0943700 0.0943700 0.1341155 0.1341155 0.0943700 0.0989704 0.0989704 0.0994248 0.0996615 0.0990570 0.1041700 0.1150991 0.1102370 0.0949452 0.1041562 0.1093554 0.0937466 0.1041562 0.1053621 0.0990862 0.0990862 0.1048398 0.1037963 0.1037963 0.0943979 0.0983734 0.1354391 0.1200307 0.1137842 0.0967568 0.1056983 0.0943979 0.1298271 0.1095465 0.1199704 0.1046410 0.1898023 0.0990279 0.0953230 0.1193105 0.1094646 0.1148209 0.4677286 0.1094646 0.0614300 0.0824840 0.0977829 0.2027600 0.2027600 0.1145700 0.1145700 0.1149988 0.1046858 0.1145700 0.1048560 0.1048251 0.1001217 0.1059518 0.1001217 0.2508473 0.1037659 0.1134004 0.1053309 0.1193680 0.0824840 0.0952522 0.0822368 0.1227956 0.1053139 0.2705452 0.2412829 0.0877856 0.1084310 
XM_040983897_1_PREDICTED_Ochotona_curzoniae_REV3_like_DNA_directed_polymerase_zeta_catalytic_subunit_REV3L_transcript_variant_X1_mRNA_1                    0.0332263 0.0410989 0.0531820 0.0538490 0.0410989 0.0369380 0.0329464 0.0292388 0.0540279 0.0410989 0.0330702 0.0000010 0.0660947 0.0492658 0.3095808 0.0634424 0.0493839 0.1156258 0.0410989 0.0532553 0.1363591 0.0000000 0.0215487 0.0492561 0.0368135 0.1112191 0.0365835 0.0496385 0.1582247 0.0000010 0.0293763 0.0253392 0.0581638 0.0583877 0.0574814 0.0449796 0.0069313 0.0254253 0.0489783 0.0181724 0.0369770 0.0449796 0.0369770 0.0330803 0.0750465 0.0370464 0.0371130 0.0330803 0.0531820 0.0292388 0.0292388 0.0292388 0.0292388 0.0291347 0.0291347 0.0486745 0.0486745 0.0291347 0.0253507 0.0253507 0.0369380 0.0368300 0.0329612 0.0292388 0.0452614 0.0493152 0.0329612 0.0330656 0.0449399 0.0406569 0.0330656 0.0452614 0.0407302 0.0407302 0.0450705 0.0446703 0.0446703 0.0368188 0.0406569 0.0715949 0.0586002 0.0627044 0.0494382 0.0372003 0.0368188 0.0615142 0.0530808 0.0533253 0.0370686 0.0979101 0.0329511 0.0371288 0.0450136 0.0543321 0.0494158 0.3017784 0.0452070 0.0189893 0.0181724 0.0573708 0.1244634 0.1244634 0.0413375 0.0413375 0.0495149 0.0412280 0.0531763 0.0450772 0.0450506 0.0410989 0.0412525 0.0410989 0.1385009 0.0368188 0.0446838 0.0452476 0.0448112 0.0181724 0.0530739 0.0181184 0.0525206 0.0533263 0.2703787 0.2533060 0.0453452 0.0329318 
XM_008263376_2_PREDICTED_Oryctolagus_cuniculus_REV3_like_DNA_directed_polymerase_zeta_catalytic_subunit_REV3L_transcript_variant_X1_mRNA_1                 0.0332759 0.0251938 0.0485409 0.0370147 0.0251938 0.0287655 0.0213887 0.0213524 0.0371289 0.0251938 0.0250418 0.0181724 0.0407069 0.0493391 0.3123378 0.0457413 0.0329199 0.0944931 0.0251938 0.0366203 0.1138521 0.0215487 0.0000000 0.0328322 0.0250913 0.0902700 0.0249371 0.0497129 0.1336287 0.0181724 0.0294203 0.0253769 0.0582509 0.0491868 0.0575665 0.0328275 0.0291347 0.0254629 0.0251292 0.0000010 0.0287955 0.0328275 0.0213779 0.0177107 0.0664944 0.0327892 0.0288972 0.0177107 0.0485409 0.0213524 0.0213524 0.0213524 0.0213524 0.0140432 0.0140432 0.0441753 0.0441753 0.0212793 0.0176358 0.0176358 0.0287655 0.0286860 0.0249626 0.0213524 0.0290559 0.0328714 0.0249626 0.0250384 0.0364409 0.0249331 0.0250384 0.0290559 0.0249771 0.0249771 0.0289403 0.0286939 0.0286939 0.0212917 0.0249331 0.0535095 0.0334536 0.0372772 0.0329459 0.0181184 0.0212917 0.0443983 0.0365053 0.0366647 0.0214261 0.0929373 0.0176460 0.0214628 0.0365000 0.0373323 0.0329311 0.3044932 0.0290212 0.0390436 0.0000010 0.0404968 0.1081427 0.1081427 0.0253366 0.0253366 0.0329999 0.0252673 0.0365740 0.0289444 0.0289275 0.0251938 0.0252821 0.0251938 0.1400696 0.0212917 0.0287026 0.0290471 0.0327103 0.0373106 0.0365042 0.0372003 0.0361374 0.0366689 0.2504481 0.2291011 0.0291034 0.0176358 
XM_020168699_1_PREDICTED_Castor_canadensis_REV3_like_DNA_directed_polymerase_zeta_catalytic_subunit_Rev3l_mRNA_1                                           0.0540843 0.0368785 0.0530249 0.0412957 0.0368785 0.0328086 0.0331099 0.0328131 0.0414262 0.0368785 0.0366528 0.0189893 0.0531190 0.0627977 0.3146166 0.0586615 0.0407963 0.0954206 0.0368785 0.0408505 0.1149988 0.0492561 0.0328322 0.0000000 0.0369988 0.0911552 0.0445942 0.0547651 0.1350443 0.0189893 0.0499439 0.0374379 0.0630608 0.0455590 0.0628168 0.0452103 0.0494382 0.0455862 0.0367864 0.0390436 0.0405693 0.0452103 0.0328522 0.0290301 0.0893585 0.0532616 0.0407197 0.0290301 0.0530249 0.0328131 0.0328131 0.0328131 0.0328131 0.0251714 0.0251714 0.0485343 0.0485343 0.0326959 0.0289019 0.0289019 0.0328086 0.0404090 0.0365315 0.0328131 0.0409476 0.0370373 0.0365315 0.0366478 0.0406468 0.0288850 0.0366478 0.0331454 0.0289363 0.0289363 0.0330100 0.0327249 0.0327249 0.0251791 0.0214378 0.0666667 0.0539542 0.0487889 0.0371238 0.0600283 0.0251791 0.0569010 0.0407201 0.0488623 0.0329313 0.1031520 0.0214628 0.0329853 0.0486348 0.0416558 0.0371070 0.3067360 0.0331045 0.0409472 0.0390436 0.0448042 0.1140895 0.1140895 0.0407963 0.0407963 0.0451038 0.0369929 0.0407963 0.0330147 0.0407600 0.0368785 0.0370147 0.0368785 0.1239311 0.0327149 0.0404324 0.0331342 0.0446965 0.0390436 0.0407178 0.0389231 0.0481356 0.0488644 0.2603362 0.2520328 0.0410207 0.0289019 
XM_027402162_2_PREDICTED_Cricetulus_griseus_REV3_like_DNA_directed_polymerase_zeta_catalytic_subunit_Rev3l_transcript_variant_X5_mRNA_1                    0.0252524 0.0368844 0.0530482 0.0493444 0.0368844 0.0405335 0.0104441 0.0328183 0.0495047 0.0368844 0.0366586 0.0000010 0.0613793 0.0329610 0.3283814 0.0413208 0.0449945 0.1049150 0.0368844 0.0488072 0.1249564 0.0368135 0.0250913 0.0369988 0.0000000 0.1005987 0.0176987 0.0331965 0.1321675 0.0000010 0.0215312 0.0176884 0.0454122 0.0447347 0.0407298 0.0251789 0.0448112 0.0251075 0.0446268 0.0181724 0.0368903 0.0251789 0.0292088 0.0290348 0.0794640 0.0213371 0.0370265 0.0290348 0.0530482 0.0328183 0.0328183 0.0328183 0.0328183 0.0251755 0.0251755 0.0485555 0.0485555 0.0327011 0.0289066 0.0289066 0.0405335 0.0327301 0.0365373 0.0328183 0.0409541 0.0449311 0.0365373 0.0444538 0.0485635 0.0364940 0.0444538 0.0409541 0.0365585 0.0365585 0.0324354 0.0404266 0.0404266 0.0327202 0.0288897 0.0666767 0.0539626 0.0579949 0.0450401 0.0372003 0.0327202 0.0488050 0.0407380 0.0372017 0.0329366 0.1037636 0.0289234 0.0329906 0.0407321 0.0497806 0.0450198 0.3202822 0.0409050 0.0189893 0.0181724 0.0528452 0.1141704 0.1141704 0.0370974 0.0370974 0.0451109 0.0369988 0.0487379 0.0407903 0.0407664 0.0368844 0.0370206 0.0368844 0.1230146 0.0327202 0.0404388 0.0372228 0.0447034 0.0181724 0.0486445 0.0181184 0.0439815 0.0488720 0.2659085 0.2304787 0.0410273 0.0289066 
XM_027848601_1_PREDICTED_Vombatus_ursinus_REV3_like_DNA_directed_polymerase_zeta_catalytic_subunit_REV3L_transcript_variant_X1_mRNA_1                      0.1057769 0.0861929 0.1154467 0.0874210 0.0861929 0.0765933 0.0911410 0.0810928 0.0924695 0.0861929 0.0856303 0.0391364 0.1010401 0.1129332 0.4234455 0.1240022 0.0908373 0.0141284 0.0861929 0.0709868 0.0250426 0.1112191 0.0902700 0.0911552 0.1005987 0.0000000 0.1046836 0.0955531 0.0375388 0.0391364 0.1009626 0.1020086 0.1268192 0.1339065 0.1129671 0.1063412 0.1117209 0.1073587 0.0906126 0.0603537 0.0954905 0.1063412 0.0862308 0.0766497 0.1420093 0.1160536 0.0959149 0.0766497 0.1154467 0.0810928 0.0810928 0.0810928 0.0810928 0.0718849 0.0718849 0.1094157 0.1094157 0.0807491 0.0762596 0.0762596 0.0765933 0.0858079 0.0852890 0.0810928 0.0912369 0.0866205 0.0812396 0.0810817 0.0859258 0.0714120 0.0810817 0.0820016 0.0763511 0.0763511 0.0816123 0.0808212 0.0808212 0.0719067 0.0758024 0.1104670 0.0959168 0.0848849 0.0868827 0.0824840 0.0719067 0.1010250 0.0819901 0.0916959 0.0814412 0.1679035 0.0763050 0.0815516 0.0912101 0.0911278 0.0906878 0.4137167 0.0911278 0.0634012 0.0603537 0.0753503 0.1870267 0.1870267 0.0908373 0.0908373 0.0963798 0.0824069 0.0908373 0.0816250 0.0907563 0.0861929 0.0865681 0.0861929 0.2150606 0.0807969 0.0858588 0.0819766 0.0954058 0.0603537 0.0725362 0.0601691 0.0988970 0.1005687 0.2451353 0.2175255 0.0660489 0.0852380 
XM_016002785_1_PREDICTED_Peromyscus_maniculatus_bairdii_REV3_like_DNA_directed_polymerase_zeta_catalytic_subunit_Rev3l_transcript_variant_X1_mRNA_1        0.0291989 0.0366536 0.0365826 0.0490295 0.0366536 0.0402807 0.0140810 0.0326145 0.0491877 0.0366536 0.0364304 0.0000010 0.0609877 0.0449593 0.3119785 0.0456347 0.0447100 0.1089989 0.0366536 0.0484989 0.1291368 0.0365835 0.0249371 0.0445942 0.0176987 0.1046836 0.0000000 0.0452935 0.1439326 0.0000010 0.0254127 0.0289311 0.0581201 0.0490747 0.0530403 0.0291121 0.0445288 0.0290298 0.0443458 0.0181724 0.0329959 0.0291121 0.0254003 0.0288548 0.0574410 0.0104962 0.0331153 0.0288548 0.0365826 0.0326145 0.0326145 0.0326145 0.0326145 0.0250203 0.0250203 0.0324694 0.0324694 0.0324987 0.0287281 0.0287281 0.0402807 0.0401640 0.0326821 0.0326145 0.0406949 0.0446473 0.0363106 0.0441761 0.0482574 0.0362678 0.0441761 0.0406949 0.0363316 0.0363316 0.0364626 0.0401752 0.0401752 0.0325176 0.0362678 0.0662628 0.0497889 0.0410326 0.0447548 0.0372003 0.0325176 0.0565489 0.0483422 0.0448280 0.0327314 0.1030769 0.0287447 0.0327847 0.0483352 0.0494602 0.0447347 0.3041362 0.0406465 0.0189893 0.0181724 0.0525108 0.1134067 0.1134067 0.0368628 0.0368628 0.0448248 0.0367654 0.0484306 0.0405335 0.0405099 0.0366536 0.0367869 0.0366536 0.1229546 0.0325176 0.0401872 0.0406826 0.0407243 0.0181724 0.0483374 0.0181184 0.0400697 0.0485630 0.2641720 0.2237834 0.0407681 0.0287281 
XM_029482641_1_PREDICTED_Mus_caroli_REV3_like_DNA_directed_polymerase_zeta_catalytic_subunit_Rev3l_mRNA_1                                                  0.0214148 0.0630810 0.0852126 0.0683204 0.0630810 0.0496764 0.0293402 0.0584316 0.0685643 0.0630810 0.0626765 0.0000010 0.0717129 0.0295799 0.3620338 0.0683511 0.0634610 0.0998362 0.0630810 0.0533725 0.1196059 0.0496385 0.0497129 0.0547651 0.0331965 0.0955531 0.0452935 0.0000000 0.1266566 0.0000010 0.0177526 0.0215948 0.0455030 0.0718011 0.0295891 0.0455586 0.0498237 0.0291994 0.0540113 0.0181724 0.0630906 0.0455586 0.0546056 0.0542649 0.0746126 0.0493096 0.0633475 0.0542649 0.0852126 0.0584316 0.0584316 0.0584316 0.0584316 0.0498986 0.0498986 0.0799186 0.0799186 0.0582000 0.0540032 0.0540032 0.0496764 0.0667363 0.0624442 0.0584316 0.0676984 0.0633767 0.0624442 0.0537925 0.0581395 0.0415010 0.0537925 0.0590630 0.0540686 0.0540686 0.0494528 0.0582524 0.0582524 0.0499140 0.0335834 0.0856299 0.0720769 0.0763357 0.0635495 0.0372003 0.0499140 0.0756793 0.0582443 0.0631285 0.0586660 0.1385312 0.0540354 0.0587546 0.0667363 0.0632802 0.0722795 0.3533796 0.0676164 0.0189893 0.0181724 0.0575013 0.1322622 0.1322622 0.0634610 0.0634610 0.0636628 0.0632997 0.0674208 0.0588080 0.0673600 0.0630810 0.0633377 0.0630810 0.1346358 0.0582346 0.0667759 0.0590447 0.0717126 0.0181724 0.0583967 0.0181184 0.0704882 0.0764427 0.2600369 0.2463421 0.0536043 0.0540032 
