114
NM_001372078_1_Homo_sapiens_REV3_like_DNA_directed_polymerase_zeta_catalytic_subunit_REV3L_transcript_variant_4_mRNA_1                                     0.0000000 0.0722453 0.0800594 0.0128166 0.0699810 0.0332181 0.0000010 0.0479281 0.0553451 0.0128166 0.0332211 0.0402319 0.0341510 1.7547754 0.0553451 0.0621326 0.0909539 0.0478275 0.1355167 0.0193969 0.0873235 0.1045943 0.0802510 0.0788240 0.0868431 0.0402415 0.0473777 0.0979350 0.0802526 0.0693275 0.1119532 0.0882024 0.0636148 0.1239495 0.0713829 0.0859548 0.0713713 0.0713713 0.1379568 0.0474633 0.0480156 0.0627687 0.0635172 0.0263896 0.0263896 0.0699810 0.0332211 0.0335969 0.0332211 0.0332211 0.0196120 0.0196120 0.0615837 0.0615837 0.0332211 0.0263329 0.0263329 0.0332181 0.0332181 0.0332181 0.0332181 0.0472705 0.0401549 0.0401549 0.0481160 0.0481186 0.0408615 0.0332875 0.0331489 0.0263880 0.0403108 0.0403108 0.0332875 0.0408135 0.0263880 0.0401432 0.0786896 0.0480173 0.0479417 0.0267389 0.0267389 0.0403122 0.0403122 0.0480261 0.0473756 0.1496799 0.0263391 0.0560508 0.0406271 1.6521273 0.0405465 0.0332858 0.0551725 0.1806591 0.1828377 0.0193979 0.0193979 0.0193577 0.0128425 0.0063514 0.0127900 0.0063514 0.2949683 0.0332858 0.0474643 0.0336975 0.0480631 0.0401453 0.0472648 0.0561055 0.3711268 0.3416770 0.0406894 0.0332429 
NM_011264_3_Mus_musculus_REV3_like_DNA_directed_polymerase_zeta_catalytic_subunit_Rev3l_mRNA_1                                                             0.0722453 0.0000000 0.0405613 0.0722453 0.1115186 0.0789583 0.0722453 0.0964036 0.0332143 0.0722453 0.0789845 0.0870130 0.0813768 2.2490401 0.0332143 0.0871403 0.0908363 0.0777362 0.1495227 0.0732670 0.1207519 0.1396602 0.1134995 0.0632162 0.0709339 0.0558887 0.0791388 0.0195009 0.0063248 0.0550705 0.1114794 0.0477709 0.0195271 0.0556025 0.0262718 0.0618151 0.0553427 0.0553427 0.0921204 0.0635957 0.0724902 0.0885540 0.0896708 0.0712533 0.0712533 0.1115186 0.0789845 0.0799274 0.0789845 0.0789845 0.0634897 0.0634897 0.1015802 0.1015802 0.0789845 0.0710830 0.0710830 0.0789583 0.0789583 0.0789583 0.0789583 0.0949942 0.0868250 0.0868250 0.0967801 0.0967850 0.0884532 0.0791239 0.0787933 0.0712327 0.0871617 0.0871617 0.0791239 0.0702824 0.0712327 0.0710655 0.1112284 0.0780397 0.0779435 0.0722415 0.0722415 0.0871866 0.0871866 0.0886112 0.0952051 0.2060792 0.0711006 0.0799357 0.0879461 2.1150025 0.0877494 0.0791388 0.0856299 0.1940513 0.1964675 0.0732709 0.0732709 0.0800868 0.0884186 0.0643858 0.0720917 0.0643858 0.3599689 0.0791198 0.0953574 0.0802241 0.0967175 0.0868035 0.0866598 0.1065566 0.3550894 0.3374350 0.0701146 0.0712114 
XM_006256524_2_PREDICTED_Rattus_norvegicus_REV3_like_DNA_directed_polymerase_zeta_catalytic_subunit_Rev3l_transcript_variant_X1_mRNA_1                     0.0800594 0.0405613 0.0000000 0.0800594 0.1198663 0.0710487 0.0800594 0.0880510 0.0331703 0.0800594 0.0710691 0.0789388 0.0731994 2.8519011 0.0331703 0.1036999 0.0907622 0.0719386 0.1533116 0.0811934 0.1237696 0.1431869 0.1163640 0.0631500 0.0708649 0.0558259 0.0790678 0.0268915 0.0335471 0.0550090 0.1114130 0.0063242 0.0331012 0.0797554 0.0400923 0.0617509 0.0552807 0.0552807 0.1288099 0.0792252 0.0724195 0.0884814 0.0895974 0.0634773 0.0634773 0.1198663 0.0710691 0.0719124 0.0710691 0.0710691 0.0558697 0.0558697 0.1096503 0.1096503 0.0710691 0.0633280 0.0633280 0.0710487 0.0710487 0.0710487 0.0710487 0.0867740 0.0787713 0.0787713 0.0883964 0.0884010 0.0802367 0.0711982 0.0411080 0.0634617 0.0790780 0.0790780 0.0711982 0.0626291 0.0634617 0.0411464 0.1230857 0.0882146 0.1046933 0.0643533 0.0643533 0.0790969 0.0790969 0.0803704 0.0869674 0.2163367 0.0633436 0.0977460 0.0797752 2.6724818 0.0795999 0.0712084 0.0799133 0.2049285 0.2075161 0.0811977 0.0811977 0.0720703 0.0964971 0.0720703 0.0798902 0.0720703 0.3572046 0.0711945 0.0871115 0.0721711 0.0883323 0.0633280 0.0786308 0.0978769 0.4054566 0.3530368 0.0642323 0.0711421 
XM_028847034_1_PREDICTED_Macaca_mulatta_REV3_like_DNA_directed_polymerase_zeta_catalytic_subunit_REV3L_transcript_variant_X1_mRNA_1                        0.0128166 0.0722453 0.0800594 0.0000000 0.0699810 0.0196120 0.0128166 0.0336732 0.0553451 0.0000010 0.0332211 0.0402319 0.0341510 1.7547754 0.0553451 0.0621326 0.0909539 0.0478275 0.1355167 0.0193969 0.0873235 0.1045943 0.0802510 0.0788240 0.0868431 0.0402415 0.0473777 0.0979350 0.0802526 0.0693275 0.1119532 0.0882024 0.0636148 0.1239495 0.0713829 0.0859548 0.0713713 0.0713713 0.1379568 0.0474633 0.0480156 0.0627687 0.0635172 0.0263896 0.0263896 0.0699810 0.0332211 0.0335969 0.0332211 0.0332211 0.0196120 0.0196120 0.0615837 0.0615837 0.0332211 0.0263329 0.0263329 0.0332181 0.0332181 0.0332181 0.0196120 0.0332163 0.0263391 0.0263391 0.0338061 0.0338080 0.0267975 0.0332875 0.0331489 0.0263880 0.0403108 0.0403108 0.0332875 0.0408135 0.0263880 0.0401432 0.0786896 0.0337364 0.0479417 0.0267389 0.0267389 0.0403122 0.0403122 0.0480261 0.0473756 0.1496799 0.0263391 0.0560508 0.0406271 1.6521273 0.0405465 0.0332858 0.0551725 0.1806591 0.1828377 0.0063646 0.0063646 0.0063514 0.0260964 0.0063514 0.0127900 0.0063514 0.2949683 0.0332858 0.0474643 0.0336975 0.0480631 0.0401453 0.0472648 0.0561055 0.3711268 0.3416770 0.0406894 0.0332429 
XM_014118216_3_PREDICTED_Canis_lupus_familiaris_REV3_like_DNA_directed_polymerase_zeta_catalytic_subunit_REV3L_transcript_variant_X1_mRNA_1                0.0699810 0.1115186 0.1198663 0.0699810 0.0000000 0.0615364 0.0699810 0.0774082 0.0856116 0.0699810 0.0615505 0.0690437 0.0787761 2.1328716 0.0856116 0.1004806 0.1439149 0.0931468 0.1941890 0.0777231 0.1378575 0.1575544 0.1305454 0.1013470 0.1097120 0.0843127 0.0766747 0.1398683 0.1201746 0.0688935 0.1116101 0.1286714 0.1017555 0.1579162 0.1101718 0.0854354 0.1031805 0.1031805 0.1443329 0.0924003 0.0866358 0.0866358 0.0877043 0.0690472 0.0690472 0.0000010 0.0615505 0.0622577 0.0615505 0.0615505 0.0615364 0.0615364 0.0063480 0.0063480 0.0615505 0.0541823 0.0541823 0.0615364 0.0615364 0.0549134 0.0615364 0.0765182 0.0689038 0.0689038 0.0936928 0.0936975 0.0856473 0.0766617 0.0763495 0.0690286 0.0844342 0.0844342 0.0766617 0.0855846 0.0690286 0.0840917 0.0783881 0.0707834 0.0622823 0.0699774 0.0699774 0.0844564 0.0844564 0.0935209 0.0766855 0.2083440 0.0541852 0.0866779 0.0697337 2.1350021 0.0547118 0.0766747 0.1013008 0.1805415 0.1827314 0.0777271 0.0777271 0.0775667 0.0856160 0.0623793 0.0698361 0.0623793 0.2734609 0.0766579 0.0923569 0.0776933 0.0786442 0.0840959 0.0919805 0.1030974 0.3466716 0.3119464 0.0852957 0.0842585 
XM_024996589_1_PREDICTED_Bos_taurus_REV3_like_DNA_directed_polymerase_zeta_catalytic_subunit_REV3L_transcript_variant_X1_mRNA_1                            0.0332181 0.0789583 0.0710487 0.0196120 0.0615364 0.0000000 0.0332181 0.0263345 0.0473176 0.0196120 0.0127882 0.0193545 0.0266989 1.9058841 0.0473176 0.0612095 0.0813216 0.0400669 0.1242900 0.0402268 0.0781505 0.0947751 0.0712175 0.0550519 0.0625260 0.0327869 0.0396990 0.0881805 0.0712151 0.0609721 0.1019512 0.0789167 0.0552268 0.1133028 0.0627335 0.0769405 0.0627265 0.0627265 0.1270860 0.0397685 0.0402244 0.0402244 0.0406869 0.0193555 0.0193555 0.0615364 0.0127882 0.0129288 0.0127882 0.0127882 0.0127882 0.0127882 0.0535115 0.0535115 0.0127882 0.0063373 0.0063373 0.0127882 0.0127882 0.0127882 0.0000010 0.0127864 0.0063388 0.0063388 0.0264373 0.0264387 0.0196491 0.0260400 0.0259327 0.0193549 0.0328439 0.0328439 0.0260400 0.0332415 0.0193549 0.0327088 0.0549509 0.0263833 0.0544516 0.0196073 0.0196073 0.0328439 0.0328439 0.0402316 0.0260415 0.1564767 0.0193195 0.0479139 0.0330937 1.7933668 0.0330298 0.0260378 0.0471769 0.1679756 0.1699478 0.0263880 0.0263880 0.0263329 0.0473656 0.0263329 0.0331489 0.0263329 0.2734609 0.0260386 0.0397723 0.0263513 0.0332142 0.0327105 0.0396068 0.0479565 0.3403804 0.3396340 0.0331440 0.0327745 
XM_016956167_2_PREDICTED_Pan_troglodytes_REV3_like_DNA_directed_polymerase_zeta_catalytic_subunit_REV3L_transcript_variant_X1_mRNA_1                       0.0000010 0.0722453 0.0800594 0.0128166 0.0699810 0.0332181 0.0000000 0.0479281 0.0553451 0.0128166 0.0332211 0.0402319 0.0341510 1.7547754 0.0553451 0.0621326 0.0909539 0.0478275 0.1355167 0.0193969 0.0873235 0.1045943 0.0802510 0.0788240 0.0868431 0.0402415 0.0473777 0.0979350 0.0802526 0.0693275 0.1119532 0.0882024 0.0636148 0.1239495 0.0713829 0.0859548 0.0713713 0.0713713 0.1379568 0.0474633 0.0480156 0.0627687 0.0635172 0.0263896 0.0263896 0.0699810 0.0332211 0.0335969 0.0332211 0.0332211 0.0196120 0.0196120 0.0615837 0.0615837 0.0332211 0.0263329 0.0263329 0.0332181 0.0332181 0.0332181 0.0332181 0.0472705 0.0401549 0.0401549 0.0481160 0.0481186 0.0408615 0.0332875 0.0331489 0.0263880 0.0403108 0.0403108 0.0332875 0.0408135 0.0263880 0.0401432 0.0786896 0.0480173 0.0479417 0.0267389 0.0267389 0.0403122 0.0403122 0.0480261 0.0473756 0.1496799 0.0263391 0.0560508 0.0406271 1.6521273 0.0405465 0.0332858 0.0551725 0.1806591 0.1828377 0.0193979 0.0193979 0.0193577 0.0128425 0.0063514 0.0127900 0.0063514 0.2949683 0.0332858 0.0474643 0.0336975 0.0480631 0.0401453 0.0472648 0.0561055 0.3711268 0.3416770 0.0406894 0.0332429 
XM_021091238_1_PREDICTED_Sus_scrofa_REV3_like_DNA_directed_polymerase_zeta_catalytic_subunit_REV3L_transcript_variant_X1_mRNA_1                            0.0479281 0.0964036 0.0880510 0.0336732 0.0774082 0.0263345 0.0479281 0.0000000 0.0627428 0.0336732 0.0401553 0.0472823 0.0412877 1.5808267 0.0627428 0.0771510 0.0882177 0.0406112 0.1312503 0.0552882 0.0953714 0.1130152 0.0882604 0.0866752 0.0948430 0.0472937 0.0545485 0.1063798 0.0882666 0.0768504 0.1005805 0.0963422 0.0712429 0.1117380 0.0791537 0.0938781 0.0791372 0.0791372 0.1290357 0.0546486 0.0552848 0.0702758 0.0711198 0.0332242 0.0332242 0.0774082 0.0401553 0.0406112 0.0401553 0.0401553 0.0263345 0.0263345 0.0687962 0.0687962 0.0401553 0.0331519 0.0331519 0.0401503 0.0401503 0.0401503 0.0263345 0.0401495 0.0331598 0.0331598 0.0408646 0.0408668 0.0337396 0.0402340 0.0400669 0.0332211 0.0473732 0.0473732 0.0402340 0.0479724 0.0332211 0.0471769 0.0689409 0.0266862 0.0702071 0.0336650 0.0336650 0.0473764 0.0473764 0.0552988 0.0545460 0.1782170 0.0331598 0.0635411 0.0477510 1.5835432 0.0476549 0.0402332 0.0478237 0.1782120 0.1803378 0.0407852 0.0407852 0.0406993 0.0627878 0.0406993 0.0478275 0.0406993 0.2949683 0.0402319 0.0546457 0.0407366 0.0553451 0.0471793 0.0544170 0.0636073 0.3632379 0.3345769 0.0478237 0.0472723 
XM_040758199_1_PREDICTED_Mesocricetus_auratus_REV3_like_DNA_directed_polymerase_zeta_catalytic_subunit_Rev3l_transcript_variant_X1_mRNA_1                  0.0553451 0.0332143 0.0331703 0.0553451 0.0856116 0.0473176 0.0553451 0.0627428 0.0000000 0.0553451 0.0473251 0.0545953 0.0486741 2.3742621 0.0000010 0.0696870 0.0568831 0.0626119 0.1314656 0.0561034 0.1038990 0.1220046 0.0967236 0.0551082 0.0625966 0.0263512 0.0474169 0.0407158 0.0263772 0.0195673 0.0768519 0.0401766 0.0260317 0.0711340 0.0328355 0.0260317 0.0196541 0.0196541 0.1187649 0.0475027 0.0409269 0.0555054 0.0561656 0.0402693 0.0402693 0.0856116 0.0473251 0.0478662 0.0473251 0.0473251 0.0332428 0.0332428 0.0766817 0.0766817 0.0473251 0.0401804 0.0401804 0.0473176 0.0473176 0.0473176 0.0473176 0.0618702 0.0544875 0.0544875 0.0629875 0.0629907 0.0554593 0.0474161 0.0472194 0.0402643 0.0546980 0.0546980 0.0474161 0.0397712 0.0402643 0.0401708 0.0948112 0.0628589 0.0780762 0.0408067 0.0408067 0.0547038 0.0547038 0.0555303 0.0620071 0.1795771 0.0401901 0.0713688 0.0551430 2.2316655 0.0550302 0.0474169 0.0702373 0.1813462 0.1835485 0.0561064 0.0561064 0.0627278 0.0705107 0.0479698 0.0552292 0.0479698 0.2949683 0.0474136 0.0621179 0.0480190 0.0629274 0.0544744 0.0544109 0.0714481 0.4069405 0.3464073 0.0552268 0.0402525 
XM_015448392_1_PREDICTED_Macaca_fascicularis_REV3_like_DNA_directed_polymerase_zeta_catalytic_subunit_REV3L_transcript_variant_X1_mRNA_1                   0.0128166 0.0722453 0.0800594 0.0000010 0.0699810 0.0196120 0.0128166 0.0336732 0.0553451 0.0000000 0.0332211 0.0402319 0.0341510 1.7547754 0.0553451 0.0621326 0.0909539 0.0478275 0.1355167 0.0193969 0.0873235 0.1045943 0.0802510 0.0788240 0.0868431 0.0402415 0.0473777 0.0979350 0.0802526 0.0693275 0.1119532 0.0882024 0.0636148 0.1239495 0.0713829 0.0859548 0.0713713 0.0713713 0.1379568 0.0474633 0.0480156 0.0627687 0.0635172 0.0263896 0.0263896 0.0699810 0.0332211 0.0335969 0.0332211 0.0332211 0.0196120 0.0196120 0.0615837 0.0615837 0.0332211 0.0263329 0.0263329 0.0332181 0.0332181 0.0332181 0.0196120 0.0332163 0.0263391 0.0263391 0.0338061 0.0338080 0.0267975 0.0332875 0.0331489 0.0263880 0.0403108 0.0403108 0.0332875 0.0408135 0.0263880 0.0401432 0.0786896 0.0337364 0.0479417 0.0267389 0.0267389 0.0403122 0.0403122 0.0480261 0.0473756 0.1496799 0.0263391 0.0560508 0.0406271 1.6521273 0.0405465 0.0332858 0.0551725 0.1806591 0.1828377 0.0063646 0.0063646 0.0063514 0.0260964 0.0063514 0.0127900 0.0063514 0.2949683 0.0332858 0.0474643 0.0336975 0.0480631 0.0401453 0.0472648 0.0561055 0.3711268 0.3416770 0.0406894 0.0332429 
XM_004753515_2_PREDICTED_Mustela_putorius_furo_REV3_like_polymerase_DNA_directed_zeta_catalytic_subunit_REV3L_transcript_variant_X1_mRNA_1                 0.0332211 0.0789845 0.0710691 0.0332211 0.0615505 0.0127882 0.0332211 0.0401553 0.0473251 0.0332211 0.0000000 0.0193550 0.0267006 1.8506687 0.0473251 0.0612234 0.0813504 0.0400719 0.1170817 0.0402319 0.0781758 0.0948152 0.0712381 0.0550629 0.0625409 0.0327898 0.0397038 0.0882149 0.0712357 0.0609858 0.1019983 0.0789428 0.0552379 0.1133644 0.0627486 0.0769646 0.0627416 0.0627416 0.1271646 0.0397733 0.0402294 0.0336628 0.0406921 0.0063382 0.0063382 0.0615505 0.0127882 0.0129289 0.0000010 0.0127882 0.0127882 0.0127882 0.0535215 0.0535215 0.0127882 0.0063371 0.0063371 0.0127882 0.0127882 0.0127882 0.0127882 0.0259855 0.0193200 0.0193200 0.0403113 0.0403134 0.0332857 0.0260415 0.0259342 0.0193555 0.0328469 0.0328469 0.0260415 0.0332446 0.0193555 0.0327117 0.0549618 0.0402294 0.0544622 0.0196079 0.0196079 0.0328468 0.0328468 0.0263350 0.0127900 0.1566058 0.0193200 0.0479217 0.0330967 1.7414050 0.0330328 0.0260393 0.0471843 0.1681301 0.1701081 0.0402340 0.0402340 0.0401503 0.0473732 0.0263345 0.0331519 0.0263345 0.2734609 0.0260401 0.0397771 0.0263529 0.0332173 0.0327134 0.0396116 0.0479644 0.3120007 0.3118338 0.0331470 0.0327774 
XM_034668992_1_PREDICTED_Ailuropoda_melanoleuca_REV3_like_DNA_directed_polymerase_zeta_catalytic_subunit_REV3L_transcript_variant_X1_mRNA_1                0.0402319 0.0870130 0.0789388 0.0402319 0.0690437 0.0193545 0.0402319 0.0472823 0.0545953 0.0402319 0.0193550 0.0000000 0.0336875 2.0945715 0.0545953 0.0686609 0.0896394 0.0471843 0.1335210 0.0473707 0.0861080 0.1031178 0.0791256 0.0625318 0.0701530 0.0397073 0.0467463 0.0965327 0.0791266 0.0683952 0.1103788 0.0869630 0.0627393 0.1221593 0.0703959 0.0847738 0.0703850 0.0703850 0.1360035 0.0468296 0.0473678 0.0473678 0.0479171 0.0260416 0.0260416 0.0690437 0.0063379 0.0195692 0.0193550 0.0193550 0.0193545 0.0193545 0.0607727 0.0607727 0.0063379 0.0127875 0.0127875 0.0193545 0.0193545 0.0193545 0.0193545 0.0327774 0.0259925 0.0259925 0.0403477 0.0403499 0.0333125 0.0328469 0.0327117 0.0260401 0.0397750 0.0397750 0.0328469 0.0402643 0.0260401 0.0396116 0.0624198 0.0473693 0.0618481 0.0263819 0.0263819 0.0397763 0.0397763 0.0473779 0.0328498 0.1661124 0.0259925 0.0552829 0.0400829 1.9702822 0.0400044 0.0328451 0.0544276 0.1780071 0.1801256 0.0473732 0.0473732 0.0472748 0.0546428 0.0332193 0.0401482 0.0332193 0.3407842 0.0328451 0.0403048 0.0332459 0.0402273 0.0396136 0.0466364 0.0553359 0.3556218 0.3545751 0.0401436 0.0396910 
XM_015600069_2_PREDICTED_Pteropus_alecto_REV3_like_DNA_directed_polymerase_zeta_catalytic_subunit_REV3L_transcript_variant_X1_mRNA_1                       0.0341510 0.0813768 0.0731994 0.0341510 0.0787761 0.0266989 0.0341510 0.0412877 0.0486741 0.0341510 0.0267006 0.0336875 0.0000000 2.0681397 0.0486741 0.0629780 0.0838886 0.0411997 0.1284418 0.0413683 0.0805172 0.0977295 0.0733779 0.0720665 0.0800709 0.0336957 0.0408106 0.0909533 0.0733763 0.0627275 0.1051355 0.0813316 0.0568468 0.1169770 0.0645946 0.0792367 0.0645865 0.0645865 0.1311711 0.0408842 0.0413657 0.0560947 0.0567682 0.0198821 0.0198821 0.0787761 0.0267006 0.0270051 0.0267006 0.0267006 0.0131325 0.0131325 0.0699774 0.0699774 0.0267006 0.0198392 0.0198392 0.0266989 0.0266989 0.0266989 0.0266989 0.0331674 0.0336231 0.0336231 0.0414523 0.0414545 0.0342193 0.0267555 0.0266424 0.0198814 0.0337557 0.0337557 0.0267555 0.0341762 0.0198814 0.0336131 0.0719386 0.0413659 0.0560253 0.0064350 0.0064350 0.0337558 0.0337558 0.0413735 0.0408089 0.1617376 0.0198440 0.0493042 0.0340198 1.9459148 0.0339523 0.0267533 0.0485246 0.1737802 0.1758941 0.0413705 0.0413705 0.0412822 0.0487235 0.0270648 0.0340779 0.0270648 0.3965051 0.0267541 0.0408877 0.0270846 0.0414032 0.0336150 0.0407132 0.0493499 0.3846588 0.3537654 0.0340729 0.0336824 
XM_005883745_2_PREDICTED_Myotis_brandtii_REV3_like_polymerase_DNA_directed_zeta_catalytic_subunit_REV3L_transcript_variant_X1_mRNA_1                       1.7547754 2.2490401 2.8519011 1.7547754 2.1328716 1.9058841 1.7547754 1.5808267 2.3742621 1.7547754 1.8506687 2.0945715 2.0681397 0.0000000 2.3742621 2.0305522 2.6166948 1.8288983 3.5014224 1.9084543 2.6660338 2.7511575 2.0680024 2.4240386 2.6696419 2.2782334 1.9081682 2.7822905 2.2490401 2.4773733 2.3413675 2.8519011 2.2490401 2.7820826 2.3171051 2.8508974 2.6143401 2.6143401 2.6077863 2.0305522 1.9081682 2.0966407 2.0514493 1.7037520 1.7037520 2.1328716 2.0945715 1.9058841 1.8506687 1.9058841 1.7547754 1.7547754 1.8838543 1.8838543 2.0945715 1.9058841 1.9058841 1.7547754 1.7547754 1.9058841 1.9058841 1.8043848 2.0709358 2.0709358 1.7547754 1.7760075 1.7547754 1.7547754 2.0707911 1.7547754 1.7547754 1.7547754 1.7547754 1.9853799 1.7547754 2.2524510 2.1328771 1.5969198 1.9678071 1.8285778 1.8285778 1.9278910 1.9278910 1.7037520 1.8506687 2.3171438 1.7547754 1.9451708 1.7730334 0.0258540 1.5665855 1.7547754 1.8288983 1.8888960 1.9085960 1.9084543 1.9084543 1.9058841 1.6163854 1.7547754 1.7169100 1.7547754 1.8009547 1.9499797 2.1203333 1.5691644 1.8282964 1.7547754 1.9080098 1.7570268 6.7013703 5.9706226 1.8457984 1.9081682 
XM_027402162_2_PREDICTED_Cricetulus_griseus_REV3_like_DNA_directed_polymerase_zeta_catalytic_subunit_Rev3l_transcript_variant_X5_mRNA_1                    0.0553451 0.0332143 0.0331703 0.0553451 0.0856116 0.0473176 0.0553451 0.0627428 0.0000010 0.0553451 0.0473251 0.0545953 0.0486741 2.3742621 0.0000000 0.0696870 0.0568831 0.0626119 0.1314656 0.0561034 0.1038990 0.1220046 0.0967236 0.0551082 0.0625966 0.0263512 0.0474169 0.0407158 0.0263772 0.0195673 0.0768519 0.0401766 0.0260317 0.0711340 0.0328355 0.0260317 0.0196541 0.0196541 0.1187649 0.0475027 0.0409269 0.0555054 0.0561656 0.0402693 0.0402693 0.0856116 0.0473251 0.0478662 0.0473251 0.0473251 0.0332428 0.0332428 0.0766817 0.0766817 0.0473251 0.0401804 0.0401804 0.0473176 0.0473176 0.0473176 0.0473176 0.0618702 0.0544875 0.0544875 0.0629875 0.0629907 0.0554593 0.0474161 0.0472194 0.0402643 0.0546980 0.0546980 0.0474161 0.0397712 0.0402643 0.0401708 0.0948112 0.0628589 0.0780762 0.0408067 0.0408067 0.0547038 0.0547038 0.0555303 0.0620071 0.1795771 0.0401901 0.0713688 0.0551430 2.2316655 0.0550302 0.0474169 0.0702373 0.1813462 0.1835485 0.0561064 0.0561064 0.0627278 0.0705107 0.0479698 0.0552292 0.0479698 0.2949683 0.0474136 0.0621179 0.0480190 0.0629274 0.0544744 0.0544109 0.0714481 0.4069405 0.3464073 0.0552268 0.0402525 
XM_013069186_2_PREDICTED_Heterocephalus_glaber_REV3_like_DNA_directed_polymerase_zeta_catalytic_subunit_Rev3l_transcript_variant_X1_mRNA_1                 0.0621326 0.0871403 0.1036999 0.0621326 0.1004806 0.0612095 0.0621326 0.0771510 0.0696870 0.0621326 0.0612234 0.0686609 0.0629780 2.0305522 0.0696870 0.0000000 0.1069559 0.0769930 0.1527690 0.0696917 0.1026522 0.1204824 0.0955658 0.0938481 0.1020846 0.0540275 0.0613401 0.0966694 0.0792467 0.0838004 0.1108227 0.1122317 0.0628399 0.1330843 0.0705056 0.1010593 0.0862943 0.0862943 0.1185092 0.0194210 0.0621637 0.0772611 0.0781877 0.0540275 0.0540275 0.1004806 0.0612234 0.0619221 0.0612234 0.0612234 0.0468310 0.0468310 0.0911571 0.0911571 0.0612234 0.0539065 0.0539065 0.0612095 0.0612095 0.0612095 0.0612095 0.0760771 0.0685229 0.0685229 0.0774459 0.0774498 0.0697459 0.0613348 0.0610846 0.0540172 0.0687828 0.0687828 0.0613348 0.0696847 0.0540172 0.0538937 0.0936993 0.0772908 0.0928321 0.0547457 0.0547457 0.0687949 0.0687949 0.0773042 0.0762424 0.2062405 0.0539194 0.0635020 0.0693554 1.9105715 0.0544401 0.0613401 0.0847918 0.1981436 0.2005496 0.0696953 0.0696953 0.0695516 0.0773954 0.0547087 0.0620041 0.0547087 0.2949683 0.0613317 0.0763702 0.0621294 0.0773837 0.0685066 0.0760570 0.0862595 0.3943877 0.3954734 0.0694588 0.0398370 
XM_008852401_2_PREDICTED_Nannospalax_galili_REV3_like_DNA_directed_polymerase_zeta_catalytic_subunit_Rev3l_transcript_variant_X1_mRNA_1                    0.0909539 0.0908363 0.0907622 0.0909539 0.1439149 0.0813216 0.0909539 0.0882177 0.0568831 0.0909539 0.0813504 0.0896394 0.0838886 2.6166948 0.0568831 0.1069559 0.0000000 0.0991593 0.1537950 0.0826927 0.1472088 0.1684640 0.1394592 0.1183085 0.1275868 0.0733748 0.0815133 0.1008651 0.0825874 0.0812351 0.1031265 0.0993360 0.0813821 0.1254328 0.0802107 0.0884066 0.0816801 0.0816801 0.1630806 0.0816809 0.0746864 0.0912743 0.0842028 0.0733748 0.0733748 0.1439149 0.0813504 0.0823491 0.0813504 0.0813504 0.0653639 0.0653639 0.1324136 0.1324136 0.0813504 0.0731941 0.0731941 0.0813216 0.0813216 0.0813216 0.0813216 0.0978781 0.0894396 0.0894396 0.0997699 0.0997750 0.0911655 0.0814965 0.0811474 0.0733522 0.0734921 0.0897950 0.0814965 0.0723436 0.0733522 0.0731755 0.1126817 0.0995605 0.1169448 0.0744211 0.0744211 0.0898228 0.0898228 0.0913363 0.0981006 0.2131589 0.0732126 0.1097552 0.0723395 2.4552708 0.0904206 0.0815133 0.1078835 0.2037916 0.1802971 0.0995393 0.0995393 0.0993258 0.1082880 0.0825344 0.0907577 0.0825344 0.3049569 0.0655023 0.0816676 0.0826658 0.0997065 0.0894169 0.0892615 0.1012019 0.3870920 0.3789909 0.0907720 0.0733296 
XM_023650934_1_PREDICTED_Equus_caballus_REV3_like_DNA_directed_polymerase_zeta_catalytic_subunit_REV3L_transcript_variant_X1_mRNA_1                        0.0478275 0.0777362 0.0719386 0.0478275 0.0931468 0.0400669 0.0478275 0.0406112 0.0626119 0.0478275 0.0400719 0.0471843 0.0411997 1.8288983 0.0626119 0.0769930 0.0991593 0.0000000 0.1059132 0.0551725 0.0624123 0.0782272 0.0556063 0.0864956 0.0946472 0.0471956 0.0544357 0.0786571 0.0701146 0.0766934 0.1202093 0.0799174 0.0710931 0.1115092 0.0789878 0.0936856 0.0789714 0.0789714 0.1084221 0.0545353 0.0551691 0.0701300 0.0709707 0.0331549 0.0331549 0.0931468 0.0400719 0.0405260 0.0400719 0.0400719 0.0262795 0.0262795 0.0840073 0.0840073 0.0400719 0.0330829 0.0330829 0.0400669 0.0400669 0.0400669 0.0400669 0.0543131 0.0470930 0.0470930 0.0552859 0.0552888 0.0479243 0.0401503 0.0262248 0.0331519 0.0472748 0.0472748 0.0401503 0.0478716 0.0331519 0.0330812 0.0688000 0.0396242 0.0536358 0.0335940 0.0335940 0.0472780 0.0472780 0.0551831 0.0544332 0.1778713 0.0330908 0.0471889 0.0476511 1.7203171 0.0475554 0.0401495 0.0063126 0.1903671 0.1926887 0.0551754 0.0551754 0.0550602 0.0626568 0.0406137 0.0477273 0.0406137 0.3599689 0.0401482 0.0545325 0.0406509 0.0552292 0.0330829 0.0543047 0.0634730 0.3346652 0.3078129 0.0063126 0.0471744 
XM_007484437_2_PREDICTED_Monodelphis_domestica_REV3_like_DNA_directed_polymerase_zeta_catalytic_subunit_REV3L_transcript_variant_X1_mRNA_1                 0.1355167 0.1495227 0.1533116 0.1355167 0.1941890 0.1242900 0.1355167 0.1312503 0.1314656 0.1355167 0.1170817 0.1335210 0.1284418 3.5014224 0.1314656 0.1527690 0.1537950 0.1059132 0.0000000 0.1449972 0.0637909 0.0643062 0.0568349 0.1865693 0.1973877 0.1335548 0.1428786 0.1380122 0.1404455 0.1611581 0.1854564 0.1630654 0.1425824 0.1753987 0.1521850 0.1688209 0.1520677 0.1520677 0.2231481 0.1432175 0.1449757 0.1449757 0.1664512 0.1083738 0.1083738 0.1941890 0.1243678 0.1259336 0.1170817 0.1243678 0.1067541 0.1067541 0.1806352 0.1806352 0.1243678 0.1153220 0.1153220 0.1170134 0.1170134 0.1242900 0.1242900 0.1425566 0.1331938 0.1331938 0.1453744 0.1453814 0.1358626 0.1245496 0.1148475 0.1155646 0.1337058 0.1337058 0.1245496 0.1138408 0.1155646 0.1237579 0.1467371 0.1227620 0.1223214 0.1173136 0.1173136 0.1337855 0.1337855 0.1376260 0.1355016 0.3009621 0.1153512 0.1335357 0.1350849 3.2646891 0.1347427 0.1246099 0.1146370 0.2969353 0.3011196 0.1450042 0.1450042 0.1447042 0.1546727 0.1262145 0.1352338 0.1262145 1.0776041 0.1245435 0.1430486 0.1264953 0.1453414 0.1165238 0.1328421 0.1571962 0.3595311 0.3214757 0.0975337 0.1334228 
XM_035296530_1_PREDICTED_Callithrix_jacchus_REV3_like_DNA_directed_polymerase_zeta_catalytic_subunit_REV3L_transcript_variant_X1_mRNA_1                    0.0193969 0.0732670 0.0811934 0.0193969 0.0777231 0.0402268 0.0193969 0.0552882 0.0561034 0.0193969 0.0402319 0.0473707 0.0413683 1.9084543 0.0561034 0.0696917 0.0826927 0.0551725 0.1449972 0.0000000 0.0955240 0.1131820 0.0884077 0.0799233 0.0880595 0.0407815 0.0546482 0.0993546 0.0813921 0.0702698 0.1135459 0.0894565 0.0645004 0.1257617 0.0723813 0.0871491 0.0723689 0.0723689 0.1471023 0.0547486 0.0553868 0.0703987 0.0712451 0.0332888 0.0332888 0.0777231 0.0402319 0.0406894 0.0402319 0.0402319 0.0263866 0.0263866 0.0690705 0.0690705 0.0402319 0.0332163 0.0332163 0.0402268 0.0402268 0.0402268 0.0402268 0.0545247 0.0472787 0.0472787 0.0555044 0.0555073 0.0481160 0.0403108 0.0401432 0.0332858 0.0333475 0.0474618 0.0403108 0.0480631 0.0332858 0.0472648 0.0866752 0.0553908 0.0553079 0.0337313 0.0337313 0.0474650 0.0474650 0.0554009 0.0546457 0.1591623 0.0332242 0.0636564 0.0478409 1.7960427 0.0477445 0.0403101 0.0626536 0.1908895 0.1932173 0.0128425 0.0128425 0.0260424 0.0329150 0.0128159 0.0193567 0.0128159 0.2949683 0.0403087 0.0547456 0.0408153 0.0554474 0.0472673 0.0545162 0.0637229 0.3862343 0.3558318 0.0479139 0.0402610 
XM_031964400_1_PREDICTED_Sarcophilus_harrisii_REV3_like_DNA_directed_polymerase_zeta_catalytic_subunit_REV3L_transcript_variant_X1_mRNA_1                  0.0873235 0.1207519 0.1237696 0.0873235 0.1378575 0.0781505 0.0873235 0.0953714 0.1038990 0.0873235 0.0781758 0.0861080 0.0805172 2.6660338 0.1038990 0.1026522 0.1472088 0.0624123 0.0637909 0.0955240 0.0000000 0.0401385 0.0264512 0.1308942 0.1400839 0.0861291 0.0942041 0.1104192 0.1122684 0.1189684 0.1691384 0.1328507 0.1139210 0.1519184 0.1228199 0.1386793 0.1227559 0.1227559 0.1733149 0.0943963 0.0794279 0.0955160 0.0967118 0.0705335 0.0705335 0.1378575 0.0781758 0.0790993 0.0781758 0.0781758 0.0628584 0.0628584 0.1269809 0.1269809 0.0781758 0.0703668 0.0703668 0.0713408 0.0713408 0.0781505 0.0781505 0.0939924 0.0859242 0.0859242 0.0957403 0.0957451 0.0875179 0.0783128 0.0701292 0.0705136 0.0862543 0.0862543 0.0783128 0.0874543 0.0705136 0.0778746 0.1100215 0.0772506 0.0702579 0.0715017 0.0715017 0.0706708 0.0706708 0.0794586 0.0783383 0.2052661 0.0703840 0.0861168 0.0801012 2.5023359 0.0868287 0.0629963 0.0700034 0.2497394 0.2530245 0.0955288 0.0955288 0.0953307 0.1038846 0.0792710 0.0871414 0.0792710 0.8345880 0.0783088 0.0784718 0.0793890 0.0956781 0.0710962 0.0939575 0.1053769 0.3585854 0.3300423 0.0550581 0.0860719 
XM_036766364_1_PREDICTED_Trichosurus_vulpecula_REV3_like_DNA_directed_polymerase_zeta_catalytic_subunit_REV3L_transcript_variant_X1_mRNA_1                 0.1045943 0.1396602 0.1431869 0.1045943 0.1575544 0.0947751 0.1045943 0.1130152 0.1220046 0.1045943 0.0948152 0.1031178 0.0977295 2.7511575 0.1220046 0.1204824 0.1684640 0.0782272 0.0643062 0.1131820 0.0401385 0.0000000 0.0335221 0.1504250 0.1601016 0.1031432 0.1115962 0.1285498 0.1307795 0.1375131 0.1908291 0.1527202 0.1327493 0.1803982 0.1421170 0.1585060 0.1420200 0.1420200 0.1946493 0.1118349 0.1131704 0.1305835 0.1322846 0.0868443 0.0868443 0.1575544 0.0948152 0.0959542 0.0948152 0.0948152 0.0788045 0.0788045 0.1458542 0.1458542 0.0948152 0.0866314 0.0866314 0.0878480 0.0878480 0.0947751 0.0947751 0.1113464 0.1028880 0.1028880 0.1134495 0.1134551 0.1048372 0.0949714 0.0863182 0.0868117 0.1032813 0.1032813 0.0949714 0.1047774 0.0868117 0.0944177 0.1280906 0.0936648 0.0933315 0.0880541 0.0880541 0.1033207 0.1033207 0.1132373 0.1115899 0.2518855 0.0866527 0.1031286 0.1042438 2.5791442 0.1040035 0.0949981 0.0861633 0.2313224 0.2342582 0.1131876 0.1131876 0.1129542 0.1219398 0.0961630 0.1043772 0.0961630 1.0656947 0.0949666 0.1117540 0.0963302 0.1133936 0.0875253 0.1112931 0.1063278 0.3416171 0.3075249 0.0705638 0.1030640 
XM_027848601_1_PREDICTED_Vombatus_ursinus_REV3_like_DNA_directed_polymerase_zeta_catalytic_subunit_REV3L_transcript_variant_X1_mRNA_1                      0.0802510 0.1134995 0.1163640 0.0802510 0.1305454 0.0712175 0.0802510 0.0882604 0.0967236 0.0802510 0.0712381 0.0791256 0.0733779 2.0680024 0.0967236 0.0955658 0.1394592 0.0556063 0.0568349 0.0884077 0.0264512 0.0335221 0.0000000 0.1235444 0.1326819 0.0791452 0.0871767 0.1033219 0.1050515 0.1118270 0.1615484 0.1254020 0.1066054 0.1402819 0.1154500 0.1313304 0.1153959 0.1153959 0.1659025 0.0873535 0.0805315 0.0968844 0.0981161 0.0636290 0.0636290 0.1305454 0.0712381 0.0720850 0.0712381 0.0712381 0.0560034 0.0560034 0.1198248 0.1198248 0.0712381 0.0634789 0.0634789 0.0643641 0.0643641 0.0712175 0.0712175 0.0869780 0.0789574 0.0789574 0.0886072 0.0886117 0.0804291 0.0713676 0.0632682 0.0636132 0.0792653 0.0792653 0.0713676 0.0803646 0.0636132 0.0709700 0.1029438 0.0703926 0.0617838 0.0645088 0.0645088 0.0716251 0.0716251 0.0805636 0.0794116 0.2188440 0.0634946 0.0791337 0.0711030 1.9457867 0.0797896 0.0638331 0.0631531 0.2274733 0.2304140 0.0884122 0.0884122 0.0882260 0.0967251 0.0722436 0.0800812 0.0722436 0.5961478 0.0713639 0.0795481 0.0723450 0.0885430 0.0641471 0.0869488 0.0981111 0.3204150 0.2858293 0.0482859 0.0790952 
XM_040983897_1_PREDICTED_Ochotona_curzoniae_REV3_like_DNA_directed_polymerase_zeta_catalytic_subunit_REV3L_transcript_variant_X1_mRNA_1                    0.0788240 0.0632162 0.0631500 0.0788240 0.1013470 0.0550519 0.0788240 0.0866752 0.0551082 0.0788240 0.0550629 0.0625318 0.0720665 2.4240386 0.0551082 0.0938481 0.1183085 0.0864956 0.1865693 0.0799233 0.1308942 0.1504250 0.1235444 0.0000000 0.0063110 0.0335218 0.0701371 0.0718640 0.0557568 0.0690368 0.1044663 0.0708549 0.0405554 0.0959996 0.0477649 0.0700975 0.0710642 0.0710642 0.1269106 0.0702717 0.0710998 0.0710998 0.0719637 0.0625350 0.0625350 0.1013470 0.0550629 0.0557007 0.0550629 0.0550629 0.0550519 0.0550519 0.0919187 0.0919187 0.0550629 0.0477202 0.0477202 0.0550519 0.0550519 0.0550519 0.0550519 0.0699918 0.0477227 0.0477227 0.0870105 0.0870150 0.0789956 0.0701276 0.0698376 0.0625202 0.0778729 0.0778729 0.0701276 0.0789321 0.0625202 0.0623751 0.1040221 0.0868341 0.1030121 0.0633852 0.0633852 0.0778908 0.0778908 0.0868489 0.0701472 0.1873543 0.0624054 0.0961755 0.0785475 2.2782334 0.0783778 0.0701371 0.0946162 0.2010363 0.2035224 0.0799275 0.0799275 0.0866428 0.0949677 0.0709731 0.0786598 0.0709731 0.4016994 0.0701240 0.0857662 0.0710698 0.0788143 0.0775562 0.0854104 0.0963013 0.4142773 0.3908845 0.0786662 0.0625017 
XM_004580498_1_PREDICTED_Ochotona_princeps_REV3_like_DNA_directed_polymerase_zeta_catalytic_subunit_REV3L_mRNA_1                                           0.0868431 0.0709339 0.0708649 0.0868431 0.1097120 0.0625260 0.0868431 0.0948430 0.0625966 0.0868431 0.0625409 0.0701530 0.0800709 2.6696419 0.0625966 0.1020846 0.1275868 0.0946472 0.1973877 0.0880595 0.1400839 0.1601016 0.1326819 0.0063110 0.0000000 0.0405999 0.0779047 0.0798563 0.0633402 0.0766750 0.1131152 0.0787226 0.0477649 0.1044650 0.0551143 0.0624662 0.0633236 0.0633236 0.1285140 0.0780571 0.0789785 0.0789785 0.0799468 0.0701566 0.0701566 0.1097120 0.0625409 0.0632696 0.0625409 0.0625409 0.0625260 0.0625260 0.0999831 0.0999831 0.0625409 0.0550549 0.0550549 0.0625260 0.0625260 0.0625260 0.0625260 0.0777438 0.0550578 0.0550578 0.0952081 0.0952129 0.0870353 0.0778908 0.0775698 0.0701371 0.0857854 0.0857854 0.0778908 0.0869720 0.0701371 0.0699747 0.1126154 0.0950159 0.1115123 0.0711147 0.0711147 0.0858089 0.0858089 0.0950314 0.0779158 0.1977319 0.0700088 0.1046365 0.0865434 2.5058451 0.0863532 0.0779047 0.1029293 0.2119610 0.2146192 0.0880641 0.0880641 0.0948029 0.1033044 0.0788387 0.0866628 0.0788387 0.4016994 0.0709580 0.0868038 0.0789550 0.0868320 0.0854378 0.0934443 0.1047795 0.4212404 0.3746377 0.0866739 0.0701164 
XM_008263376_2_PREDICTED_Oryctolagus_cuniculus_REV3_like_DNA_directed_polymerase_zeta_catalytic_subunit_REV3L_transcript_variant_X1_mRNA_1                 0.0402415 0.0558887 0.0558259 0.0402415 0.0843127 0.0327869 0.0402415 0.0472937 0.0263512 0.0402415 0.0327898 0.0397073 0.0336957 2.2782334 0.0263512 0.0540275 0.0733748 0.0471956 0.1335548 0.0407815 0.0861291 0.1031432 0.0791452 0.0335218 0.0405999 0.0000000 0.0328529 0.0643141 0.0485269 0.0396193 0.0779112 0.0634168 0.0336212 0.0881018 0.0407259 0.0544850 0.0407258 0.0407258 0.1187269 0.0329096 0.0332868 0.0473703 0.0479197 0.0260478 0.0260478 0.0843127 0.0327898 0.0331560 0.0327898 0.0327898 0.0193590 0.0193590 0.0755516 0.0755516 0.0327898 0.0259925 0.0259925 0.0327869 0.0327869 0.0327869 0.0327869 0.0466528 0.0259938 0.0259938 0.0474770 0.0474795 0.0403210 0.0328546 0.0327194 0.0260462 0.0397844 0.0397844 0.0328546 0.0402740 0.0260462 0.0259863 0.0776245 0.0473807 0.0618630 0.0263882 0.0263882 0.0397857 0.0397857 0.0473893 0.0467554 0.1661525 0.0259986 0.0552964 0.0400925 2.1424777 0.0400139 0.0328529 0.0544406 0.1780504 0.1801697 0.0407837 0.0407837 0.0472862 0.0546560 0.0332273 0.0401578 0.0332273 0.3603156 0.0328529 0.0468420 0.0332539 0.0474251 0.0396230 0.0466474 0.0553494 0.3849546 0.3546455 0.0401532 0.0260387 
XM_020168699_1_PREDICTED_Castor_canadensis_REV3_like_DNA_directed_polymerase_zeta_catalytic_subunit_Rev3l_mRNA_1                                           0.0473777 0.0791388 0.0790678 0.0473777 0.0766747 0.0396990 0.0473777 0.0545485 0.0474169 0.0473777 0.0397038 0.0467463 0.0408106 1.9081682 0.0474169 0.0613401 0.0815133 0.0544357 0.1428786 0.0546482 0.0942041 0.1115962 0.0871767 0.0701371 0.0779047 0.0328529 0.0000000 0.0883886 0.0713756 0.0611018 0.0702637 0.0871151 0.0553459 0.0963886 0.0628710 0.0771118 0.0628639 0.0628639 0.1274018 0.0398499 0.0403076 0.0546345 0.0552734 0.0328529 0.0328529 0.0766747 0.0397038 0.0401496 0.0397038 0.0397038 0.0260425 0.0260425 0.0681545 0.0681545 0.0397038 0.0327822 0.0327822 0.0396990 0.0396990 0.0396990 0.0396990 0.0538045 0.0466567 0.0466567 0.0547593 0.0547621 0.0474726 0.0397809 0.0396174 0.0328499 0.0468353 0.0468353 0.0397809 0.0474207 0.0328499 0.0327744 0.0854896 0.0546485 0.0693820 0.0332840 0.0332840 0.0468384 0.0468384 0.0546584 0.0539225 0.1682013 0.0193573 0.0480157 0.0331609 1.7957454 0.0330968 0.0397800 0.0618135 0.1684393 0.1704234 0.0546510 0.0546510 0.0545379 0.0620549 0.0402357 0.0472794 0.0402357 0.2949683 0.0397788 0.0540202 0.0402720 0.0547034 0.0466457 0.0537964 0.0628548 0.3703505 0.3690809 0.0472755 0.0328404 
XM_029482641_1_PREDICTED_Mus_caroli_REV3_like_DNA_directed_polymerase_zeta_catalytic_subunit_Rev3l_mRNA_1                                                  0.0979350 0.0195009 0.0268915 0.0979350 0.1398683 0.0881805 0.0979350 0.1063798 0.0407158 0.0979350 0.0882149 0.0965327 0.0909533 2.7822905 0.0407158 0.0966694 0.1008651 0.0786571 0.1380122 0.0993546 0.1104192 0.1285498 0.1033219 0.0718640 0.0798563 0.0643141 0.0883886 0.0000000 0.0129062 0.0633516 0.1218664 0.0339338 0.0265821 0.0639764 0.0335372 0.0702353 0.0636756 0.0636756 0.1015582 0.0723028 0.0816499 0.0982845 0.0995544 0.0802232 0.0802232 0.1398683 0.0882149 0.0892885 0.0882149 0.0882149 0.0721813 0.0721813 0.1287472 0.1287472 0.0882149 0.0800257 0.0800257 0.0881805 0.0881805 0.0881805 0.0881805 0.1047903 0.0963170 0.0963170 0.1067981 0.1068035 0.0981633 0.0883669 0.0641038 0.0801956 0.0966932 0.0966932 0.0883669 0.0790921 0.0801956 0.0565332 0.1216012 0.0871346 0.1034251 0.0813561 0.0813561 0.0967268 0.0967268 0.0983547 0.1050245 0.2436710 0.0800457 0.0892980 0.0975958 2.6083780 0.0973701 0.0883886 0.0866535 0.2083651 0.2110426 0.0993598 0.0993598 0.0894866 0.1153308 0.0894866 0.0977273 0.0894866 0.4019078 0.0883624 0.1051871 0.0896363 0.1067380 0.0878545 0.0961179 0.1170658 0.3804002 0.3613950 0.0709391 0.0801713 
XM_029542499_1_PREDICTED_Mus_pahari_REV3_like_DNA_directed_polymerase_zeta_catalytic_subunit_Rev3l_transcript_variant_X1_mRNA_1                            0.0802526 0.0063248 0.0335471 0.0802526 0.1201746 0.0712151 0.0802526 0.0882666 0.0263772 0.0802526 0.0712357 0.0791266 0.0733763 2.2490401 0.0263772 0.0792467 0.0825874 0.0701146 0.1404455 0.0813921 0.1122684 0.1307795 0.1050515 0.0557568 0.0633402 0.0485269 0.0713756 0.0129062 0.0000000 0.0478214 0.1032023 0.0406369 0.0129248 0.0482809 0.0195611 0.0545300 0.0480536 0.0480536 0.0843627 0.0560908 0.0647198 0.0805172 0.0815251 0.0636241 0.0636241 0.1201746 0.0712357 0.0720829 0.0712357 0.0712357 0.0559969 0.0559969 0.1099230 0.1099230 0.0712357 0.0634740 0.0634740 0.0712151 0.0712151 0.0712151 0.0712151 0.0869833 0.0789583 0.0789583 0.0886136 0.0886182 0.0804308 0.0713653 0.0710655 0.0636083 0.0792664 0.0792664 0.0713653 0.0627717 0.0636083 0.0634583 0.1029610 0.0703899 0.0858651 0.0645041 0.0645041 0.0792855 0.0792855 0.0805654 0.0871776 0.2170286 0.0634897 0.0720903 0.0799671 2.1150025 0.0797910 0.0713756 0.0778742 0.1838955 0.1861612 0.0813964 0.0813964 0.0882322 0.0967374 0.0722415 0.0800827 0.0722415 0.3599689 0.0713615 0.0873223 0.0723430 0.0885495 0.0789388 0.0788169 0.0981247 0.3599059 0.3419525 0.0626116 0.0635893 
XM_016002785_1_PREDICTED_Peromyscus_maniculatus_bairdii_REV3_like_DNA_directed_polymerase_zeta_catalytic_subunit_Rev3l_transcript_variant_X1_mRNA_1        0.0693275 0.0550705 0.0550090 0.0693275 0.0688935 0.0609721 0.0693275 0.0768504 0.0195673 0.0693275 0.0609858 0.0683952 0.0627275 2.4773733 0.0195673 0.0838004 0.0812351 0.0766934 0.1611581 0.0702698 0.1189684 0.1375131 0.1118270 0.0690368 0.0766750 0.0396193 0.0611018 0.0633516 0.0478214 0.0000000 0.0855332 0.0624807 0.0471776 0.0960538 0.0544274 0.0195265 0.0407212 0.0407212 0.0924943 0.0612143 0.0480546 0.0628375 0.0635885 0.0538171 0.0538171 0.0688935 0.0609858 0.0616795 0.0609858 0.0609858 0.0466484 0.0466484 0.0606444 0.0606444 0.0609858 0.0536970 0.0536970 0.0609721 0.0609721 0.0544145 0.0609721 0.0757851 0.0682582 0.0682582 0.0771433 0.0771472 0.0694724 0.0610966 0.0608481 0.0538070 0.0685164 0.0685164 0.0610966 0.0618067 0.0538070 0.0536843 0.0933523 0.0702759 0.0617152 0.0545301 0.0545301 0.0685283 0.0685283 0.0695738 0.0759482 0.1962293 0.0537098 0.0858168 0.0690846 2.3280404 0.0689413 0.0611018 0.0844630 0.1781844 0.1803097 0.0702734 0.0702734 0.0768264 0.0847776 0.0618106 0.0691853 0.0618106 0.2949683 0.0610935 0.0760753 0.0618851 0.0703569 0.0682420 0.0609659 0.0859203 0.3954024 0.3279326 0.0691873 0.0537914 
