152
NM_001372078_1_Homo_sapiens_REV3_like_DNA_directed_polymerase_zeta_catalytic_subunit_REV3L_transcript_variant_4_mRNA_1                                     0.0000000 0.1822507 0.2128883 0.0226645 0.1019094 0.0905434 0.0029436 0.0897987 0.1528169 0.0230648 0.0905073 0.0843269 0.0901946 0.0991276 0.0965826 0.1519727 0.1147627 0.1185188 0.0834053 0.0376475 0.2389482 0.2450214 0.2425544 0.2366270 0.1221735 0.1291075 0.0939233 0.1886832 0.1047087 0.1372572 0.1894033 0.1644844 0.1554959 0.2089778 0.1832732 0.2099057 0.1840486 0.1682481 0.1645879 0.1642988 0.1203792 0.1307998 0.1162871 0.0959647 0.0991150 0.1004437 0.0967767 0.0890923 0.0908745 0.0897134 0.0899948 0.0892932 0.0898797 0.0898493 0.0903138 0.0855380 0.0879081 0.0912261 0.0842959 0.0914395 0.0948137 0.0941320 0.0920260 0.0850433 0.0856622 0.0860533 0.0862822 0.0845296 0.0854055 0.0845625 0.0841196 0.1016833 0.1031760 0.1019094 0.1011599 0.1013014 0.1016072 0.1060788 0.1074948 0.1099454 0.0851862 0.0872320 0.0869804 0.0874788 0.0872324 0.0851361 0.0892310 0.0859573 0.0854819 0.0866513 0.0869322 0.0872218 0.0853063 0.0855206 0.0843962 0.0854169 0.1514220 0.1256016 0.1216129 0.1120531 0.0906864 0.0924508 0.0938564 0.1011962 0.1059741 0.0975805 0.0966291 0.0953508 0.0990886 0.1107448 0.1015872 0.1039274 0.1041860 0.1007750 0.0967281 0.0832205 0.1652763 0.0786571 0.1724976 0.0277218 0.0234338 0.0225305 0.0240521 0.0238515 0.0234685 0.0240684 0.0244506 0.0262695 0.0068531 0.0029454 0.0127023 0.0164149 0.0170358 0.0396468 0.0379326 0.0379421 0.0357731 0.0908626 0.0582870 0.0623649 0.0838435 0.1116156 0.1463420 0.1157990 0.1036103 0.1031008 0.1131487 0.4021865 0.3906823 0.0880909 0.0796256 0.1008880 
NM_011264_3_Mus_musculus_REV3_like_DNA_directed_polymerase_zeta_catalytic_subunit_Rev3l_mRNA_1                                                             0.1822507 0.0000000 0.0976534 0.1859838 0.2157206 0.2041977 0.1841629 0.2059284 0.1065957 0.1866540 0.2043096 0.1980441 0.2023221 0.2196100 0.2019847 0.1072478 0.2040463 0.1437065 0.1929321 0.1940287 0.3564350 0.3714034 0.3650792 0.3555683 0.2231985 0.2278891 0.2069417 0.0171040 0.1849045 0.2151554 0.0400435 0.1194150 0.2093772 0.0927523 0.0560275 0.0644441 0.0537830 0.1240800 0.1154786 0.1154542 0.2051964 0.2193829 0.2056182 0.1898125 0.1927005 0.1939819 0.1911896 0.1987244 0.2023567 0.1997149 0.2009692 0.1996743 0.2006642 0.1991490 0.2039108 0.2000977 0.1981160 0.2035251 0.2008371 0.2045937 0.2113348 0.2083880 0.2054880 0.2000388 0.2024310 0.2042361 0.2039200 0.2009529 0.2027039 0.2028959 0.2023487 0.2137619 0.2161452 0.2157206 0.2141093 0.2140566 0.2161899 0.2178501 0.2188078 0.2206544 0.2002712 0.2043172 0.2039592 0.2046553 0.2073858 0.2051119 0.2074529 0.2069281 0.2060367 0.2069605 0.2080156 0.2070424 0.2059239 0.2055630 0.2050881 0.2053741 0.2640592 0.2411974 0.2385362 0.2323574 0.2029234 0.2037788 0.2086734 0.2197275 0.2247295 0.2142291 0.2106590 0.2123388 0.2136268 0.2248950 0.2178521 0.2233064 0.2261178 0.2213481 0.2115973 0.1934721 0.2683093 0.1889159 0.2799320 0.1882941 0.1857988 0.1865774 0.1870931 0.1870207 0.1857327 0.1833270 0.1843648 0.1849383 0.1850813 0.1842059 0.1837987 0.1825435 0.1813398 0.1906451 0.1936066 0.1930139 0.1880999 0.2090631 0.1778072 0.1817130 0.2115162 0.2148032 0.2525676 0.2298128 0.2113001 0.2126747 0.2158877 0.5020063 0.4906006 0.1972910 0.1939856 0.2105668 
XM_006256524_2_PREDICTED_Rattus_norvegicus_REV3_like_DNA_directed_polymerase_zeta_catalytic_subunit_Rev3l_transcript_variant_X1_mRNA_1                     0.2128883 0.0976534 0.0000000 0.2130935 0.2475196 0.2285729 0.2131141 0.2374239 0.1357953 0.2144145 0.2291005 0.2197732 0.2312270 0.2489475 0.2362117 0.1359308 0.2301431 0.1747056 0.2253342 0.2226249 0.3779109 0.3962881 0.3852788 0.3812010 0.2482037 0.2526883 0.2293990 0.0999574 0.2136564 0.2489174 0.1030060 0.1412481 0.2359008 0.0154363 0.0978144 0.1161764 0.0961162 0.1448155 0.1422374 0.1448890 0.2325815 0.2456190 0.2341231 0.2156595 0.2172294 0.2182911 0.2167737 0.2276740 0.2318894 0.2290788 0.2301575 0.2288034 0.2281932 0.2275067 0.2289002 0.2237568 0.2230168 0.2282982 0.2267757 0.2307590 0.2412020 0.2329075 0.2295052 0.2237525 0.2265989 0.2288694 0.2285405 0.2239268 0.2251083 0.2243311 0.2235508 0.2452412 0.2496352 0.2475196 0.2474802 0.2473093 0.2507249 0.2481775 0.2511655 0.2509023 0.2309596 0.2335167 0.2340940 0.2338748 0.2386232 0.2313271 0.2387332 0.2365872 0.2370022 0.2365564 0.2390981 0.2379353 0.2348734 0.2360864 0.2331476 0.2315942 0.2903178 0.2728680 0.2652242 0.2586872 0.2323869 0.2359628 0.2363581 0.2440252 0.2549817 0.2425094 0.2400434 0.2371336 0.2374305 0.2552186 0.2489823 0.2524489 0.2544731 0.2500285 0.2412405 0.2241738 0.2939662 0.2193266 0.3053552 0.2181608 0.2125630 0.2160026 0.2130537 0.2144928 0.2126493 0.2130351 0.2124486 0.2148794 0.2161412 0.2131656 0.2138548 0.2144910 0.2144288 0.2209187 0.2240746 0.2235532 0.2179172 0.2368804 0.2104405 0.2097542 0.2393999 0.2457702 0.2819234 0.2500169 0.2405129 0.2424150 0.2486026 0.5061657 0.4975074 0.2243707 0.2200163 0.2371566 
XM_028847034_1_PREDICTED_Macaca_mulatta_REV3_like_DNA_directed_polymerase_zeta_catalytic_subunit_REV3L_transcript_variant_X1_mRNA_1                        0.0226645 0.1859838 0.2130935 0.0000000 0.1036733 0.0904626 0.0234388 0.0908126 0.1551833 0.0007328 0.0913611 0.0840033 0.0882589 0.0997986 0.0934769 0.1523600 0.1132457 0.1216887 0.0833999 0.0367888 0.2361595 0.2428614 0.2398807 0.2363732 0.1243210 0.1297034 0.0971215 0.1912884 0.1018867 0.1365459 0.1919820 0.1633384 0.1591043 0.2100105 0.1874510 0.2119583 0.1879831 0.1708756 0.1648730 0.1645469 0.1180719 0.1276157 0.1149731 0.0942484 0.0980738 0.0991859 0.0950556 0.0900025 0.0917885 0.0906259 0.0913816 0.0906784 0.0905660 0.0907611 0.0902332 0.0860182 0.0875930 0.0920848 0.0840680 0.0901970 0.0962528 0.0940963 0.0924633 0.0859929 0.0851086 0.0854979 0.0857262 0.0840752 0.0854156 0.0840124 0.0842942 0.1023470 0.1055586 0.1036733 0.1035284 0.1036789 0.1039468 0.1070911 0.1096111 0.1112053 0.0872295 0.0892909 0.0896075 0.0895390 0.0887157 0.0858164 0.0907235 0.0874343 0.0869570 0.0875623 0.0878857 0.0887049 0.0862156 0.0869962 0.0857708 0.0860977 0.1475130 0.1243920 0.1209358 0.1087975 0.0882324 0.0905639 0.0915771 0.1013383 0.1060722 0.0985073 0.0962384 0.0969969 0.0988427 0.1097893 0.1030679 0.1046115 0.1048681 0.1008439 0.0978122 0.0826979 0.1615014 0.0772978 0.1701032 0.0133070 0.0060906 0.0022108 0.0044224 0.0047965 0.0049852 0.0106124 0.0113633 0.0128958 0.0236941 0.0230505 0.0214495 0.0222911 0.0233331 0.0386241 0.0358525 0.0368826 0.0351317 0.0899329 0.0574918 0.0612649 0.0824151 0.1101795 0.1482321 0.1129505 0.0999608 0.1018024 0.1118223 0.4021549 0.3924702 0.0878761 0.0784091 0.0973514 
XM_024996589_1_PREDICTED_Bos_taurus_REV3_like_DNA_directed_polymerase_zeta_catalytic_subunit_REV3L_transcript_variant_X1_mRNA_1                            0.1019094 0.2157206 0.2475196 0.1036733 0.0000000 0.0892532 0.1023474 0.0650004 0.1824600 0.1042021 0.0888896 0.0838480 0.0886841 0.0985950 0.1210887 0.1810928 0.1333311 0.1479170 0.0847626 0.1084159 0.2531626 0.2511447 0.2538255 0.2522140 0.1513358 0.1562955 0.1247991 0.2186193 0.1224713 0.1594169 0.2227001 0.1915325 0.1779019 0.2441691 0.2099454 0.2423559 0.2140720 0.1983983 0.1860283 0.1868840 0.1412916 0.1517337 0.1384839 0.1182826 0.1215369 0.1209979 0.1196744 0.0900657 0.0918534 0.0906883 0.0919204 0.0911860 0.0918030 0.0900998 0.0892483 0.0853148 0.0848436 0.0879130 0.0820204 0.0867803 0.0977483 0.0926526 0.0900013 0.0848214 0.0830475 0.0851212 0.0848833 0.0826235 0.0837380 0.0822693 0.0833561 0.0215915 0.0023821 0.0000010 0.0012800 0.0001828 0.0092659 0.0200501 0.0219981 0.0227588 0.0717146 0.0727566 0.0730452 0.0729911 0.0568728 0.0526714 0.0562603 0.0548801 0.0546767 0.0550638 0.0555613 0.0562158 0.0531243 0.0536123 0.0519510 0.0524007 0.1549888 0.1297811 0.1217462 0.1100623 0.0895891 0.0891481 0.0869735 0.0989037 0.1029991 0.0976416 0.0933947 0.0967599 0.0954372 0.1041892 0.0999493 0.1003444 0.1002481 0.0991766 0.0959934 0.0847945 0.1646679 0.1067516 0.1742824 0.1095051 0.1043205 0.1048288 0.1056709 0.1060114 0.1050736 0.1073718 0.1070757 0.1074248 0.1045334 0.1018837 0.1024735 0.1033559 0.1021475 0.1090089 0.1082656 0.1079724 0.1035036 0.1254008 0.0951268 0.0966425 0.1199762 0.1202344 0.1591852 0.1257728 0.1157705 0.1189680 0.1204995 0.4044961 0.3982989 0.0858249 0.0772239 0.1129237 
XM_014118216_3_PREDICTED_Canis_lupus_familiaris_REV3_like_DNA_directed_polymerase_zeta_catalytic_subunit_REV3L_transcript_variant_X1_mRNA_1                0.0905434 0.2041977 0.2285729 0.0904626 0.0892532 0.0000000 0.0919139 0.0771859 0.1686529 0.0909680 0.0415190 0.0360916 0.0723495 0.0878287 0.1107249 0.1670276 0.1252469 0.1353875 0.0690142 0.0989942 0.2437986 0.2451129 0.2401568 0.2425283 0.1461292 0.1495037 0.1166279 0.2082661 0.1128220 0.1488487 0.2109137 0.1796759 0.1718318 0.2251869 0.1983757 0.2293576 0.1983745 0.1873775 0.1674920 0.1701178 0.1301762 0.1428824 0.1291861 0.1067352 0.1108369 0.1112422 0.1068653 0.0443878 0.0463330 0.0452926 0.0459441 0.0453199 0.0450506 0.0450375 0.0001819 0.0375688 0.0389612 0.0412993 0.0357837 0.0451997 0.0535767 0.0075693 0.0066366 0.0375566 0.0361372 0.0376285 0.0374221 0.0335088 0.0338943 0.0340853 0.0341379 0.0862891 0.0901008 0.0892532 0.0891015 0.0889286 0.0899306 0.0923890 0.0933654 0.0960579 0.0742185 0.0757062 0.0760002 0.0759435 0.0731158 0.0711714 0.0748742 0.0725991 0.0717051 0.0727280 0.0735441 0.0731076 0.0700624 0.0707960 0.0701926 0.0697199 0.1414129 0.1123342 0.1076190 0.0992148 0.0734598 0.0749219 0.0734624 0.0835413 0.0878745 0.0812975 0.0785989 0.0812635 0.0829808 0.0935297 0.0881519 0.0917359 0.0911806 0.0890990 0.0806015 0.0685640 0.1470826 0.0938886 0.1541156 0.0937708 0.0915568 0.0913304 0.0923832 0.0922257 0.0917936 0.0911793 0.0918178 0.0933638 0.0928392 0.0914614 0.0884523 0.0913272 0.0911053 0.0958180 0.0953188 0.0951148 0.0938939 0.1129071 0.0813518 0.0836983 0.1124900 0.1076483 0.1523343 0.1135667 0.1026109 0.1059621 0.1132541 0.4004295 0.3877386 0.0393944 0.0624356 0.0989752 
XM_016956167_2_PREDICTED_Pan_troglodytes_REV3_like_DNA_directed_polymerase_zeta_catalytic_subunit_REV3L_transcript_variant_X1_mRNA_1                       0.0029436 0.1841629 0.2131141 0.0234388 0.1023474 0.0919139 0.0000000 0.0910579 0.1543404 0.0238401 0.0923614 0.0852180 0.0906205 0.1002711 0.0976092 0.1531864 0.1159510 0.1188918 0.0835998 0.0380397 0.2396096 0.2453510 0.2432156 0.2380104 0.1232953 0.1307713 0.0943527 0.1897777 0.1050384 0.1384319 0.1905004 0.1649668 0.1578864 0.2100942 0.1837142 0.2099330 0.1859777 0.1698277 0.1650710 0.1655597 0.1210728 0.1320239 0.1174827 0.0974707 0.1000351 0.1019719 0.0982871 0.0905695 0.0923603 0.0911952 0.0914783 0.0907741 0.0913611 0.0913301 0.0916837 0.0874657 0.0897486 0.0930830 0.0862207 0.0931793 0.0962043 0.0950372 0.0934009 0.0869682 0.0870243 0.0874186 0.0876480 0.0854609 0.0868043 0.0853968 0.0855734 0.1013910 0.1042243 0.1023474 0.1022018 0.1023473 0.1020458 0.1060250 0.1080595 0.1103884 0.0851435 0.0869713 0.0872844 0.0872179 0.0882297 0.0855619 0.0900006 0.0869500 0.0864732 0.0866116 0.0874597 0.0882189 0.0857328 0.0865122 0.0848213 0.0858430 0.1527881 0.1267867 0.1241645 0.1145299 0.0911126 0.0934651 0.0942845 0.1029860 0.1069070 0.0988654 0.0973265 0.0966331 0.1006167 0.1115496 0.1029819 0.1050889 0.1047331 0.1013168 0.0969419 0.0834150 0.1668114 0.0796230 0.1740973 0.0289365 0.0242089 0.0239288 0.0248290 0.0250476 0.0246637 0.0252662 0.0256492 0.0274763 0.0079803 0.0011000 0.0132669 0.0169892 0.0178024 0.0404962 0.0387358 0.0387455 0.0365749 0.0926364 0.0596270 0.0632123 0.0850905 0.1135372 0.1475475 0.1168287 0.1046183 0.1038027 0.1144872 0.4039944 0.3924543 0.0895599 0.0800477 0.1021456 
XM_021091238_1_PREDICTED_Sus_scrofa_REV3_like_DNA_directed_polymerase_zeta_catalytic_subunit_REV3L_transcript_variant_X1_mRNA_1                            0.0897987 0.2059284 0.2374239 0.0908126 0.0650004 0.0771859 0.0910579 0.0000000 0.1686647 0.0913213 0.0774258 0.0727642 0.0770206 0.0863701 0.1045004 0.1684813 0.1237311 0.1354991 0.0712556 0.0976644 0.2337529 0.2383734 0.2361813 0.2348769 0.1402384 0.1436371 0.1134684 0.2104850 0.1135453 0.1483730 0.2122085 0.1811883 0.1717754 0.2338580 0.2018747 0.2291392 0.2034851 0.1882439 0.1740481 0.1736910 0.1323046 0.1420697 0.1299272 0.1092049 0.1132725 0.1126495 0.1094448 0.0765110 0.0773010 0.0766332 0.0782762 0.0766806 0.0772630 0.0769954 0.0771815 0.0734681 0.0738815 0.0772374 0.0679722 0.0766460 0.0822863 0.0809388 0.0795673 0.0734459 0.0684344 0.0710690 0.0708397 0.0686450 0.0697085 0.0697749 0.0695892 0.0632424 0.0661344 0.0650004 0.0647699 0.0643380 0.0664707 0.0687488 0.0682127 0.0704142 0.0616878 0.0626860 0.0624555 0.0629136 0.0493016 0.0471766 0.0491738 0.0478137 0.0476127 0.0484700 0.0493246 0.0482374 0.0469792 0.0469646 0.0456422 0.0462953 0.1463070 0.1149475 0.1098064 0.1016252 0.0774548 0.0782499 0.0775484 0.0867333 0.0927448 0.0862563 0.0841714 0.0851904 0.0840225 0.0965198 0.0899636 0.0900201 0.0905234 0.0869766 0.0846273 0.0715188 0.1454862 0.0944559 0.1518616 0.0955653 0.0914183 0.0915692 0.0925025 0.0922417 0.0910990 0.0937898 0.0942117 0.0943656 0.0925996 0.0906038 0.0908846 0.0924191 0.0914323 0.0952463 0.0962764 0.0958055 0.0940655 0.1122833 0.0844698 0.0859247 0.1119025 0.1087852 0.1495753 0.1156832 0.1040015 0.1102007 0.1079613 0.4036569 0.3960502 0.0729518 0.0648119 0.1052272 
XM_040758199_1_PREDICTED_Mesocricetus_auratus_REV3_like_DNA_directed_polymerase_zeta_catalytic_subunit_Rev3l_transcript_variant_X1_mRNA_1                  0.1528169 0.1065957 0.1357953 0.1551833 0.1824600 0.1686529 0.1543404 0.1686647 0.0000000 0.1557986 0.1684819 0.1609029 0.1682518 0.1838700 0.1672461 0.0397412 0.1693734 0.1130463 0.1605057 0.1617096 0.3130659 0.3238262 0.3257994 0.3131241 0.1957916 0.2000469 0.1654439 0.1110368 0.1513381 0.1797121 0.1092399 0.0748893 0.1675736 0.1321838 0.1041142 0.1305157 0.1028272 0.0775477 0.0696054 0.0687793 0.1736878 0.1838259 0.1697612 0.1521821 0.1562361 0.1565843 0.1534226 0.1649606 0.1677080 0.1663300 0.1672756 0.1660803 0.1647581 0.1653412 0.1683836 0.1623766 0.1629237 0.1680158 0.1631772 0.1664834 0.1737315 0.1711330 0.1690378 0.1623267 0.1653342 0.1658089 0.1655178 0.1626216 0.1636378 0.1640780 0.1635434 0.1840361 0.1828446 0.1824600 0.1815429 0.1811386 0.1847431 0.1854843 0.1879024 0.1901660 0.1671129 0.1703332 0.1700072 0.1700822 0.1726445 0.1668534 0.1723738 0.1699647 0.1703954 0.1709327 0.1716394 0.1726139 0.1696352 0.1698724 0.1683056 0.1679670 0.2293341 0.2036086 0.2009165 0.1903260 0.1682395 0.1685765 0.1743994 0.1845321 0.1886325 0.1784506 0.1752311 0.1776456 0.1785999 0.1924018 0.1852790 0.1882369 0.1920398 0.1866854 0.1738307 0.1604622 0.2398226 0.1558815 0.2493945 0.1585375 0.1544653 0.1559409 0.1559518 0.1558975 0.1562982 0.1570366 0.1566831 0.1574681 0.1562931 0.1549220 0.1536212 0.1532357 0.1536407 0.1563545 0.1604642 0.1599089 0.1576250 0.1769739 0.1450132 0.1504602 0.1765453 0.1829107 0.2214970 0.1910090 0.1752218 0.1749492 0.1863275 0.4676666 0.4521414 0.1622272 0.1563910 0.1773664 
XM_015448392_1_PREDICTED_Macaca_fascicularis_REV3_like_DNA_directed_polymerase_zeta_catalytic_subunit_REV3L_transcript_variant_X1_mRNA_1                   0.0230648 0.1866540 0.2144145 0.0007328 0.1042021 0.0909680 0.0238401 0.0913213 0.1557986 0.0000000 0.0918700 0.0845001 0.0887632 0.1003255 0.0939920 0.1529718 0.1137922 0.1222540 0.0838951 0.0372121 0.2366323 0.2436506 0.2406614 0.2371561 0.1248863 0.1297517 0.0976399 0.1919659 0.1024149 0.1371367 0.1926616 0.1634026 0.1591665 0.2107146 0.1881243 0.2126746 0.1886595 0.1715186 0.1655065 0.1651816 0.1181151 0.1281854 0.1155240 0.0947627 0.0985945 0.0997090 0.0955715 0.0905099 0.0922990 0.0911349 0.0918919 0.0911877 0.0910746 0.0912697 0.0907383 0.0865187 0.0880954 0.0925948 0.0845665 0.0907043 0.0967705 0.0946074 0.0929721 0.0864933 0.0856078 0.0859985 0.0862271 0.0845725 0.0859144 0.0845092 0.0847917 0.1023832 0.1060909 0.1042021 0.1040575 0.1042100 0.1044773 0.1081180 0.1106444 0.1122413 0.0877282 0.0897935 0.0901109 0.0900420 0.0892205 0.0863154 0.0912318 0.0879368 0.0874588 0.0880644 0.0883888 0.0892096 0.0867161 0.0874981 0.0862695 0.0865974 0.1481147 0.1244389 0.1214966 0.1088367 0.0887365 0.0910722 0.0925598 0.1018633 0.1066055 0.0990285 0.0967559 0.0975134 0.0998525 0.1103335 0.1036011 0.1051450 0.1054020 0.1013715 0.0983326 0.0831921 0.1621193 0.0773240 0.1707498 0.0136933 0.0064651 0.0025814 0.0047949 0.0051697 0.0053589 0.0109939 0.0117456 0.0132807 0.0240967 0.0234513 0.0218475 0.0226913 0.0237357 0.0390497 0.0362733 0.0373049 0.0355525 0.0904352 0.0579458 0.0617246 0.0829163 0.1107226 0.1488426 0.1134977 0.1009679 0.1023293 0.1128688 0.4032470 0.3926868 0.0883791 0.0788966 0.0983548 
XM_004753515_2_PREDICTED_Mustela_putorius_furo_REV3_like_polymerase_DNA_directed_zeta_catalytic_subunit_REV3L_transcript_variant_X1_mRNA_1                 0.0905073 0.2043096 0.2291005 0.0913611 0.0888896 0.0415190 0.0923614 0.0774258 0.1684819 0.0918700 0.0000000 0.0317889 0.0698097 0.0873974 0.1094103 0.1639413 0.1226859 0.1332302 0.0697628 0.0991740 0.2366450 0.2422556 0.2366927 0.2405436 0.1385362 0.1425262 0.1131786 0.2083113 0.1123258 0.1478338 0.2103770 0.1792373 0.1689185 0.2262543 0.1976938 0.2273669 0.1986668 0.1869454 0.1700860 0.1730040 0.1290544 0.1390163 0.1281993 0.1084569 0.1121734 0.1118612 0.1085339 0.0450923 0.0466006 0.0460011 0.0466551 0.0456091 0.0457578 0.0457444 0.0417275 0.0338755 0.0130757 0.0040529 0.0302874 0.0461983 0.0530670 0.0442681 0.0423923 0.0338644 0.0312584 0.0337564 0.0335521 0.0300695 0.0304535 0.0306438 0.0310914 0.0858961 0.0899823 0.0888896 0.0887376 0.0885635 0.0890923 0.0915499 0.0913357 0.0945164 0.0742156 0.0754959 0.0757903 0.0757337 0.0720601 0.0694411 0.0738146 0.0726668 0.0713202 0.0718949 0.0731589 0.0720521 0.0694589 0.0701916 0.0689181 0.0686582 0.1397510 0.1138583 0.1073473 0.0973669 0.0702510 0.0728260 0.0709745 0.0815947 0.0871389 0.0804305 0.0796847 0.0799344 0.0806020 0.0924933 0.0878250 0.0908425 0.0910675 0.0879797 0.0783013 0.0693100 0.1443152 0.0951057 0.1516126 0.0962350 0.0922463 0.0927175 0.0937730 0.0936153 0.0931806 0.0944708 0.0941612 0.0962067 0.0937728 0.0919066 0.0895872 0.0927001 0.0929713 0.0964390 0.0962703 0.0955551 0.0942782 0.1123253 0.0809353 0.0828104 0.1144442 0.1109626 0.1511452 0.1153821 0.1015475 0.1049336 0.1103402 0.3966332 0.3902352 0.0130787 0.0628321 0.1008557 
XM_034668992_1_PREDICTED_Ailuropoda_melanoleuca_REV3_like_DNA_directed_polymerase_zeta_catalytic_subunit_REV3L_transcript_variant_X1_mRNA_1                0.0843269 0.1980441 0.2197732 0.0840033 0.0838480 0.0360916 0.0852180 0.0727642 0.1609029 0.0845001 0.0317889 0.0000000 0.0650506 0.0821435 0.1063611 0.1578073 0.1192844 0.1318395 0.0623973 0.0931196 0.2355279 0.2405612 0.2345953 0.2371796 0.1361329 0.1411521 0.1106014 0.2014461 0.1084811 0.1471883 0.2020682 0.1737590 0.1680084 0.2169997 0.1946937 0.2185832 0.1929875 0.1812579 0.1600643 0.1648957 0.1246108 0.1342816 0.1246480 0.1028336 0.1059930 0.1061671 0.1031775 0.0391671 0.0410589 0.0404653 0.0411065 0.0402851 0.0396048 0.0398056 0.0362967 0.0085186 0.0287457 0.0317966 0.0256540 0.0412293 0.0486664 0.0396107 0.0373533 0.0087050 0.0260131 0.0276648 0.0278624 0.0238607 0.0242414 0.0240368 0.0236789 0.0802499 0.0846740 0.0838480 0.0832305 0.0835065 0.0845058 0.0855337 0.0867213 0.0894001 0.0701409 0.0720658 0.0723542 0.0723005 0.0687724 0.0670705 0.0704997 0.0691576 0.0678237 0.0683972 0.0691971 0.0687649 0.0670887 0.0678142 0.0656652 0.0656399 0.1346205 0.1075413 0.1010234 0.0941779 0.0664081 0.0681172 0.0673864 0.0805975 0.0835651 0.0772581 0.0754926 0.0768828 0.0741730 0.0887762 0.0824691 0.0855400 0.0862380 0.0834062 0.0748323 0.0619542 0.1421648 0.0895891 0.1493186 0.0887445 0.0844087 0.0848347 0.0854313 0.0852710 0.0848423 0.0865646 0.0857992 0.0882624 0.0867484 0.0852353 0.0827275 0.0850047 0.0854933 0.0899989 0.0895132 0.0888361 0.0878666 0.1087284 0.0774168 0.0802385 0.1067691 0.1053218 0.1441151 0.1087471 0.0984136 0.1014955 0.1076527 0.3958224 0.3857318 0.0283437 0.0560956 0.0956125 
XM_015600069_2_PREDICTED_Pteropus_alecto_REV3_like_DNA_directed_polymerase_zeta_catalytic_subunit_REV3L_transcript_variant_X1_mRNA_1                       0.0901946 0.2023221 0.2312270 0.0882589 0.0886841 0.0723495 0.0906205 0.0770206 0.1682518 0.0887632 0.0698097 0.0650506 0.0000000 0.0712012 0.1088187 0.1659128 0.1213899 0.1349328 0.0670410 0.0964685 0.2442064 0.2439171 0.2449028 0.2434676 0.1464644 0.1496659 0.1139443 0.2048930 0.1143741 0.1520420 0.2080233 0.1757791 0.1729761 0.2272491 0.1980324 0.2237589 0.1975224 0.1847952 0.1699755 0.1723862 0.1306997 0.1430791 0.1280460 0.1069603 0.1101975 0.1111198 0.1075345 0.0707899 0.0733813 0.0713532 0.0722506 0.0718117 0.0704062 0.0715048 0.0721287 0.0675759 0.0692213 0.0705187 0.0642362 0.0708711 0.0785646 0.0755981 0.0739671 0.0671278 0.0652489 0.0678729 0.0676455 0.0640992 0.0649422 0.0640343 0.0654769 0.0844597 0.0904759 0.0886841 0.0885319 0.0881234 0.0886080 0.0886129 0.0902170 0.0922538 0.0754886 0.0767940 0.0770902 0.0770325 0.0690375 0.0686365 0.0704645 0.0689710 0.0681024 0.0684289 0.0697011 0.0690299 0.0668961 0.0671785 0.0667105 0.0676813 0.1396410 0.1123617 0.1066563 0.0972728 0.0029400 0.0226577 0.0509075 0.0712237 0.0769748 0.0702688 0.0701311 0.0690921 0.0619166 0.0766936 0.0720364 0.0726906 0.0733605 0.0719802 0.0660467 0.0665777 0.1499753 0.0958630 0.1536098 0.0938029 0.0902991 0.0902966 0.0905916 0.0913854 0.0900141 0.0915774 0.0917449 0.0928211 0.0925004 0.0899215 0.0895404 0.0903165 0.0900652 0.0969986 0.0955775 0.0960560 0.0921458 0.1154664 0.0825501 0.0816008 0.1087403 0.1072529 0.1486014 0.1159634 0.1021762 0.1054781 0.1120583 0.4019204 0.3960334 0.0686094 0.0607663 0.0988913 
XM_005883745_2_PREDICTED_Myotis_brandtii_REV3_like_polymerase_DNA_directed_zeta_catalytic_subunit_REV3L_transcript_variant_X1_mRNA_1                       0.0991276 0.2196100 0.2489475 0.0997986 0.0985950 0.0878287 0.1002711 0.0863701 0.1838700 0.1003255 0.0873974 0.0821435 0.0712012 0.0000000 0.1232395 0.1844863 0.1337258 0.1434647 0.0788613 0.1071758 0.2516961 0.2563897 0.2544800 0.2489164 0.1566963 0.1584925 0.1250771 0.2219356 0.1214778 0.1625362 0.2251468 0.1933036 0.1784958 0.2430878 0.2133248 0.2426592 0.2175910 0.1990938 0.1871653 0.1864534 0.1419076 0.1507735 0.1378969 0.1183253 0.1219775 0.1228937 0.1192139 0.0859610 0.0872628 0.0861010 0.0878030 0.0863399 0.0855223 0.0867147 0.0875989 0.0838134 0.0859824 0.0881095 0.0796752 0.0853920 0.0943530 0.0899880 0.0882808 0.0833188 0.0812647 0.0831190 0.0828808 0.0795485 0.0809258 0.0802538 0.0801075 0.0965436 0.0996018 0.0985950 0.0978490 0.0971874 0.0990899 0.1026121 0.1015334 0.1042023 0.0864562 0.0871138 0.0868613 0.0873614 0.0840177 0.0818829 0.0846480 0.0823785 0.0817059 0.0827934 0.0833582 0.0843125 0.0807893 0.0805404 0.0815318 0.0808765 0.1515051 0.1277351 0.1143932 0.1089666 0.0718412 0.0721270 0.0741964 0.0657718 0.0722717 0.0647572 0.0605967 0.0542722 0.0835364 0.0329966 0.0230293 0.0114348 0.0116301 0.0042533 0.0573763 0.0786225 0.1645384 0.1066177 0.1722164 0.1044834 0.1014115 0.1005913 0.1020129 0.1022342 0.1003176 0.1019216 0.1020831 0.1046902 0.1011186 0.1000370 0.0978682 0.0989373 0.0982661 0.1056514 0.1042343 0.1039729 0.1012554 0.1249481 0.0942056 0.0975751 0.1196672 0.1237727 0.1648861 0.1286434 0.1139839 0.1180149 0.1237734 0.4212444 0.4096058 0.0850077 0.0729451 0.1129145 
XM_006157005_3_PREDICTED_Tupaia_chinensis_REV3_like_DNA_directed_polymerase_zeta_catalytic_subunit_REV3L_transcript_variant_X3_mRNA_1                      0.0965826 0.2019847 0.2362117 0.0934769 0.1210887 0.1107249 0.0976092 0.1045004 0.1672461 0.0939920 0.1094103 0.1063611 0.1088187 0.1232395 0.0000000 0.1657700 0.1300008 0.1383910 0.1013308 0.1013374 0.2489046 0.2537579 0.2491022 0.2488232 0.1454402 0.1503913 0.1112421 0.2057050 0.1192089 0.1519802 0.2088512 0.1790771 0.1755174 0.2323960 0.1981422 0.2273941 0.1996717 0.1885269 0.1783237 0.1784767 0.1366661 0.1457514 0.1298819 0.1101057 0.1138033 0.1140159 0.1097101 0.1094285 0.1105680 0.1092768 0.1110267 0.1100842 0.1094874 0.1099921 0.1104827 0.1086514 0.1096856 0.1107579 0.1040446 0.1131677 0.1152713 0.1137609 0.1131020 0.1081190 0.1057928 0.1075513 0.1070602 0.1046306 0.1055459 0.1051649 0.1061956 0.1188201 0.1219208 0.1210887 0.1197783 0.1202471 0.1219024 0.1237303 0.1252678 0.1281063 0.1079466 0.1106391 0.1103653 0.1106770 0.1073770 0.1059294 0.1095060 0.1073037 0.1063473 0.1075893 0.1073934 0.1073624 0.1050531 0.1052753 0.1043081 0.1046717 0.1729681 0.1423159 0.1409556 0.1336209 0.1085227 0.1095374 0.1087618 0.1188726 0.1253741 0.1176803 0.1146235 0.1212215 0.1189580 0.1332404 0.1269908 0.1265673 0.1275772 0.1244659 0.1154881 0.1017898 0.1854364 0.1019570 0.1925058 0.0977352 0.0938596 0.0940151 0.0961450 0.0958797 0.0959213 0.0964836 0.0973901 0.0982945 0.0972724 0.0971477 0.0944903 0.0955826 0.0963785 0.1005031 0.1007317 0.1007643 0.0971202 0.1139350 0.0847090 0.0882833 0.1166751 0.1228406 0.1609794 0.1300615 0.1165788 0.1206998 0.1253640 0.4121859 0.4026713 0.1081373 0.0975052 0.1155375 
XM_027402162_2_PREDICTED_Cricetulus_griseus_REV3_like_DNA_directed_polymerase_zeta_catalytic_subunit_Rev3l_transcript_variant_X5_mRNA_1                    0.1519727 0.1072478 0.1359308 0.1523600 0.1810928 0.1670276 0.1531864 0.1684813 0.0397412 0.1529718 0.1639413 0.1578073 0.1659128 0.1844863 0.1657700 0.0000000 0.1658338 0.1107684 0.1599142 0.1596903 0.3086772 0.3237550 0.3224821 0.3127614 0.1953833 0.1996501 0.1662267 0.1107091 0.1489490 0.1781048 0.1122321 0.0736712 0.1673863 0.1337401 0.1049131 0.1315374 0.1049537 0.0752666 0.0668708 0.0673953 0.1747137 0.1786013 0.1659275 0.1517145 0.1543483 0.1557996 0.1529558 0.1597674 0.1612301 0.1608744 0.1620505 0.1608688 0.1603785 0.1601418 0.1667588 0.1595743 0.1604115 0.1640360 0.1597693 0.1620511 0.1696796 0.1689197 0.1674106 0.1595251 0.1607962 0.1615238 0.1612351 0.1590353 0.1606016 0.1601869 0.1602633 0.1808650 0.1814756 0.1810928 0.1801790 0.1800581 0.1830653 0.1822985 0.1852977 0.1887400 0.1631375 0.1663123 0.1659901 0.1666209 0.1713328 0.1643382 0.1711298 0.1689736 0.1694024 0.1699384 0.1706427 0.1713025 0.1686345 0.1683089 0.1656147 0.1652836 0.2281913 0.1990086 0.1949436 0.1865192 0.1659004 0.1688303 0.1736728 0.1854962 0.1899873 0.1784756 0.1768161 0.1736526 0.1788050 0.1926514 0.1843072 0.1894610 0.1911713 0.1867239 0.1728687 0.1605771 0.2380566 0.1563743 0.2469567 0.1550389 0.1519362 0.1525969 0.1525729 0.1519682 0.1529166 0.1546548 0.1543036 0.1553130 0.1536951 0.1532206 0.1520797 0.1524829 0.1523645 0.1558986 0.1580909 0.1575373 0.1565377 0.1746649 0.1425250 0.1476123 0.1758665 0.1770392 0.2191513 0.1901994 0.1772095 0.1727722 0.1873811 0.4727698 0.4615243 0.1578759 0.1551134 0.1757280 
XM_013069186_2_PREDICTED_Heterocephalus_glaber_REV3_like_DNA_directed_polymerase_zeta_catalytic_subunit_Rev3l_transcript_variant_X1_mRNA_1                 0.1147627 0.2040463 0.2301431 0.1132457 0.1333311 0.1252469 0.1159510 0.1237311 0.1693734 0.1137922 0.1226859 0.1192844 0.1213899 0.1337258 0.1300008 0.1658338 0.0000000 0.1375355 0.1171089 0.1221955 0.2595213 0.2745420 0.2715457 0.2627935 0.1567331 0.1601652 0.1244861 0.2048262 0.1175113 0.1528855 0.2102581 0.1764923 0.1747183 0.2265102 0.2019953 0.2264496 0.2019568 0.1803474 0.1772999 0.1794599 0.0643213 0.0728930 0.0416115 0.1133785 0.1172027 0.1181317 0.1134311 0.1230413 0.1253182 0.1248690 0.1261821 0.1245771 0.1234468 0.1241650 0.1255123 0.1197405 0.1210562 0.1232526 0.1182091 0.1240075 0.1316395 0.1277333 0.1256653 0.1202170 0.1184983 0.1208351 0.1205719 0.1193718 0.1208187 0.1197479 0.1191766 0.1321993 0.1357005 0.1333311 0.1340079 0.1334294 0.1360740 0.1366409 0.1382890 0.1406766 0.1227057 0.1250405 0.1254207 0.1258382 0.1236041 0.1213139 0.1247941 0.1235137 0.1205645 0.1233486 0.1224647 0.1235861 0.1205274 0.1209020 0.1194516 0.1207852 0.1841227 0.1582315 0.1570326 0.1458535 0.1221851 0.1253821 0.1245213 0.1340076 0.1407006 0.1315698 0.1309142 0.1327162 0.1354115 0.1407771 0.1358441 0.1376623 0.1384898 0.1342807 0.1312346 0.1170759 0.1950780 0.1176001 0.2048245 0.1183304 0.1146482 0.1142489 0.1150772 0.1154336 0.1141334 0.1147833 0.1148827 0.1162636 0.1163035 0.1154728 0.1132262 0.1116748 0.1120378 0.1211048 0.1187373 0.1182154 0.1184300 0.1315598 0.1018096 0.1035867 0.1323410 0.1377823 0.1879054 0.1503138 0.1342056 0.1387518 0.1461400 0.4324974 0.4243064 0.1206575 0.1123523 0.1357220 
XM_008852401_2_PREDICTED_Nannospalax_galili_REV3_like_DNA_directed_polymerase_zeta_catalytic_subunit_Rev3l_transcript_variant_X1_mRNA_1                    0.1185188 0.1437065 0.1747056 0.1216887 0.1479170 0.1353875 0.1188918 0.1354991 0.1130463 0.1222540 0.1332302 0.1318395 0.1349328 0.1434647 0.1383910 0.1107684 0.1375355 0.0000000 0.1289267 0.1285810 0.2773404 0.2896762 0.2916216 0.2843414 0.1617754 0.1654114 0.1315309 0.1466944 0.1177074 0.1483666 0.1464883 0.1235547 0.1392792 0.1690139 0.1398814 0.1649175 0.1388113 0.1278568 0.1157788 0.1179480 0.1448445 0.1512416 0.1374576 0.1158325 0.1206769 0.1198488 0.1166693 0.1361409 0.1376904 0.1366165 0.1367288 0.1359304 0.1365188 0.1367155 0.1351315 0.1321911 0.1308642 0.1335769 0.1290410 0.1365889 0.1434510 0.1384851 0.1359962 0.1321486 0.1314726 0.1328963 0.1326233 0.1293967 0.1303145 0.1307207 0.1304778 0.1468011 0.1488190 0.1479170 0.1476142 0.1458534 0.1494326 0.1504583 0.1503507 0.1545370 0.1316607 0.1347048 0.1344083 0.1349916 0.1328516 0.1311847 0.1335485 0.1320608 0.1309812 0.1325417 0.1321135 0.1322982 0.1306555 0.1298377 0.1289077 0.1314417 0.1904695 0.1670953 0.1624912 0.1606484 0.1354952 0.1377666 0.1385030 0.1446137 0.1513033 0.1372532 0.1392587 0.1419821 0.1410958 0.1465810 0.1415889 0.1470156 0.1494864 0.1444665 0.1403175 0.1299342 0.2062892 0.1247342 0.2162319 0.1267295 0.1220753 0.1220820 0.1231859 0.1223710 0.1224939 0.1236266 0.1235741 0.1258207 0.1213787 0.1194288 0.1206853 0.1201789 0.1194634 0.1274728 0.1255543 0.1273698 0.1226437 0.1498281 0.1099023 0.1121722 0.1420162 0.1494468 0.1946531 0.1591183 0.1440529 0.1483732 0.1535089 0.4394149 0.4275455 0.1282450 0.1246697 0.1433066 
XM_023650934_1_PREDICTED_Equus_caballus_REV3_like_DNA_directed_polymerase_zeta_catalytic_subunit_REV3L_transcript_variant_X1_mRNA_1                        0.0834053 0.1929321 0.2253342 0.0833999 0.0847626 0.0690142 0.0835998 0.0712556 0.1605057 0.0838951 0.0697628 0.0623973 0.0670410 0.0788613 0.1013308 0.1599142 0.1171089 0.1289267 0.0000000 0.0939473 0.2342769 0.2374805 0.2372821 0.2340209 0.1323571 0.1355981 0.1046404 0.1974576 0.1069616 0.1438780 0.1996259 0.1685719 0.1658242 0.2212811 0.1911791 0.2165254 0.1930862 0.1770101 0.1618439 0.1649802 0.1265359 0.1374478 0.1236931 0.1016101 0.1052542 0.1056831 0.1024437 0.0666201 0.0678218 0.0667247 0.0674248 0.0669813 0.0671140 0.0673229 0.0687960 0.0640312 0.0673690 0.0695748 0.0608933 0.0694022 0.0749298 0.0726663 0.0708798 0.0640115 0.0623244 0.0638055 0.0635812 0.0607850 0.0620619 0.0613838 0.0615000 0.0799257 0.0867745 0.0847626 0.0839266 0.0843972 0.0854529 0.0854083 0.0880004 0.0902210 0.0707086 0.0717511 0.0720387 0.0715392 0.0667441 0.0654972 0.0677110 0.0669170 0.0655776 0.0659375 0.0671797 0.0667368 0.0646287 0.0653480 0.0629769 0.0645548 0.1300940 0.1084175 0.1044038 0.0949395 0.0672566 0.0669440 0.0663919 0.0778554 0.0789941 0.0757184 0.0719019 0.0758921 0.0756427 0.0897986 0.0808963 0.0817754 0.0820064 0.0796580 0.0719648 0.0023799 0.1421154 0.0858959 0.1489975 0.0881347 0.0837838 0.0846809 0.0852878 0.0860657 0.0851645 0.0858827 0.0863486 0.0874098 0.0863736 0.0831433 0.0835077 0.0846807 0.0851713 0.0942187 0.0923180 0.0925444 0.0880650 0.1092412 0.0770647 0.0759028 0.1046104 0.1057237 0.1460960 0.1070294 0.0969737 0.0980931 0.1042814 0.3993397 0.3910714 0.0660836 0.0419961 0.0928927 
XM_035296530_1_PREDICTED_Callithrix_jacchus_REV3_like_DNA_directed_polymerase_zeta_catalytic_subunit_REV3L_transcript_variant_X1_mRNA_1                    0.0376475 0.1940287 0.2226249 0.0367888 0.1084159 0.0989942 0.0380397 0.0976644 0.1617096 0.0372121 0.0991740 0.0931196 0.0964685 0.1071758 0.1013374 0.1596903 0.1221955 0.1285810 0.0939473 0.0000000 0.2453045 0.2539992 0.2524729 0.2494936 0.1338230 0.1388545 0.1003841 0.1991689 0.1113068 0.1403789 0.2010012 0.1703807 0.1621105 0.2176869 0.1943925 0.2230232 0.1969778 0.1771866 0.1708239 0.1714991 0.1270083 0.1328604 0.1255566 0.1039500 0.1079062 0.1092857 0.1042975 0.0985568 0.1003941 0.0992073 0.1004728 0.0997535 0.0991408 0.0993363 0.0987602 0.0951976 0.0970351 0.0979826 0.0924635 0.1000148 0.1056644 0.1022341 0.1005675 0.0946885 0.0932713 0.0932061 0.0934387 0.0929454 0.0943110 0.0928742 0.0934847 0.1061729 0.1098323 0.1084159 0.1082732 0.1084419 0.1083589 0.1116513 0.1132097 0.1150472 0.0944737 0.0968280 0.0971574 0.0968609 0.0940946 0.0908598 0.0961245 0.0921043 0.0920936 0.0924446 0.0935757 0.0940827 0.0917663 0.0925641 0.0910673 0.0911478 0.1566253 0.1316410 0.1300015 0.1177021 0.0964389 0.0991029 0.0972198 0.1086573 0.1099109 0.1049544 0.1034017 0.1034481 0.1064186 0.1169006 0.1099605 0.1105074 0.1112346 0.1079895 0.1016446 0.0932254 0.1749181 0.0856402 0.1821907 0.0411578 0.0384177 0.0375596 0.0380486 0.0387012 0.0383042 0.0395652 0.0395437 0.0412755 0.0383460 0.0376358 0.0369542 0.0356252 0.0365353 0.0217395 0.0205022 0.0203100 0.0182163 0.0988980 0.0662621 0.0703163 0.0946491 0.1190722 0.1531817 0.1224448 0.1113750 0.1079516 0.1193236 0.4138000 0.3974804 0.0975838 0.0865940 0.1073357 
XM_007484437_2_PREDICTED_Monodelphis_domestica_REV3_like_DNA_directed_polymerase_zeta_catalytic_subunit_REV3L_transcript_variant_X1_mRNA_1                 0.2389482 0.3564350 0.3779109 0.2361595 0.2531626 0.2437986 0.2396096 0.2337529 0.3130659 0.2366323 0.2366450 0.2355279 0.2442064 0.2516961 0.2489046 0.3086772 0.2595213 0.2773404 0.2342769 0.2453045 0.0000000 0.0777131 0.0702300 0.0664390 0.2779591 0.2850681 0.2563091 0.3562382 0.2576382 0.2945206 0.3615433 0.3130305 0.3203771 0.3742965 0.3393517 0.3785858 0.3428290 0.3263869 0.3118000 0.3147754 0.2746077 0.2810730 0.2654721 0.2487813 0.2500824 0.2513675 0.2492918 0.2329598 0.2363739 0.2345012 0.2348289 0.2344565 0.2337862 0.2334311 0.2437878 0.2389591 0.2354286 0.2364618 0.2308826 0.2358263 0.2399460 0.2469117 0.2448570 0.2382302 0.2307833 0.2340053 0.2336614 0.2346840 0.2351212 0.2347260 0.2354116 0.2477213 0.2550040 0.2531626 0.2527514 0.2535426 0.2555822 0.2561557 0.2549496 0.2571178 0.2373814 0.2365579 0.2371597 0.2358994 0.2370202 0.2331658 0.2394169 0.2369301 0.2368071 0.2382556 0.2390847 0.2372670 0.2341224 0.2347083 0.2310344 0.2334110 0.3024424 0.2743211 0.2674301 0.2564117 0.2437976 0.2428900 0.2425534 0.2506405 0.2535332 0.2455842 0.2459508 0.2509743 0.2540080 0.2560243 0.2444277 0.2524722 0.2530547 0.2506303 0.2407412 0.2349692 0.3153501 0.2452690 0.3314457 0.2448031 0.2353982 0.2394500 0.2386533 0.2378900 0.2370560 0.2410674 0.2414135 0.2414156 0.2436069 0.2390111 0.2389563 0.2385550 0.2386848 0.2460187 0.2446104 0.2433493 0.2405704 0.2598892 0.2310812 0.2348861 0.2528568 0.2439394 0.2895257 0.2407500 0.2340267 0.2360635 0.2376505 0.3367164 0.3322769 0.2329149 0.2283186 0.2361795 
XM_031964400_1_PREDICTED_Sarcophilus_harrisii_REV3_like_DNA_directed_polymerase_zeta_catalytic_subunit_REV3L_transcript_variant_X1_mRNA_1                  0.2450214 0.3714034 0.3962881 0.2428614 0.2511447 0.2451129 0.2453510 0.2383734 0.3238262 0.2436506 0.2422556 0.2405612 0.2439171 0.2563897 0.2537579 0.3237550 0.2745420 0.2896762 0.2374805 0.2539992 0.0777131 0.0000000 0.0627347 0.0582645 0.2877610 0.2952093 0.2609265 0.3708832 0.2625139 0.2993746 0.3710939 0.3231445 0.3258956 0.3934539 0.3552966 0.3947219 0.3605525 0.3388571 0.3265053 0.3301619 0.2873202 0.2938308 0.2822686 0.2580662 0.2624952 0.2634875 0.2586492 0.2413992 0.2458369 0.2416388 0.2443384 0.2436567 0.2422455 0.2418819 0.2451683 0.2447920 0.2429753 0.2415302 0.2375191 0.2437111 0.2451293 0.2479651 0.2456331 0.2440577 0.2360084 0.2392630 0.2389165 0.2404233 0.2408588 0.2404593 0.2422350 0.2492849 0.2527857 0.2511447 0.2511074 0.2509682 0.2546934 0.2567214 0.2549171 0.2567387 0.2400744 0.2420960 0.2427091 0.2408656 0.2390021 0.2360131 0.2380039 0.2374239 0.2374030 0.2372650 0.2392817 0.2389471 0.2338242 0.2350766 0.2325762 0.2352426 0.3041516 0.2790450 0.2701641 0.2622658 0.2435075 0.2434232 0.2471076 0.2566093 0.2575815 0.2527988 0.2531334 0.2513234 0.2572533 0.2623995 0.2522284 0.2570684 0.2580804 0.2549274 0.2426149 0.2368605 0.3224603 0.2521847 0.3355528 0.2492247 0.2413775 0.2452676 0.2447182 0.2446499 0.2436714 0.2434692 0.2447773 0.2447446 0.2490915 0.2447489 0.2470036 0.2468760 0.2473693 0.2555141 0.2537481 0.2523806 0.2494000 0.2694143 0.2359634 0.2390502 0.2562008 0.2491364 0.2955506 0.2499449 0.2432113 0.2334293 0.2458535 0.3406885 0.3331890 0.2407983 0.2311598 0.2412834 
XM_036766364_1_PREDICTED_Trichosurus_vulpecula_REV3_like_DNA_directed_polymerase_zeta_catalytic_subunit_REV3L_transcript_variant_X1_mRNA_1                 0.2425544 0.3650792 0.3852788 0.2398807 0.2538255 0.2401568 0.2432156 0.2361813 0.3257994 0.2406614 0.2366927 0.2345953 0.2449028 0.2544800 0.2491022 0.3224821 0.2715457 0.2916216 0.2372821 0.2524729 0.0702300 0.0627347 0.0000000 0.0467760 0.2864441 0.2991070 0.2571220 0.3644444 0.2599875 0.3005961 0.3640104 0.3227871 0.3232154 0.3828414 0.3491397 0.3917565 0.3520273 0.3341307 0.3285943 0.3300760 0.2810439 0.2891067 0.2741410 0.2538397 0.2567863 0.2550823 0.2536566 0.2381906 0.2425716 0.2387451 0.2417614 0.2407757 0.2383697 0.2393045 0.2398464 0.2394030 0.2357822 0.2356877 0.2301336 0.2402410 0.2444268 0.2436047 0.2415263 0.2393488 0.2290964 0.2322802 0.2319402 0.2336252 0.2340591 0.2336680 0.2337901 0.2489091 0.2560420 0.2538255 0.2534156 0.2541537 0.2566370 0.2554121 0.2530945 0.2557040 0.2366649 0.2379962 0.2385989 0.2367776 0.2392237 0.2384335 0.2406832 0.2390770 0.2383014 0.2392721 0.2404540 0.2391689 0.2347107 0.2359613 0.2340264 0.2369920 0.3120746 0.2797012 0.2708714 0.2623178 0.2444953 0.2430328 0.2479043 0.2537457 0.2551632 0.2527658 0.2515919 0.2540061 0.2566361 0.2584575 0.2492713 0.2548413 0.2560727 0.2538467 0.2445817 0.2373193 0.3152490 0.2456303 0.3285836 0.2460723 0.2393580 0.2419065 0.2420098 0.2409738 0.2410912 0.2413997 0.2437423 0.2420648 0.2475944 0.2426179 0.2432266 0.2433502 0.2448781 0.2510502 0.2497707 0.2484360 0.2481255 0.2631683 0.2328296 0.2386791 0.2534205 0.2435653 0.2931051 0.2453501 0.2407141 0.2396772 0.2467714 0.3408536 0.3342738 0.2329895 0.2281837 0.2364711 
