152
NM_011264_3_Mus_musculus_REV3_like_DNA_directed_polymerase_zeta_catalytic_subunit_Rev3l_mRNA_1                                                             0.0000000 0.1646689 0.1788882 0.1842109 0.1615602 0.1868460 0.1017304 0.1844786 0.1783541 0.1617410 0.1756277 0.1826806 0.1778197 0.0908955 0.1958937 0.1330613 0.1707708 0.3321904 0.1645183 0.1731743 0.3218670 0.2031317 0.1823727 0.1613918 0.1001023 0.3152420 0.1076488 0.0187534 0.3230806 0.1925651 0.0327977 0.0556191 0.0686004 0.1809272 0.0871140 0.1050346 0.2107736 0.0547961 0.1966480 0.1845878 0.1747962 0.1710837 0.1043695 0.1749228 0.1754989 0.1824236 0.1247247 0.1694069 0.1741477 0.1748910 0.1785487 0.1751447 0.1742604 0.1745188 0.1775425 0.1780694 0.1822277 0.1844794 0.1825023 0.1787257 0.1855099 0.1813586 0.1791823 0.1755481 0.1788358 0.1803624 0.1805350 0.1867499 0.1864945 0.1870830 0.1895935 0.1850472 0.1868149 0.1825780 0.1756029 0.1749335 0.1756792 0.1787206 0.1764224 0.1888558 0.1873735 0.1790166 0.1886632 0.1785568 0.1808108 0.1806901 0.1805904 0.1806062 0.1793229 0.1822174 0.1799685 0.1791487 0.2328252 0.1789913 0.2067935 0.1961710 0.1787145 0.2257471 0.1793387 0.1963925 0.1991012 0.1850427 0.1832560 0.1865207 0.1946463 0.1788255 0.1834068 0.1806045 0.1794452 0.1964031 0.2055357 0.1984997 0.1932900 0.1941452 0.1727404 0.1738352 0.2505634 0.2736571 0.1650145 0.1660395 0.1649492 0.1647838 0.1625046 0.1668943 0.1630862 0.1622293 0.1821918 0.1646715 0.1619256 0.1640497 0.1624795 0.1622619 0.1618370 0.1785082 0.1677820 0.1702690 0.1667972 0.1948966 0.1584391 0.1613436 0.1855791 0.1848501 0.2296786 0.2004327 0.1876795 0.1870412 0.2005174 0.4392110 0.4334814 0.1794585 0.1731940 0.1816572 
XM_028847034_1_PREDICTED_Macaca_mulatta_REV3_like_DNA_directed_polymerase_zeta_catalytic_subunit_REV3L_transcript_variant_X1_mRNA_1                        0.1646689 0.0000000 0.0808624 0.0848872 0.0193493 0.0930796 0.1431314 0.0866875 0.0823084 0.0192258 0.0780648 0.0849343 0.1014427 0.1893475 0.0948233 0.1173645 0.0343083 0.2339232 0.0007484 0.0790265 0.2257390 0.1205283 0.0907054 0.0912604 0.1418188 0.2247080 0.1480401 0.1888721 0.2286665 0.1226799 0.1650338 0.1661040 0.1929836 0.1411269 0.1875638 0.1465332 0.1303846 0.1661686 0.1198032 0.1072085 0.0918100 0.0902920 0.1450353 0.0910090 0.0812493 0.1089781 0.1689148 0.0881833 0.0803871 0.0811249 0.0808624 0.0789702 0.0809414 0.0805919 0.0765693 0.0822124 0.0847293 0.0877709 0.0832145 0.0827178 0.0877726 0.0832805 0.0817749 0.0752225 0.0774396 0.0778006 0.0783388 0.0940509 0.0935603 0.0932479 0.0947221 0.0923414 0.0926093 0.0794726 0.0757647 0.0793572 0.0804529 0.0821254 0.0752073 0.0976315 0.0945266 0.0789866 0.0966259 0.0817210 0.0806258 0.0809691 0.0805529 0.0810057 0.0804121 0.0840983 0.0813586 0.0794928 0.1387543 0.0793882 0.1082854 0.0945293 0.0822835 0.1217687 0.0793121 0.0975396 0.1011343 0.0895406 0.0849605 0.0881912 0.0956855 0.0823604 0.0881259 0.0808856 0.0786921 0.0997330 0.1061220 0.0983423 0.0929340 0.0927019 0.0751535 0.0790404 0.1604377 0.1805307 0.0041947 0.0045230 0.0054941 0.0018248 0.0095478 0.0136163 0.0195954 0.0091093 0.0851963 0.0105592 0.0191142 0.0041973 0.0185379 0.0194777 0.0200903 0.0351843 0.0332794 0.0334715 0.0317313 0.0963379 0.0557610 0.0590673 0.0785611 0.0968816 0.1370859 0.1042451 0.0919234 0.0915345 0.1075516 0.3510280 0.3463481 0.0833524 0.0721376 0.0861604 
XM_014118216_3_PREDICTED_Canis_lupus_familiaris_REV3_like_DNA_directed_polymerase_zeta_catalytic_subunit_REV3L_transcript_variant_X1_mRNA_1                0.1788882 0.0808624 0.0000000 0.0741247 0.0805095 0.0832047 0.1568999 0.0449317 0.0699741 0.0808617 0.0365929 0.1016588 0.1140252 0.2060850 0.0844678 0.1274261 0.0889952 0.2356957 0.0810043 0.0701036 0.2246993 0.1401689 0.1084745 0.1038406 0.1566128 0.2260775 0.1627340 0.2074164 0.2317504 0.1364539 0.1821562 0.1784792 0.2100032 0.1512287 0.2038008 0.1527542 0.1490607 0.1780977 0.1317504 0.1202946 0.1035214 0.1022409 0.1533571 0.1044654 0.0432270 0.1198603 0.1856251 0.0998727 0.0423239 0.0423455 0.0002128 0.0374696 0.0427027 0.0424854 0.0344859 0.0424332 0.0436442 0.0452856 0.0458399 0.0418891 0.0515319 0.0059152 0.0051550 0.0326680 0.0356623 0.0362961 0.0366551 0.0833626 0.0833954 0.0833660 0.0836533 0.0826012 0.0828884 0.0356975 0.0330412 0.0378199 0.0692393 0.0704781 0.0331332 0.0882771 0.0845937 0.0675752 0.0855136 0.0700854 0.0689228 0.0688547 0.0690438 0.0687382 0.0680659 0.0709616 0.0691323 0.0665488 0.1338974 0.0667869 0.0991103 0.0881551 0.0703486 0.1120099 0.0676993 0.0851354 0.0894421 0.0771453 0.0714761 0.0772931 0.0839485 0.0716477 0.0756307 0.0693033 0.0663768 0.0884442 0.0943747 0.0873343 0.0827996 0.0819761 0.0884876 0.0698562 0.1491535 0.1657959 0.0821131 0.0824133 0.0820617 0.0811593 0.0816747 0.0865973 0.0817899 0.0814417 0.0724703 0.0820811 0.0810071 0.0816248 0.0791835 0.0817809 0.0813075 0.0917549 0.0859127 0.0862271 0.0853686 0.1184510 0.0769745 0.0789739 0.1019257 0.0965502 0.1401589 0.1076986 0.0943162 0.0933879 0.1081018 0.3532614 0.3468352 0.0421949 0.0607209 0.0888156 
XM_021091238_1_PREDICTED_Sus_scrofa_REV3_like_DNA_directed_polymerase_zeta_catalytic_subunit_REV3L_transcript_variant_X1_mRNA_1                            0.1842109 0.0848872 0.0741247 0.0000000 0.0826621 0.0639386 0.1603679 0.0789552 0.0756968 0.0830733 0.0716534 0.0990223 0.1163990 0.2092421 0.0879291 0.1321490 0.0908360 0.2364298 0.0850312 0.0731888 0.2253732 0.1383783 0.1085427 0.1068359 0.1600931 0.2251801 0.1663125 0.2097296 0.2283658 0.1392516 0.1851884 0.1829769 0.2118446 0.1540626 0.2075774 0.1605309 0.1464368 0.1833281 0.1354933 0.1224346 0.1081916 0.1055880 0.1592682 0.1069746 0.0738155 0.1254487 0.1893037 0.1038285 0.0737641 0.0736939 0.0742534 0.0728444 0.0739232 0.0742372 0.0666682 0.0748181 0.0773751 0.0795093 0.0771744 0.0750424 0.0797484 0.0763793 0.0750252 0.0675720 0.0677383 0.0694185 0.0695508 0.0636416 0.0643257 0.0640867 0.0646170 0.0629958 0.0638793 0.0708689 0.0683971 0.0732266 0.0607401 0.0615939 0.0678617 0.0679020 0.0651942 0.0479615 0.0658782 0.0614676 0.0508151 0.0504615 0.0507097 0.0497976 0.0497964 0.0625892 0.0501089 0.0475407 0.1404310 0.0493122 0.1039244 0.0947574 0.0755407 0.1181398 0.0487228 0.0896400 0.0938704 0.0827877 0.0760754 0.0822372 0.0872434 0.0756358 0.0818235 0.0500437 0.0490846 0.0931855 0.0998952 0.0912358 0.0865168 0.0851986 0.0925316 0.0733665 0.1519614 0.1694893 0.0861671 0.0862683 0.0856556 0.0851686 0.0866243 0.0907355 0.0845401 0.0865079 0.0781650 0.0873774 0.0832202 0.0853300 0.0838870 0.0850232 0.0843887 0.0942171 0.0879549 0.0888708 0.0882655 0.1188764 0.0814369 0.0828449 0.1042828 0.1002316 0.1418799 0.1092082 0.0984318 0.1002676 0.1089364 0.3594170 0.3528310 0.0756989 0.0653758 0.0947573 
NM_001372078_1_Homo_sapiens_REV3_like_DNA_directed_polymerase_zeta_catalytic_subunit_REV3L_transcript_variant_4_mRNA_1                                     0.1615602 0.0193493 0.0805095 0.0826621 0.0000000 0.0902536 0.1403412 0.0857735 0.0821923 0.0026818 0.0780044 0.0856714 0.1009657 0.1879066 0.0937141 0.1135317 0.0333185 0.2338500 0.0194643 0.0777692 0.2264255 0.1169036 0.0873204 0.0915714 0.1400184 0.2232550 0.1479609 0.1854692 0.2303606 0.1225872 0.1623332 0.1624852 0.1906038 0.1364849 0.1853518 0.1444519 0.1276850 0.1625165 0.1190356 0.1058320 0.0905834 0.0888050 0.1429900 0.0904999 0.0800615 0.1083451 0.1653077 0.0875438 0.0793335 0.0798107 0.0805095 0.0784481 0.0797552 0.0791364 0.0757967 0.0807097 0.0843401 0.0865535 0.0829811 0.0814922 0.0872233 0.0827620 0.0809898 0.0753606 0.0774004 0.0774911 0.0780287 0.0921205 0.0903896 0.0904198 0.0911689 0.0891722 0.0891883 0.0791996 0.0751359 0.0785639 0.0779685 0.0789684 0.0753961 0.0957642 0.0922806 0.0763643 0.0934402 0.0785670 0.0776571 0.0783202 0.0781878 0.0780348 0.0774476 0.0802301 0.0783822 0.0767211 0.1396626 0.0766989 0.1074833 0.0951730 0.0824653 0.1194463 0.0767072 0.0968035 0.1006951 0.0889191 0.0846366 0.0858821 0.0943033 0.0820860 0.0881231 0.0779152 0.0760583 0.0995013 0.1049310 0.0973698 0.0915721 0.0919375 0.0740981 0.0780808 0.1624582 0.1813983 0.0207251 0.0207314 0.0203706 0.0191515 0.0209628 0.0247657 0.0053887 0.0205092 0.0829499 0.0227242 0.0030060 0.0200416 0.0109781 0.0131228 0.0137091 0.0352843 0.0323901 0.0326041 0.0308754 0.0964413 0.0541159 0.0573364 0.0776052 0.0967227 0.1343966 0.1042911 0.0922230 0.0913385 0.1063108 0.3511879 0.3446867 0.0830702 0.0711644 0.0859878 
XM_024996589_1_PREDICTED_Bos_taurus_REV3_like_DNA_directed_polymerase_zeta_catalytic_subunit_REV3L_transcript_variant_X1_mRNA_1                            0.1868460 0.0930796 0.0832047 0.0639386 0.0902536 0.0000000 0.1672691 0.0871972 0.0834376 0.0896296 0.0807827 0.1089833 0.1230306 0.2137976 0.0979034 0.1405394 0.0959878 0.2431401 0.0932268 0.0806544 0.2362264 0.1441476 0.1132624 0.1125496 0.1661308 0.2344682 0.1720235 0.2113019 0.2372589 0.1433622 0.1884152 0.1858864 0.2191792 0.1579459 0.2125062 0.1653468 0.1534212 0.1867199 0.1405347 0.1288641 0.1133889 0.1102100 0.1645966 0.1127847 0.0826078 0.1299039 0.1931314 0.1095757 0.0821438 0.0818093 0.0833356 0.0812435 0.0816257 0.0819480 0.0766633 0.0834499 0.0851651 0.0870240 0.0831771 0.0838400 0.0889477 0.0853652 0.0838122 0.0765700 0.0778101 0.0794167 0.0792812 0.0243244 0.0020304 0.0001057 0.0015351 0.0001061 0.0089728 0.0807689 0.0770075 0.0808177 0.0657285 0.0675937 0.0761196 0.0219954 0.0191863 0.0503058 0.0212188 0.0672057 0.0529843 0.0524432 0.0525994 0.0523216 0.0521805 0.0692241 0.0521074 0.0500971 0.1462001 0.0508377 0.1125675 0.1006682 0.0836803 0.1254224 0.0504420 0.0971391 0.0995133 0.0907278 0.0833047 0.0906468 0.0957934 0.0832870 0.0877399 0.0527080 0.0505680 0.0997507 0.1073380 0.0995353 0.0939242 0.0950963 0.0993154 0.0812387 0.1628886 0.1813447 0.0942473 0.0949739 0.0939052 0.0935686 0.0947839 0.0986306 0.0920142 0.0948021 0.0855942 0.0952840 0.0897794 0.0938770 0.0909043 0.0916575 0.0911832 0.1012744 0.0950711 0.0963374 0.0927330 0.1288102 0.0855981 0.0870438 0.1089610 0.1079417 0.1471564 0.1158977 0.1048322 0.1065244 0.1150524 0.3566536 0.3534581 0.0839728 0.0735277 0.0997876 
XM_040758199_1_PREDICTED_Mesocricetus_auratus_REV3_like_DNA_directed_polymerase_zeta_catalytic_subunit_Rev3l_transcript_variant_X1_mRNA_1                  0.1017304 0.1431314 0.1568999 0.1603679 0.1403412 0.1672691 0.0000000 0.1603342 0.1562045 0.1402193 0.1517748 0.1584323 0.1535036 0.1265959 0.1743857 0.1115511 0.1465993 0.3081902 0.1429862 0.1516184 0.3073221 0.1871782 0.1545927 0.1370906 0.0334867 0.2994757 0.0731754 0.1105267 0.3046700 0.1673049 0.1003348 0.1017080 0.1166205 0.1539164 0.1236777 0.0668277 0.1962092 0.0990885 0.1577594 0.1606949 0.1501821 0.1468858 0.0660370 0.1503865 0.1546692 0.1627000 0.0793649 0.1451976 0.1522541 0.1537686 0.1568999 0.1515206 0.1544445 0.1539016 0.1525290 0.1573329 0.1580431 0.1610759 0.1581776 0.1574663 0.1623093 0.1587739 0.1574339 0.1507736 0.1543294 0.1550991 0.1552629 0.1676230 0.1667568 0.1674921 0.1701572 0.1657489 0.1676793 0.1556232 0.1510676 0.1513223 0.1552080 0.1575410 0.1516739 0.1710364 0.1674050 0.1552281 0.1696686 0.1567302 0.1580912 0.1577626 0.1576838 0.1573214 0.1568113 0.1612501 0.1576494 0.1558950 0.2132298 0.1555856 0.1840165 0.1717112 0.1553978 0.1985931 0.1566792 0.1596125 0.1606857 0.1644021 0.1598573 0.1631546 0.1708723 0.1560556 0.1616324 0.1582487 0.1556817 0.1758685 0.1774019 0.1781788 0.1719313 0.1728550 0.1503498 0.1526166 0.2363276 0.2534132 0.1436177 0.1441288 0.1427567 0.1433725 0.1437589 0.1487334 0.1422174 0.1444234 0.1576394 0.1451086 0.1407074 0.1436369 0.1414890 0.1413939 0.1413782 0.1486701 0.1424935 0.1462917 0.1439612 0.1769114 0.1345706 0.1385739 0.1609638 0.1668265 0.2096061 0.1771352 0.1664937 0.1627371 0.1802587 0.4308031 0.4183936 0.1559646 0.1481126 0.1613399 
XM_004753515_2_PREDICTED_Mustela_putorius_furo_REV3_like_polymerase_DNA_directed_zeta_catalytic_subunit_REV3L_transcript_variant_X1_mRNA_1                 0.1844786 0.0866875 0.0449317 0.0789552 0.0857735 0.0871972 0.1603342 0.0000000 0.0724927 0.0861281 0.0366967 0.1056367 0.1179222 0.2081665 0.0897206 0.1287956 0.0942447 0.2346180 0.0868323 0.0751407 0.2271482 0.1384841 0.1085718 0.1069479 0.1581901 0.2277515 0.1644113 0.2066806 0.2298963 0.1410102 0.1853158 0.1830230 0.2113974 0.1552668 0.2057369 0.1566880 0.1476359 0.1837685 0.1329781 0.1244404 0.1079125 0.1048923 0.1573959 0.1075281 0.0488886 0.1233876 0.1885033 0.1036976 0.0479781 0.0482509 0.0451758 0.0379363 0.0486134 0.0481474 0.0337646 0.0489254 0.0143063 0.0045116 0.0507845 0.0491259 0.0548152 0.0465210 0.0449129 0.0333771 0.0351778 0.0366612 0.0370206 0.0852574 0.0875346 0.0873613 0.0887910 0.0866026 0.0860278 0.0350590 0.0341093 0.0382868 0.0733840 0.0753151 0.0333707 0.0909335 0.0876452 0.0717620 0.0877409 0.0749172 0.0736863 0.0741382 0.0745996 0.0744429 0.0738691 0.0769308 0.0740308 0.0713733 0.1369713 0.0725790 0.1027163 0.0926402 0.0720739 0.1185768 0.0715237 0.0887799 0.0920830 0.0811571 0.0734888 0.0783355 0.0865196 0.0740430 0.0794283 0.0735160 0.0718973 0.0916621 0.0976382 0.0926139 0.0872984 0.0867078 0.0961432 0.0751584 0.1482092 0.1642245 0.0880964 0.0882560 0.0870951 0.0872776 0.0884929 0.0930284 0.0876323 0.0886588 0.0766443 0.0886922 0.0862764 0.0874701 0.0849715 0.0877367 0.0872367 0.0954205 0.0915023 0.0922721 0.0906417 0.1219235 0.0806147 0.0827418 0.1075409 0.1011421 0.1411842 0.1111796 0.0963334 0.0980853 0.1117071 0.3562750 0.3534057 0.0126379 0.0656925 0.0916017 
XM_015600069_2_PREDICTED_Pteropus_alecto_REV3_like_DNA_directed_polymerase_zeta_catalytic_subunit_REV3L_transcript_variant_X1_mRNA_1                       0.1783541 0.0823084 0.0699741 0.0756968 0.0821923 0.0834376 0.1562045 0.0724927 0.0000000 0.0817282 0.0658187 0.1003925 0.1130893 0.2049336 0.0731442 0.1292291 0.0888758 0.2355014 0.0824513 0.0681436 0.2291021 0.1416582 0.1065870 0.1049097 0.1563995 0.2285662 0.1599572 0.2029378 0.2313041 0.1377643 0.1793628 0.1787362 0.2070276 0.1548608 0.2025112 0.1546414 0.1507186 0.1776096 0.1332893 0.1203514 0.1039650 0.1022746 0.1551077 0.1035685 0.0694329 0.1213440 0.1825901 0.1003277 0.0676758 0.0686571 0.0699741 0.0675835 0.0687471 0.0683697 0.0626094 0.0698453 0.0727486 0.0732506 0.0711382 0.0698211 0.0761389 0.0721953 0.0704320 0.0619904 0.0629588 0.0643607 0.0642300 0.0814350 0.0841752 0.0835992 0.0845852 0.0823820 0.0826844 0.0663246 0.0635920 0.0677092 0.0711367 0.0721249 0.0619782 0.0859166 0.0823766 0.0667343 0.0838313 0.0717304 0.0672172 0.0672756 0.0678702 0.0675767 0.0670262 0.0735982 0.0672351 0.0667824 0.1364587 0.0659971 0.0996174 0.0868460 0.0031143 0.1128037 0.0651429 0.0755865 0.0786640 0.0692620 0.0530491 0.0677843 0.0654680 0.0205148 0.0685093 0.0673151 0.0653260 0.0760277 0.0811995 0.0752655 0.0702919 0.0700815 0.0912855 0.0684139 0.1536459 0.1691743 0.0834078 0.0843889 0.0835142 0.0834585 0.0838143 0.0888302 0.0834832 0.0838451 0.0611496 0.0848296 0.0817341 0.0833242 0.0814257 0.0828130 0.0828723 0.0936339 0.0885384 0.0883892 0.0859099 0.1234473 0.0757366 0.0763035 0.0994264 0.0959021 0.1365556 0.1083792 0.0940776 0.0937661 0.1084995 0.3569003 0.3536832 0.0702407 0.0604170 0.0880850 
XM_016956167_2_PREDICTED_Pan_troglodytes_REV3_like_DNA_directed_polymerase_zeta_catalytic_subunit_REV3L_transcript_variant_X1_mRNA_1                       0.1617410 0.0192258 0.0808617 0.0830733 0.0026818 0.0896296 0.1402193 0.0861281 0.0817282 0.0000000 0.0780876 0.0851140 0.1004688 0.1878631 0.0934991 0.1126579 0.0329440 0.2330474 0.0193407 0.0769530 0.2258308 0.1167623 0.0864399 0.0908912 0.1397224 0.2230699 0.1475524 0.1855646 0.2297588 0.1219774 0.1620583 0.1618380 0.1896695 0.1366767 0.1858019 0.1437286 0.1281583 0.1626977 0.1187898 0.1053111 0.0902724 0.0891211 0.1426931 0.0904970 0.0804692 0.1076877 0.1651797 0.0875800 0.0797402 0.0802182 0.0808617 0.0788513 0.0801625 0.0795433 0.0764666 0.0811293 0.0849938 0.0869080 0.0835369 0.0819124 0.0870246 0.0828434 0.0813418 0.0751972 0.0774823 0.0778430 0.0783807 0.0914839 0.0901036 0.0897953 0.0908745 0.0888861 0.0885662 0.0794565 0.0755372 0.0789671 0.0772476 0.0783883 0.0751821 0.0951295 0.0913727 0.0760571 0.0928720 0.0779877 0.0775463 0.0776212 0.0778091 0.0779240 0.0773368 0.0799630 0.0781374 0.0765605 0.1392846 0.0765881 0.1081319 0.0956594 0.0820008 0.1190271 0.0762779 0.0972508 0.1000633 0.0889290 0.0840410 0.0860419 0.0944502 0.0819508 0.0876712 0.0778045 0.0756297 0.0989232 0.1049992 0.0971556 0.0910180 0.0913670 0.0735534 0.0778023 0.1623012 0.1812335 0.0206003 0.0208469 0.0202462 0.0193833 0.0210785 0.0251189 0.0057150 0.0206247 0.0825066 0.0228408 0.0009620 0.0201568 0.0109727 0.0131178 0.0138139 0.0354031 0.0325116 0.0327054 0.0307412 0.0966389 0.0542474 0.0569237 0.0781704 0.0967716 0.1339237 0.1039651 0.0917776 0.0911413 0.1062598 0.3514930 0.3442985 0.0832065 0.0711119 0.0859786 
XM_034668992_1_PREDICTED_Ailuropoda_melanoleuca_REV3_like_DNA_directed_polymerase_zeta_catalytic_subunit_REV3L_transcript_variant_X1_mRNA_1                0.1756277 0.0780648 0.0365929 0.0716534 0.0780044 0.0807827 0.1517748 0.0366967 0.0658187 0.0780876 0.0000000 0.0991638 0.1107469 0.1978281 0.0825726 0.1251616 0.0858282 0.2322395 0.0784741 0.0657327 0.2243321 0.1345517 0.1059469 0.1007739 0.1504657 0.2244177 0.1593281 0.1997340 0.2289728 0.1354482 0.1754537 0.1759152 0.2028164 0.1488434 0.1963135 0.1470915 0.1436925 0.1740902 0.1271889 0.1190382 0.1009476 0.0987386 0.1487551 0.1008954 0.0412502 0.1187033 0.1808526 0.0971430 0.0401277 0.0405147 0.0365929 0.0086492 0.0411126 0.0408952 0.0273295 0.0411906 0.0349784 0.0366995 0.0433079 0.0407733 0.0487919 0.0386241 0.0366948 0.0261432 0.0282432 0.0289844 0.0295692 0.0795924 0.0809690 0.0809423 0.0817510 0.0801740 0.0801946 0.0277462 0.0258130 0.0090861 0.0671417 0.0686242 0.0261378 0.0853987 0.0812100 0.0644515 0.0822609 0.0684957 0.0671110 0.0673065 0.0674934 0.0678631 0.0667815 0.0700114 0.0673149 0.0636983 0.1321748 0.0661614 0.0955771 0.0865080 0.0663464 0.1113777 0.0647330 0.0834322 0.0863769 0.0756567 0.0672841 0.0737819 0.0786144 0.0682218 0.0744231 0.0672087 0.0654935 0.0849959 0.0906833 0.0858387 0.0807986 0.0800513 0.0869667 0.0654870 0.1430749 0.1596198 0.0795828 0.0797372 0.0788602 0.0786237 0.0799504 0.0853791 0.0793703 0.0801082 0.0702717 0.0810680 0.0785000 0.0789492 0.0773585 0.0789442 0.0784742 0.0873489 0.0830395 0.0829145 0.0818225 0.1164425 0.0747000 0.0762708 0.0987440 0.0946080 0.1358790 0.1058527 0.0913282 0.0920048 0.1068210 0.3527388 0.3492744 0.0336684 0.0573070 0.0861531 
XM_006157005_3_PREDICTED_Tupaia_chinensis_REV3_like_DNA_directed_polymerase_zeta_catalytic_subunit_REV3L_transcript_variant_X3_mRNA_1                      0.1826806 0.0849343 0.1016588 0.0990223 0.0856714 0.1089833 0.1584323 0.1056367 0.1003925 0.0851140 0.0991638 0.0000000 0.1185855 0.2104861 0.1106989 0.1315062 0.0909959 0.2486576 0.0850824 0.0960321 0.2396287 0.1394145 0.1047576 0.1085177 0.1579814 0.2392570 0.1666507 0.2081996 0.2435325 0.1340711 0.1826485 0.1808748 0.2091758 0.1556092 0.2075458 0.1608270 0.1505978 0.1815439 0.1375647 0.1207897 0.1040612 0.1034990 0.1600987 0.1059168 0.1003076 0.1251712 0.1889099 0.1018416 0.0996323 0.1009428 0.1016588 0.0999133 0.1000883 0.1001185 0.0960122 0.0995345 0.1067894 0.1068712 0.1063201 0.1007234 0.1080372 0.1035340 0.1025206 0.0961076 0.0980032 0.0991923 0.0991992 0.1102541 0.1088300 0.1091686 0.1077482 0.1078892 0.1085136 0.1021205 0.0974839 0.0997405 0.0978386 0.0999416 0.0960078 0.1137862 0.1090930 0.0964103 0.1118983 0.0995177 0.0969739 0.0981897 0.0975732 0.0977005 0.0967813 0.0999258 0.0983698 0.0960740 0.1617731 0.0959166 0.1269578 0.1165012 0.1002415 0.1326846 0.0962259 0.1156608 0.1182893 0.1068462 0.0996237 0.1067934 0.1124509 0.0998024 0.1056113 0.0970898 0.0952273 0.1215202 0.1280476 0.1129510 0.1139422 0.1119970 0.0925998 0.0967713 0.1830724 0.2026385 0.0869545 0.0871142 0.0859006 0.0850853 0.0882840 0.0921066 0.0856207 0.0870253 0.1018871 0.0874555 0.0852662 0.0862328 0.0843189 0.0853794 0.0857452 0.0974409 0.0903050 0.0908516 0.0881713 0.1178041 0.0778883 0.0799716 0.1055000 0.1112021 0.1488553 0.1210944 0.1058055 0.1086911 0.1221775 0.3712588 0.3636130 0.1038979 0.0895353 0.1031642 
XM_013069186_2_PREDICTED_Heterocephalus_glaber_REV3_like_DNA_directed_polymerase_zeta_catalytic_subunit_Rev3l_transcript_variant_X1_mRNA_1                 0.1778197 0.1014427 0.1140252 0.1163990 0.1009657 0.1230306 0.1535036 0.1179222 0.1130893 0.1004688 0.1107469 0.1185855 0.0000000 0.2040781 0.1268644 0.1271531 0.1080519 0.2588936 0.1017517 0.1105025 0.2512460 0.1478350 0.1186061 0.1048315 0.1520502 0.2470828 0.1586815 0.2027147 0.2512538 0.1375245 0.1787129 0.1781855 0.2050841 0.1508231 0.2006112 0.1555690 0.1567927 0.1759073 0.0700561 0.0413708 0.1056527 0.1044454 0.1543906 0.1073492 0.1125863 0.0619440 0.1765349 0.1021288 0.1114724 0.1124675 0.1143202 0.1118042 0.1127215 0.1132057 0.1089575 0.1144718 0.1180150 0.1189976 0.1159390 0.1139624 0.1201896 0.1153296 0.1139642 0.1089724 0.1091695 0.1109539 0.1108083 0.1243792 0.1237270 0.1232210 0.1248748 0.1223441 0.1243745 0.1136503 0.1094629 0.1125149 0.1134190 0.1151439 0.1089311 0.1274908 0.1242639 0.1119851 0.1263521 0.1152946 0.1139208 0.1143271 0.1137905 0.1148371 0.1124856 0.1173153 0.1144752 0.1117395 0.1717783 0.1122791 0.1386524 0.1258545 0.1130910 0.1519936 0.1116562 0.1286930 0.1323416 0.1214785 0.1140650 0.1198353 0.1275526 0.1149427 0.1211987 0.1141989 0.1115070 0.1302456 0.1376027 0.1299617 0.1234313 0.1235046 0.1083855 0.1115079 0.1917161 0.2109199 0.1026723 0.1037711 0.1025859 0.1016592 0.1027375 0.1069849 0.1016558 0.1026611 0.1153546 0.1033460 0.1006246 0.1023908 0.1002811 0.0991680 0.0994065 0.1123531 0.1072979 0.1071294 0.1059363 0.1344861 0.0927654 0.0941075 0.1192347 0.1253096 0.1707044 0.1369811 0.1229763 0.1252349 0.1398163 0.3808788 0.3765512 0.1161115 0.1044489 0.1188575 
XM_006256524_2_PREDICTED_Rattus_norvegicus_REV3_like_DNA_directed_polymerase_zeta_catalytic_subunit_Rev3l_transcript_variant_X1_mRNA_1                     0.0908955 0.1893475 0.2060850 0.2092421 0.1879066 0.2137976 0.1265959 0.2081665 0.2049336 0.1878631 0.1978281 0.2104861 0.2040781 0.0000000 0.2198432 0.1608890 0.1966749 0.3606254 0.1895375 0.1986918 0.3469859 0.2257615 0.2050357 0.1877826 0.1253830 0.3434401 0.1281896 0.0999211 0.3477765 0.2203694 0.0912826 0.0917708 0.1123490 0.2036148 0.0132319 0.1288215 0.2355700 0.0908390 0.2228060 0.2124374 0.1978409 0.1930037 0.1291071 0.1979731 0.2034999 0.2089307 0.1471727 0.1930106 0.2006231 0.2015922 0.2064413 0.1990886 0.2018036 0.2019466 0.2020076 0.2065050 0.2049103 0.2075317 0.2075984 0.2064057 0.2123105 0.2088594 0.2060162 0.1992849 0.2023313 0.2041494 0.2045016 0.2125556 0.2143295 0.2140537 0.2182398 0.2123284 0.2152305 0.2038337 0.1984131 0.1988940 0.2001334 0.2026067 0.1985115 0.2152481 0.2136506 0.2012928 0.2157221 0.2024366 0.2057419 0.2052827 0.2057671 0.2050242 0.2044329 0.2071383 0.2048930 0.2010339 0.2551423 0.2036963 0.2301952 0.2224248 0.2052496 0.2530752 0.2032339 0.2195018 0.2256522 0.2083051 0.2077487 0.2099117 0.2186375 0.2077297 0.2088743 0.2055305 0.2032750 0.2204937 0.2320816 0.2242142 0.2147874 0.2169062 0.2003948 0.1986152 0.2729783 0.2964538 0.1891972 0.1909611 0.1894648 0.1907377 0.1876584 0.1935007 0.1899179 0.1885130 0.2096088 0.1906572 0.1880599 0.1887457 0.1880557 0.1906635 0.1909787 0.2075266 0.1932765 0.1963363 0.1926009 0.2174597 0.1850083 0.1855814 0.2111010 0.2128196 0.2525636 0.2224316 0.2158322 0.2151428 0.2301446 0.4469381 0.4416334 0.2044434 0.1971349 0.2077452 
XM_005883745_2_PREDICTED_Myotis_brandtii_REV3_like_polymerase_DNA_directed_zeta_catalytic_subunit_REV3L_transcript_variant_X1_mRNA_1                       0.1958937 0.0948233 0.0844678 0.0879291 0.0937141 0.0979034 0.1743857 0.0897206 0.0731442 0.0934991 0.0825726 0.1106989 0.1268644 0.2198432 0.0000000 0.1428347 0.1007457 0.2550253 0.0949736 0.0818175 0.2464044 0.1540646 0.1210632 0.1176301 0.1739203 0.2428158 0.1776975 0.2248606 0.2491044 0.1471199 0.1964614 0.1936891 0.2249235 0.1646315 0.2155800 0.1715004 0.1628209 0.1962877 0.1464166 0.1271355 0.1148217 0.1176948 0.1706123 0.1200285 0.0835725 0.1356970 0.2007781 0.1163318 0.0825179 0.0837335 0.0844678 0.0842809 0.0834031 0.0834577 0.0792971 0.0794966 0.0885621 0.0902814 0.0869076 0.0801686 0.0927200 0.0856563 0.0840775 0.0783527 0.0805128 0.0817523 0.0820413 0.0980240 0.0981826 0.0980771 0.0931500 0.0963580 0.0977398 0.0820091 0.0793920 0.0838452 0.0837361 0.0847844 0.0781181 0.1011797 0.0996394 0.0811941 0.0995183 0.0845007 0.0839372 0.0836561 0.0836922 0.0832398 0.0826605 0.0811373 0.0834489 0.0810877 0.1501140 0.0813147 0.1123458 0.1017984 0.0728341 0.1250212 0.0819084 0.0742646 0.0789019 0.0664842 0.0736915 0.0557938 0.0867607 0.0730611 0.0647126 0.0842136 0.0809327 0.0350193 0.0349909 0.0100920 0.0137306 0.0037567 0.1002081 0.0819588 0.1649130 0.1831512 0.0965542 0.0969579 0.0960798 0.0952605 0.0957648 0.1014276 0.0947043 0.0953534 0.0572896 0.0966997 0.0937894 0.0952674 0.0925709 0.0941862 0.0941665 0.1048641 0.0999488 0.0994348 0.0975113 0.1281495 0.0907159 0.0940091 0.1140905 0.1133443 0.1473090 0.1246599 0.1019971 0.1091477 0.1232830 0.3743202 0.3671866 0.0866532 0.0730505 0.1026599 
XM_008852401_2_PREDICTED_Nannospalax_galili_REV3_like_DNA_directed_polymerase_zeta_catalytic_subunit_Rev3l_transcript_variant_X1_mRNA_1                    0.1330613 0.1173645 0.1274261 0.1321490 0.1135317 0.1405394 0.1115511 0.1287956 0.1292291 0.1126579 0.1251616 0.1315062 0.1271531 0.1608890 0.1428347 0.0000000 0.1195052 0.2746161 0.1175242 0.1274882 0.2721802 0.1606117 0.1279202 0.1111138 0.1103082 0.2665538 0.1216271 0.1511686 0.2681572 0.1393864 0.1324404 0.1342148 0.1622269 0.1316772 0.1575791 0.1117053 0.1692237 0.1319634 0.1430940 0.1310074 0.1155849 0.1124011 0.1121109 0.1159650 0.1276151 0.1347137 0.1393376 0.1116774 0.1271963 0.1277787 0.1274261 0.1255398 0.1278576 0.1271928 0.1228842 0.1289944 0.1289169 0.1298762 0.1316956 0.1297037 0.1357084 0.1289186 0.1273054 0.1213813 0.1248064 0.1257727 0.1259269 0.1397290 0.1400595 0.1407438 0.1421113 0.1386019 0.1403920 0.1263122 0.1221829 0.1259691 0.1267633 0.1295687 0.1217149 0.1445548 0.1399445 0.1256120 0.1411382 0.1294191 0.1268182 0.1268336 0.1262008 0.1264027 0.1260043 0.1312545 0.1268966 0.1258121 0.1874994 0.1244962 0.1535117 0.1466137 0.1290889 0.1671653 0.1253861 0.1430666 0.1471536 0.1323045 0.1316005 0.1343042 0.1420636 0.1300050 0.1321621 0.1267958 0.1246996 0.1423533 0.1514082 0.1460914 0.1413158 0.1403554 0.1219978 0.1287345 0.2098500 0.2305601 0.1182972 0.1179979 0.1174805 0.1174224 0.1180767 0.1228094 0.1151453 0.1181007 0.1294295 0.1194276 0.1131153 0.1176962 0.1155792 0.1155772 0.1150960 0.1238611 0.1188437 0.1207628 0.1175083 0.1545380 0.1071139 0.1087281 0.1352231 0.1396073 0.1841497 0.1514877 0.1377817 0.1373773 0.1508474 0.3943274 0.3851921 0.1258073 0.1213411 0.1324790 
XM_035296530_1_PREDICTED_Callithrix_jacchus_REV3_like_DNA_directed_polymerase_zeta_catalytic_subunit_REV3L_transcript_variant_X1_mRNA_1                    0.1707708 0.0343083 0.0889952 0.0908360 0.0333185 0.0959878 0.1465993 0.0942447 0.0888758 0.0329440 0.0858282 0.0909959 0.1080519 0.1966749 0.1007457 0.1195052 0.0000000 0.2403193 0.0344303 0.0867465 0.2338586 0.1276792 0.0925558 0.0979964 0.1456374 0.2328407 0.1540205 0.1944535 0.2371745 0.1261046 0.1710423 0.1722651 0.2010921 0.1425092 0.1930855 0.1499247 0.1364572 0.1726838 0.1215117 0.1144489 0.0981167 0.0972625 0.1485078 0.0980858 0.0887186 0.1138921 0.1734415 0.0948185 0.0879873 0.0886163 0.0889952 0.0867680 0.0885542 0.0884809 0.0843528 0.0899209 0.0930218 0.0942407 0.0916434 0.0900003 0.0948135 0.0910476 0.0897881 0.0836230 0.0859736 0.0858010 0.0862139 0.0974473 0.0961911 0.0961586 0.0972878 0.0952528 0.0953266 0.0881693 0.0839440 0.0868851 0.0866054 0.0884631 0.0833334 0.1008645 0.0983325 0.0827716 0.0988651 0.0879236 0.0846966 0.0844461 0.0851163 0.0844102 0.0846273 0.0902185 0.0859838 0.0832829 0.1452662 0.0841163 0.1154694 0.1016985 0.0885718 0.1264779 0.0836630 0.1033638 0.1044919 0.0946759 0.0890053 0.0932052 0.1012795 0.0891659 0.0943050 0.0849592 0.0831342 0.1060870 0.1125060 0.1036525 0.0985959 0.0983816 0.0803598 0.0869045 0.1720710 0.1902558 0.0348108 0.0359194 0.0356259 0.0346277 0.0362870 0.0405260 0.0334769 0.0360524 0.0889853 0.0370886 0.0330666 0.0351883 0.0331672 0.0325119 0.0335356 0.0200978 0.0187393 0.0187140 0.0172624 0.1035594 0.0617065 0.0648154 0.0869465 0.1041466 0.1401152 0.1123452 0.0998089 0.0977336 0.1131941 0.3612079 0.3525891 0.0918091 0.0787709 0.0929990 
XM_031964400_1_PREDICTED_Sarcophilus_harrisii_REV3_like_DNA_directed_polymerase_zeta_catalytic_subunit_REV3L_transcript_variant_X1_mRNA_1                  0.3321904 0.2339232 0.2356957 0.2364298 0.2338500 0.2431401 0.3081902 0.2346180 0.2355014 0.2330474 0.2322395 0.2486576 0.2588936 0.3606254 0.2550253 0.2746161 0.2403193 0.0000000 0.2341395 0.2297209 0.0607692 0.2829215 0.2473701 0.2508854 0.3104591 0.0580299 0.3072467 0.3714357 0.0788773 0.2831979 0.3307251 0.3293981 0.3662918 0.2967844 0.3586325 0.3034714 0.2946952 0.3311456 0.2796022 0.2736229 0.2537530 0.2504306 0.3046359 0.2577999 0.2318338 0.2719232 0.3382510 0.2489439 0.2309239 0.2312806 0.2359115 0.2346188 0.2307535 0.2314120 0.2287761 0.2363349 0.2370341 0.2350588 0.2374033 0.2359992 0.2366173 0.2374028 0.2357914 0.2290830 0.2281936 0.2295307 0.2285645 0.2418698 0.2431946 0.2434287 0.2468929 0.2415871 0.2446964 0.2322426 0.2305744 0.2339808 0.2347829 0.2369279 0.2279110 0.2468848 0.2456133 0.2302147 0.2461643 0.2354015 0.2332103 0.2327776 0.2340803 0.2331611 0.2322236 0.2419904 0.2319390 0.2293296 0.2955880 0.2304336 0.2546634 0.2413267 0.2341355 0.2746991 0.2283241 0.2532862 0.2528974 0.2423485 0.2370365 0.2430967 0.2527506 0.2339187 0.2421097 0.2331718 0.2293108 0.2491360 0.2619153 0.2562056 0.2474895 0.2502564 0.2492598 0.2299945 0.3225281 0.3465150 0.2347442 0.2357407 0.2328920 0.2350712 0.2341044 0.2387966 0.2364265 0.2335118 0.2351047 0.2360096 0.2328876 0.2338224 0.2353288 0.2355257 0.2358171 0.2513121 0.2404097 0.2410369 0.2395014 0.2665391 0.2272560 0.2276110 0.2463601 0.2356269 0.2818935 0.2397882 0.2362960 0.2291046 0.2500383 0.3195048 0.3134079 0.2343685 0.2239688 0.2289626 
XM_015448392_1_PREDICTED_Macaca_fascicularis_REV3_like_DNA_directed_polymerase_zeta_catalytic_subunit_REV3L_transcript_variant_X1_mRNA_1                   0.1645183 0.0007484 0.0810043 0.0850312 0.0194643 0.0932268 0.1429862 0.0868323 0.0824513 0.0193407 0.0784741 0.0850824 0.1017517 0.1895375 0.0949736 0.1175242 0.0344303 0.2341395 0.0000000 0.0794361 0.2259512 0.1206886 0.0908521 0.0914074 0.1416735 0.2249207 0.1475720 0.1886810 0.2287030 0.1228468 0.1648833 0.1659537 0.1928257 0.1409789 0.1874085 0.1463874 0.1302383 0.1660177 0.1201318 0.1072344 0.0919612 0.0904387 0.1448897 0.0911604 0.0812514 0.1090014 0.1687625 0.0883288 0.0803892 0.0811270 0.0810043 0.0791114 0.0809435 0.0805940 0.0767096 0.0822146 0.0848730 0.0879160 0.0832167 0.0827201 0.0877749 0.0834234 0.0819172 0.0753621 0.0775802 0.0779415 0.0784799 0.0939174 0.0937077 0.0933952 0.0948741 0.0924888 0.0927565 0.0796192 0.0759045 0.0794985 0.0805940 0.0822672 0.0753469 0.0980616 0.0949541 0.0791275 0.0970555 0.0818627 0.0807675 0.0811108 0.0806945 0.0811475 0.0805535 0.0842448 0.0815007 0.0796338 0.1392355 0.0795294 0.1084403 0.0946759 0.0824263 0.1216197 0.0794532 0.0978453 0.1012857 0.0894098 0.0853776 0.0881935 0.0961201 0.0825031 0.0882713 0.0810273 0.0788329 0.0998843 0.1059854 0.0984939 0.0930817 0.0928537 0.0747730 0.0794502 0.1607642 0.1808772 0.0043033 0.0046318 0.0056031 0.0019326 0.0096585 0.0137302 0.0197107 0.0092199 0.0853401 0.0106705 0.0192291 0.0043059 0.0186525 0.0195929 0.0202060 0.0353235 0.0334007 0.0335927 0.0318520 0.0962048 0.0556394 0.0591995 0.0787054 0.0970314 0.1372592 0.1047230 0.0923600 0.0915369 0.1079995 0.3512983 0.3461387 0.0834956 0.0722755 0.0865803 
XM_023650934_1_PREDICTED_Equus_caballus_REV3_like_DNA_directed_polymerase_zeta_catalytic_subunit_REV3L_transcript_variant_X1_mRNA_1                        0.1731743 0.0790265 0.0701036 0.0731888 0.0777692 0.0806544 0.1516184 0.0751407 0.0681436 0.0769530 0.0657327 0.0960321 0.1105025 0.1986918 0.0818175 0.1274882 0.0867465 0.2297209 0.0794361 0.0000000 0.2250323 0.1312191 0.1016980 0.1012737 0.1530782 0.2226296 0.1564926 0.1959481 0.2277701 0.1350671 0.1743373 0.1727979 0.2014831 0.1525988 0.1966876 0.1490371 0.1391660 0.1724120 0.1300578 0.1172723 0.1012422 0.0997488 0.1499735 0.1008763 0.0679328 0.1188690 0.1784519 0.0978704 0.0677925 0.0681270 0.0701036 0.0667177 0.0670339 0.0674634 0.0633496 0.0689353 0.0729199 0.0749783 0.0708483 0.0691668 0.0742288 0.0726246 0.0712889 0.0628846 0.0645870 0.0656022 0.0657329 0.0785365 0.0812550 0.0808138 0.0812006 0.0795932 0.0801003 0.0664490 0.0634498 0.0668334 0.0685142 0.0689729 0.0632505 0.0838386 0.0795037 0.0640520 0.0821818 0.0683223 0.0658406 0.0656385 0.0660885 0.0660668 0.0649823 0.0702392 0.0657312 0.0638415 0.1296744 0.0643597 0.1010423 0.0894360 0.0681311 0.1104969 0.0636988 0.0838359 0.0845862 0.0768927 0.0671137 0.0763438 0.0811847 0.0685177 0.0743739 0.0661798 0.0639544 0.0878987 0.0925933 0.0845261 0.0789945 0.0788229 0.0859559 0.0026746 0.1447244 0.1628080 0.0802749 0.0812441 0.0799467 0.0797454 0.0807711 0.0845716 0.0794929 0.0803570 0.0704189 0.0809668 0.0768230 0.0801800 0.0785498 0.0792283 0.0797118 0.0906943 0.0876302 0.0868113 0.0839369 0.1173455 0.0732276 0.0727963 0.0968557 0.0956381 0.1363368 0.1031911 0.0921553 0.0916116 0.1053062 0.3531845 0.3498508 0.0711542 0.0438103 0.0857303 
XM_036766364_1_PREDICTED_Trichosurus_vulpecula_REV3_like_DNA_directed_polymerase_zeta_catalytic_subunit_REV3L_transcript_variant_X1_mRNA_1                 0.3218670 0.2257390 0.2246993 0.2253732 0.2264255 0.2362264 0.3073221 0.2271482 0.2291021 0.2258308 0.2243321 0.2396287 0.2512460 0.3469859 0.2464044 0.2721802 0.2338586 0.0607692 0.2259512 0.2250323 0.0000000 0.2775285 0.2422547 0.2435797 0.3062609 0.0416494 0.3031636 0.3637057 0.0681246 0.2798958 0.3210740 0.3209060 0.3599404 0.2928254 0.3448587 0.3023909 0.2923087 0.3200690 0.2716436 0.2605881 0.2448919 0.2407900 0.3009494 0.2499303 0.2240914 0.2618854 0.3331079 0.2411405 0.2226964 0.2243769 0.2246993 0.2264333 0.2230907 0.2239346 0.2190435 0.2277298 0.2278294 0.2270625 0.2289331 0.2274034 0.2288869 0.2271281 0.2253016 0.2195750 0.2187249 0.2204088 0.2194606 0.2341235 0.2366046 0.2365082 0.2393805 0.2349579 0.2379246 0.2248285 0.2199760 0.2265755 0.2258201 0.2264185 0.2186311 0.2372207 0.2379293 0.2239049 0.2364302 0.2249239 0.2247053 0.2251455 0.2261141 0.2254940 0.2241368 0.2304262 0.2247072 0.2220844 0.2984445 0.2225736 0.2501959 0.2369568 0.2277633 0.2711792 0.2221442 0.2463023 0.2490011 0.2370622 0.2328015 0.2395557 0.2479200 0.2271997 0.2362859 0.2246748 0.2219203 0.2423656 0.2549738 0.2475449 0.2393849 0.2417495 0.2365174 0.2260625 0.3096612 0.3353450 0.2269427 0.2269688 0.2255134 0.2266528 0.2274164 0.2314815 0.2295273 0.2262477 0.2308335 0.2280528 0.2260602 0.2262817 0.2271393 0.2270937 0.2279614 0.2475292 0.2336411 0.2339620 0.2328785 0.2566148 0.2194144 0.2233054 0.2399587 0.2258918 0.2731980 0.2339646 0.2296399 0.2261281 0.2419857 0.3115489 0.3059961 0.2254168 0.2174866 0.2208705 
XM_040983897_1_PREDICTED_Ochotona_curzoniae_REV3_like_DNA_directed_polymerase_zeta_catalytic_subunit_REV3L_transcript_variant_X1_mRNA_1                    0.2031317 0.1205283 0.1401689 0.1383783 0.1169036 0.1441476 0.1871782 0.1384841 0.1416582 0.1167623 0.1345517 0.1394145 0.1478350 0.2257615 0.1540646 0.1606117 0.1276792 0.2829215 0.1206886 0.1312191 0.2775285 0.0000000 0.0903106 0.1401284 0.1881871 0.2743855 0.1909817 0.2298201 0.2765484 0.1685114 0.2049994 0.2026136 0.2344006 0.1798188 0.2246735 0.1874211 0.0314009 0.1981569 0.1670063 0.1554847 0.1401297 0.1361583 0.1866016 0.1397324 0.1334815 0.1537105 0.2149994 0.1345442 0.1332580 0.1326072 0.1401689 0.1352180 0.1332780 0.1333938 0.1318646 0.1357891 0.1383345 0.1380446 0.1395480 0.1357964 0.1431960 0.1419417 0.1398438 0.1303950 0.1318779 0.1333569 0.1335126 0.1458905 0.1443060 0.1443534 0.1459397 0.1432704 0.1433978 0.1338683 0.1304304 0.1350297 0.1329007 0.1358114 0.1307420 0.1480676 0.1463872 0.1330704 0.1462770 0.1359733 0.1345942 0.1358419 0.1347246 0.1353684 0.1341794 0.1381162 0.1361854 0.1329754 0.1985111 0.1319489 0.1617498 0.1514164 0.1403884 0.1818649 0.1324153 0.1579848 0.1575721 0.1476678 0.1402440 0.1461843 0.1527424 0.1399335 0.1450586 0.1348822 0.1321574 0.1564429 0.1671481 0.1571035 0.1507400 0.1519765 0.1314816 0.1321580 0.2105095 0.2321824 0.1216560 0.1224333 0.1220138 0.1207248 0.1209246 0.1254056 0.1181653 0.1204997 0.1414669 0.1212518 0.1169245 0.1208320 0.1187762 0.1191408 0.1208012 0.1282685 0.1252752 0.1247475 0.1255544 0.1539943 0.1110082 0.1123732 0.1369066 0.1507408 0.1859525 0.1575690 0.1459589 0.1461522 0.1575866 0.3971246 0.3911353 0.1376344 0.1261419 0.1409405 
XM_008263376_2_PREDICTED_Oryctolagus_cuniculus_REV3_like_DNA_directed_polymerase_zeta_catalytic_subunit_REV3L_transcript_variant_X1_mRNA_1                 0.1823727 0.0907054 0.1084745 0.1085427 0.0873204 0.1132624 0.1545927 0.1085718 0.1065870 0.0864399 0.1059469 0.1047576 0.1186061 0.2050357 0.1210632 0.1279202 0.0925558 0.2473701 0.0908521 0.1016980 0.2422547 0.0903106 0.0000000 0.1084983 0.1548693 0.2412152 0.1615490 0.2052468 0.2476472 0.1396373 0.1816547 0.1801243 0.2122686 0.1531141 0.2033317 0.1573504 0.0970420 0.1779087 0.1359580 0.1232087 0.1090652 0.1064253 0.1578933 0.1084544 0.1035471 0.1242371 0.1850578 0.1049395 0.1026226 0.1038634 0.1084745 0.1060545 0.1033641 0.1030100 0.1006644 0.1053686 0.1084961 0.1084248 0.1093305 0.1063289 0.1111699 0.1103480 0.1084106 0.0995422 0.1017188 0.1026084 0.1024639 0.1137901 0.1137850 0.1134457 0.1152803 0.1122821 0.1128604 0.1036981 0.1008601 0.1058836 0.1044557 0.1071535 0.0995208 0.1191541 0.1152150 0.1016284 0.1182808 0.1070122 0.1037792 0.1045554 0.1041517 0.1041784 0.1029576 0.1096908 0.1041837 0.1007522 0.1663907 0.1021656 0.1337043 0.1211266 0.1054351 0.1466929 0.1008388 0.1224858 0.1233648 0.1153539 0.1069147 0.1113198 0.1196117 0.1066185 0.1111448 0.1041898 0.1015583 0.1224967 0.1309741 0.1239987 0.1178658 0.1175750 0.1002912 0.1025731 0.1861665 0.2035838 0.0913047 0.0923649 0.0916666 0.0913571 0.0912491 0.0961720 0.0886619 0.0911537 0.1082297 0.0919256 0.0865888 0.0910572 0.0879094 0.0883336 0.0894135 0.0974100 0.0938586 0.0939208 0.0935486 0.1257434 0.0813664 0.0829495 0.1091017 0.1200169 0.1587716 0.1257335 0.1161778 0.1144150 0.1288552 0.3684207 0.3589877 0.1061679 0.0948301 0.1084647 
