146
NM_001372078_1_Homo_sapiens_REV3_like_DNA_directed_polymerase_zeta_catalytic_subunit_REV3L_transcript_variant_4_mRNA_1                                     0.0000000 0.1082212 0.1331254 0.0068678 0.0671675 0.0481045 0.0022560 0.0564931 0.0575463 0.0068678 0.0573258 0.0559726 0.0685175 0.0657813 0.0658285 0.0758154 0.0561757 0.0969459 0.0810698 0.0236974 0.1509940 0.1429686 0.1525914 0.1399188 0.0889226 0.0950243 0.0851202 0.7748618 0.0785864 0.0718459 0.1097616 0.1056839 0.0786874 0.1226304 0.0845029 0.1178856 0.0800694 0.0804498 0.0734556 0.0703545 0.0766665 0.0789012 0.0738812 0.3376903 0.0702092 0.0733019 0.0819740 0.0536369 0.0508036 0.0508036 0.0509132 0.0536369 0.0509040 0.0505571 0.0606001 0.0606001 0.0509455 0.0484091 0.0598237 0.0508672 0.0481045 0.0505571 0.0535099 0.0535099 0.0533455 0.0482576 0.0454752 0.0454752 0.0486920 0.0877335 0.0586510 0.0671675 0.0613973 0.0648392 0.0642873 0.0619851 0.0642080 0.0642080 0.0566983 0.0594682 0.0594682 0.0566983 0.0528584 0.0582659 0.0612463 0.0556736 0.0583916 0.0556736 0.0528584 0.0501784 0.0501784 0.0562376 0.0582659 0.0868099 0.0876586 0.0701608 0.0537985 0.0655363 0.0568709 0.0716685 0.0805990 0.0623428 0.0627586 0.0709257 0.0511405 0.0700803 0.0846911 0.0714857 0.0626885 0.0723063 0.0657813 0.0591946 0.0779314 0.1103270 0.0368035 0.0994438 0.0091979 0.0092029 0.0115431 0.0115431 0.0115431 0.0091979 0.0115349 0.0022560 0.0091613 0.0115812 0.0115747 0.0285866 0.0609528 0.0263672 0.0238642 0.1020780 0.0418838 0.0363814 0.0668559 0.0984198 0.1370759 0.1066362 0.0750228 0.0655246 0.0404652 0.1961601 0.1792061 0.0635747 0.0563283 0.0807089 
NM_011264_3_Mus_musculus_REV3_like_DNA_directed_polymerase_zeta_catalytic_subunit_Rev3l_mRNA_1                                                             0.1082212 0.0000000 0.0764593 0.1066209 0.1178433 0.1026655 0.1073973 0.1132026 0.0624493 0.1066209 0.1265110 0.0981864 0.1278995 0.1271421 0.1270181 0.0656609 0.0939267 0.0907034 0.1400298 0.1044249 0.1892893 0.2006131 0.1895920 0.1760082 0.1370212 0.1439625 0.1498825 0.7748618 0.1215363 0.0961681 0.0284025 0.0701421 0.1007547 0.0649189 0.0611143 0.0858271 0.0451098 0.0666286 0.0682476 0.0652656 0.1018671 0.1043426 0.1143229 0.4229680 0.1087581 0.1122171 0.1245924 0.1065320 0.1029795 0.1029795 0.1099883 0.1065320 0.0991594 0.1049766 0.1310142 0.1310142 0.1058015 0.1101924 0.1177418 0.1060816 0.1026655 0.1049766 0.1088296 0.1088296 0.1055503 0.1045536 0.1080706 0.1080706 0.1055805 0.1265607 0.1075206 0.1178433 0.1107702 0.1154737 0.1142942 0.1066105 0.1141462 0.1141462 0.1021587 0.0987871 0.0987871 0.1021587 0.1021630 0.1020323 0.1122193 0.1055814 0.1087679 0.1055814 0.1021630 0.0990171 0.0990171 0.1067292 0.1020323 0.1668401 0.1773431 0.1302472 0.1241510 0.1241796 0.1207751 0.1183771 0.1200051 0.1159453 0.1051458 0.1121654 0.1120850 0.1318566 0.1656883 0.1306941 0.1156869 0.1361498 0.1271421 0.1166166 0.1361241 0.1420590 0.1060188 0.1530647 0.1034195 0.1100842 0.1133516 0.1133516 0.1100879 0.1034195 0.1066209 0.1073973 0.1147065 0.1152771 0.1155680 0.1133399 0.1538137 0.1041963 0.1144837 0.1476138 0.1115715 0.0908349 0.1423600 0.1621750 0.2014352 0.1701757 0.1262453 0.1176398 0.1090829 0.2687703 0.2461184 0.1348703 0.1196622 0.1389290 
XM_006256524_2_PREDICTED_Rattus_norvegicus_REV3_like_DNA_directed_polymerase_zeta_catalytic_subunit_Rev3l_transcript_variant_X1_mRNA_1                     0.1331254 0.0764593 0.0000000 0.1405741 0.1680223 0.1405986 0.1321589 0.1410835 0.0855813 0.1405741 0.1672195 0.1357952 0.1551846 0.1436446 0.1485242 0.0918553 0.1311877 0.1398192 0.1588074 0.1390846 0.2326940 0.2260077 0.2057905 0.2008558 0.1646003 0.1639088 0.1839656 1.6783341 0.1461781 0.1465977 0.0829579 0.1167336 0.1359882 0.0089593 0.0684454 0.1043876 0.0671536 0.1035747 0.0870559 0.0839677 0.1547075 0.1520207 0.1540368 0.4999930 0.1515175 0.1554572 0.1711020 0.1449019 0.1410119 0.1410119 0.1486324 0.1449019 0.1444413 0.1432506 0.1722106 0.1722106 0.1438130 0.1489795 0.1573076 0.1442882 0.1405986 0.1432506 0.1470430 0.1470430 0.1507561 0.1460967 0.1499735 0.1499735 0.1475576 0.1700197 0.1564900 0.1680223 0.1600291 0.1658355 0.1606798 0.1550385 0.1604770 0.1604770 0.1445022 0.1408116 0.1408116 0.1445022 0.1446351 0.1521057 0.1486235 0.1484676 0.1519451 0.1484676 0.1446351 0.1411983 0.1411983 0.1579527 0.1521057 0.1712499 0.2053653 0.1552956 0.1560003 0.1512603 0.1550165 0.1528490 0.1560171 0.1541375 0.1425343 0.1396375 0.1462765 0.1678108 0.1511862 0.1565060 0.1482653 0.1543529 0.1436446 0.1504764 0.1547371 0.1941235 0.1378178 0.1910394 0.1371809 0.1443130 0.1477812 0.1477812 0.1477812 0.1371809 0.1405741 0.1321589 0.1312025 0.1480224 0.1408496 0.1344165 0.2249256 0.1392675 0.1426441 0.1691094 0.1366705 0.1246573 0.1673892 0.1916047 0.2038728 0.2164766 0.1651902 0.1540445 0.1527795 0.2849191 0.2477243 0.1764063 0.1589547 0.1791284 
XM_028847034_1_PREDICTED_Macaca_mulatta_REV3_like_DNA_directed_polymerase_zeta_catalytic_subunit_REV3L_transcript_variant_X1_mRNA_1                        0.0068678 0.1066209 0.1405741 0.0000000 0.0638655 0.0450784 0.0045558 0.0533263 0.0608591 0.0000010 0.0541052 0.0528473 0.0651364 0.0624368 0.0632536 0.0794616 0.0530405 0.0929518 0.0774462 0.0213268 0.1458409 0.1480909 0.1579811 0.1450120 0.0996040 0.1058668 0.0888201 0.7748618 0.0759657 0.0753945 0.1167807 0.1014481 0.0824007 0.1298755 0.0908311 0.1249512 0.0864325 0.0842521 0.0770883 0.0739300 0.0731847 0.0752894 0.0704370 0.3270305 0.0667263 0.0697639 0.0783132 0.0505213 0.0477365 0.0477365 0.0478381 0.0505213 0.0478310 0.0475092 0.0573086 0.0573086 0.0478725 0.0453608 0.0565832 0.0477972 0.0450784 0.0475092 0.0504047 0.0504047 0.0502484 0.0452186 0.0424830 0.0424830 0.0456222 0.0840954 0.0554875 0.0638655 0.0581933 0.0615502 0.0610345 0.0587446 0.0609598 0.0609598 0.0535242 0.0562528 0.0562528 0.0535242 0.0497985 0.0551270 0.0580512 0.0525662 0.0552444 0.0525662 0.0497985 0.0471574 0.0471574 0.0530943 0.0551270 0.0906010 0.0872941 0.0691830 0.0506712 0.0622068 0.0536847 0.0682241 0.0770201 0.0590850 0.0594665 0.0675346 0.0480537 0.0666004 0.0885059 0.0621486 0.0593994 0.0688206 0.0624368 0.0559947 0.0743650 0.1060664 0.0396828 0.0954210 0.0022549 0.0022561 0.0045274 0.0045274 0.0045274 0.0022549 0.0045243 0.0045558 0.0068689 0.0092622 0.0092570 0.0262062 0.0559605 0.0239716 0.0214775 0.0994871 0.0448296 0.0392200 0.0762304 0.1025208 0.1420567 0.1136392 0.0714980 0.0689512 0.0375265 0.1971369 0.1851288 0.0602311 0.0531731 0.0771018 
XM_024996589_1_PREDICTED_Bos_taurus_REV3_like_DNA_directed_polymerase_zeta_catalytic_subunit_REV3L_transcript_variant_X1_mRNA_1                            0.0671675 0.1178433 0.1680223 0.0638655 0.0000000 0.0532314 0.0642492 0.0557760 0.0792485 0.0638655 0.0626026 0.0554432 0.0702173 0.0657390 0.0949915 0.0889710 0.0732629 0.1135355 0.0829271 0.0646972 0.1449637 0.1508538 0.1526451 0.1386151 0.1081201 0.1145572 0.0812945 0.7748618 0.1063997 0.0694962 0.1284145 0.0952030 0.1051531 0.1533746 0.1179071 0.1609718 0.1133079 0.0941114 0.0958190 0.0924764 0.0685704 0.0765873 0.0829770 0.3942361 0.0973969 0.1007116 0.1008569 0.0451807 0.0424418 0.0424418 0.0425312 0.0451807 0.0560571 0.0555144 0.0659259 0.0659259 0.0504654 0.0479537 0.0535192 0.0560159 0.0532314 0.0555144 0.0530037 0.0530037 0.0503169 0.0565173 0.0536677 0.0536677 0.0570271 0.0358525 0.0068213 0.0000010 0.0045275 0.0000010 0.0114619 0.0115242 0.0114484 0.0114484 0.0559773 0.0587072 0.0587072 0.0559773 0.0442861 0.0495152 0.0470235 0.0469909 0.0496189 0.0469909 0.0442861 0.0416943 0.0416943 0.0474597 0.0495152 0.0937348 0.1063506 0.0780869 0.0647871 0.0672675 0.0586932 0.0675815 0.0763253 0.0643051 0.0647352 0.0671240 0.0542388 0.0628456 0.0959360 0.0661227 0.0633088 0.0730210 0.0657390 0.0623905 0.0798104 0.1045920 0.0535806 0.0932366 0.0611173 0.0667619 0.0695607 0.0695607 0.0695607 0.0611173 0.0638655 0.0642492 0.0703158 0.0708078 0.0650104 0.0726161 0.1059277 0.0704744 0.0705064 0.1207132 0.0565065 0.0530690 0.0826408 0.1051237 0.1419388 0.1065977 0.0681882 0.0811484 0.0591467 0.2259482 0.2304250 0.0689269 0.0614979 0.0677249 
XM_014118216_3_PREDICTED_Canis_lupus_familiaris_REV3_like_DNA_directed_polymerase_zeta_catalytic_subunit_REV3L_transcript_variant_X1_mRNA_1                0.0481045 0.1026655 0.1405986 0.0450784 0.0532314 0.0000000 0.0453331 0.0369600 0.0711929 0.0450784 0.0314386 0.0260501 0.0455148 0.0404323 0.0773780 0.0908414 0.0509384 0.0967131 0.0621615 0.0448908 0.1458254 0.1443964 0.1460824 0.1399861 0.0890820 0.0951968 0.0735139 0.7748618 0.0877879 0.0615938 0.1203002 0.0923785 0.0814688 0.1335050 0.1027136 0.1406782 0.0983107 0.0895818 0.0812739 0.0780182 0.0537765 0.0544656 0.0599381 0.3680753 0.0794111 0.0825994 0.0827446 0.0186096 0.0210403 0.0210403 0.0259621 0.0186096 0.0022511 0.0310514 0.0342266 0.0342266 0.0234500 0.0210959 0.0260949 0.0022499 0.0000010 0.0310514 0.0234044 0.0234044 0.0258569 0.0261800 0.0236814 0.0236814 0.0264055 0.0730463 0.0504337 0.0532314 0.0476987 0.0508873 0.0504697 0.0508068 0.0504075 0.0504075 0.0318359 0.0343951 0.0343951 0.0318359 0.0370521 0.0422640 0.0450749 0.0397329 0.0423526 0.0397329 0.0370521 0.0344698 0.0344698 0.0401343 0.0422640 0.0807623 0.0868291 0.0573830 0.0452018 0.0427678 0.0347471 0.0454716 0.0563151 0.0449048 0.0398295 0.0475728 0.0270245 0.0435662 0.0728843 0.0457549 0.0376116 0.0462563 0.0404323 0.0346127 0.0592464 0.0897582 0.0483901 0.0788924 0.0424346 0.0478310 0.0479913 0.0479913 0.0505218 0.0424346 0.0450784 0.0453331 0.0505257 0.0569880 0.0513633 0.0615116 0.0952359 0.0511897 0.0537860 0.1147313 0.0482093 0.0424324 0.0720946 0.0827153 0.1263766 0.1001030 0.0539109 0.0564739 0.0398749 0.2047224 0.2051136 0.0368576 0.0316112 0.0649375 
XM_016956167_2_PREDICTED_Pan_troglodytes_REV3_like_DNA_directed_polymerase_zeta_catalytic_subunit_REV3L_transcript_variant_X1_mRNA_1                       0.0022560 0.1073973 0.1321589 0.0045558 0.0642492 0.0453331 0.0000000 0.0536382 0.0546447 0.0045558 0.0544265 0.0531526 0.0655363 0.0628174 0.0628699 0.0727306 0.0533478 0.0935984 0.0779475 0.0212199 0.1470426 0.1391216 0.1486075 0.1360752 0.0922234 0.0983627 0.0820426 0.7748618 0.0754795 0.0688205 0.1089383 0.1021864 0.0755646 0.1217282 0.0838695 0.1170236 0.0794550 0.0772624 0.0703689 0.0672984 0.0736420 0.0757759 0.0708742 0.3376903 0.0671474 0.0702092 0.0788238 0.0508131 0.0480089 0.0480089 0.0481118 0.0508131 0.0481045 0.0477788 0.0576547 0.0576547 0.0481462 0.0456190 0.0569202 0.0480703 0.0453331 0.0477788 0.0506950 0.0506950 0.0505370 0.0454752 0.0427212 0.0427212 0.0458835 0.0846355 0.0558108 0.0642492 0.0585354 0.0619198 0.0613973 0.0590935 0.0613217 0.0613217 0.0538378 0.0565855 0.0565855 0.0538378 0.0500813 0.0554459 0.0583916 0.0528683 0.0555647 0.0528683 0.0500813 0.0474228 0.0474228 0.0534027 0.0554459 0.0836673 0.0878791 0.0696206 0.0509649 0.0625845 0.0540004 0.0686488 0.0775116 0.0594376 0.0598248 0.0679491 0.0483296 0.0670204 0.0815185 0.0684734 0.0597570 0.0692547 0.0628174 0.0563244 0.0748408 0.1068372 0.0341739 0.0960869 0.0068641 0.0068678 0.0091885 0.0091885 0.0091885 0.0068641 0.0091820 0.0000010 0.0068371 0.0092191 0.0092141 0.0260735 0.0553179 0.0238498 0.0213698 0.0988151 0.0392203 0.0337867 0.0697982 0.0950940 0.1333000 0.1058284 0.0719521 0.0625695 0.0377344 0.1947155 0.1750053 0.0606001 0.0534830 0.0775986 
XM_021091238_1_PREDICTED_Sus_scrofa_REV3_like_DNA_directed_polymerase_zeta_catalytic_subunit_REV3L_transcript_variant_X1_mRNA_1                            0.0564931 0.1132026 0.1410835 0.0533263 0.0557760 0.0369600 0.0536382 0.0000000 0.0741968 0.0533263 0.0573893 0.0422212 0.0593829 0.0454671 0.0698441 0.0873570 0.0600216 0.1018576 0.0621581 0.0538630 0.1350612 0.1336104 0.1350915 0.1293617 0.1011433 0.1005668 0.0948321 0.7748618 0.0974915 0.0729578 0.1238562 0.0956028 0.0836275 0.1268923 0.0994814 0.1359232 0.0914058 0.0925262 0.0972088 0.0938053 0.0694680 0.0838484 0.0721346 0.3329136 0.0864213 0.0897020 0.0962120 0.0373725 0.0400704 0.0400704 0.0455242 0.0373725 0.0396293 0.0476032 0.0606569 0.0606569 0.0479675 0.0430383 0.0456581 0.0396026 0.0369600 0.0476032 0.0505020 0.0505020 0.0478241 0.0532800 0.0504791 0.0504791 0.0537565 0.0616370 0.0529616 0.0557760 0.0502141 0.0534402 0.0474474 0.0451359 0.0473892 0.0473892 0.0372190 0.0345832 0.0345832 0.0372190 0.0317791 0.0265795 0.0396502 0.0344053 0.0369822 0.0344053 0.0317791 0.0316708 0.0316708 0.0347514 0.0265795 0.0962689 0.0963191 0.0577226 0.0509024 0.0565103 0.0481440 0.0537753 0.0508128 0.0505535 0.0419723 0.0532759 0.0372398 0.0576192 0.0758783 0.0564856 0.0426183 0.0513667 0.0454671 0.0425724 0.0592436 0.0996274 0.0600689 0.0883114 0.0506190 0.0561609 0.0589180 0.0589180 0.0589180 0.0506190 0.0533263 0.0536382 0.0595585 0.0656976 0.0599183 0.0561233 0.1241814 0.0539140 0.0539551 0.1056516 0.0655508 0.0537185 0.0873982 0.0908033 0.1248128 0.1047523 0.0615531 0.0680045 0.0419027 0.1890516 0.1893331 0.0636242 0.0422154 0.0602565 
XM_040758199_1_PREDICTED_Mesocricetus_auratus_REV3_like_DNA_directed_polymerase_zeta_catalytic_subunit_Rev3l_transcript_variant_X1_mRNA_1                  0.0575463 0.0624493 0.0855813 0.0608591 0.0792485 0.0711929 0.0546447 0.0741968 0.0000000 0.0608591 0.0885557 0.0797498 0.0938509 0.0856999 0.0736706 0.0286448 0.0477974 0.0620771 0.0948900 0.0576303 0.1672476 0.1547605 0.1595839 0.1501992 0.1057658 0.1055040 0.0921870 0.7748618 0.0684732 0.0625049 0.0617663 0.0543554 0.0706796 0.0738010 0.0521043 0.0877247 0.0418409 0.0368585 0.0310775 0.0285378 0.0653307 0.0611554 0.0650029 0.3778218 0.0790018 0.0821663 0.0950181 0.0745872 0.0714163 0.0714163 0.0715840 0.0745872 0.0743394 0.0798833 0.0924465 0.0924465 0.0717889 0.0716801 0.0845069 0.0742771 0.0711929 0.0798833 0.0745890 0.0745890 0.0715878 0.0742154 0.0736392 0.0736392 0.0749210 0.0905016 0.0700928 0.0792485 0.0730283 0.0768432 0.0761414 0.0695624 0.0760439 0.0760439 0.0744347 0.0774476 0.0774476 0.0744347 0.0731434 0.0790671 0.0824212 0.0762736 0.0792514 0.0762736 0.0731434 0.0702066 0.0702066 0.0770877 0.0790671 0.1033717 0.1268047 0.0992703 0.0797990 0.0905129 0.0808542 0.0846403 0.0868622 0.0769434 0.0775357 0.0800018 0.0726290 0.0896391 0.1095429 0.0957052 0.0822270 0.0932030 0.0856999 0.0773026 0.0914788 0.1388322 0.0463147 0.1251307 0.0580241 0.0638420 0.0667300 0.0667300 0.0667300 0.0580241 0.0608591 0.0546447 0.0606640 0.0669060 0.0610368 0.0656214 0.1008063 0.0576866 0.0605031 0.1172772 0.0693962 0.0629890 0.0979922 0.1176777 0.1473636 0.1290102 0.0854208 0.0809610 0.0687573 0.2528989 0.2004280 0.0958693 0.0741968 0.0979924 
XM_015448392_1_PREDICTED_Macaca_fascicularis_REV3_like_DNA_directed_polymerase_zeta_catalytic_subunit_REV3L_transcript_variant_X1_mRNA_1                   0.0068678 0.1066209 0.1405741 0.0000010 0.0638655 0.0450784 0.0045558 0.0533263 0.0608591 0.0000000 0.0541052 0.0528473 0.0651364 0.0624368 0.0632536 0.0794616 0.0530405 0.0929518 0.0774462 0.0213268 0.1458409 0.1480909 0.1579811 0.1450120 0.0996040 0.1058668 0.0888201 0.7748618 0.0759657 0.0753945 0.1167807 0.1014481 0.0824007 0.1298755 0.0908311 0.1249512 0.0864325 0.0842521 0.0770883 0.0739300 0.0731847 0.0752894 0.0704370 0.3270305 0.0667263 0.0697639 0.0783132 0.0505213 0.0477365 0.0477365 0.0478381 0.0505213 0.0478310 0.0475092 0.0573086 0.0573086 0.0478725 0.0453608 0.0565832 0.0477972 0.0450784 0.0475092 0.0504047 0.0504047 0.0502484 0.0452186 0.0424830 0.0424830 0.0456222 0.0840954 0.0554875 0.0638655 0.0581933 0.0615502 0.0610345 0.0587446 0.0609598 0.0609598 0.0535242 0.0562528 0.0562528 0.0535242 0.0497985 0.0551270 0.0580512 0.0525662 0.0552444 0.0525662 0.0497985 0.0471574 0.0471574 0.0530943 0.0551270 0.0906010 0.0872941 0.0691830 0.0506712 0.0622068 0.0536847 0.0682241 0.0770201 0.0590850 0.0594665 0.0675346 0.0480537 0.0666004 0.0885059 0.0621486 0.0593994 0.0688206 0.0624368 0.0559947 0.0743650 0.1060664 0.0396828 0.0954210 0.0022549 0.0022561 0.0045274 0.0045274 0.0045274 0.0022549 0.0045243 0.0045558 0.0068689 0.0092622 0.0092570 0.0262062 0.0559605 0.0239716 0.0214775 0.0994871 0.0448296 0.0392200 0.0762304 0.1025208 0.1420567 0.1136392 0.0714980 0.0689512 0.0375265 0.1971369 0.1851288 0.0602311 0.0531731 0.0771018 
XM_004753515_2_PREDICTED_Mustela_putorius_furo_REV3_like_polymerase_DNA_directed_zeta_catalytic_subunit_REV3L_transcript_variant_X1_mRNA_1                 0.0573258 0.1265110 0.1672195 0.0541052 0.0626026 0.0314386 0.0544265 0.0573893 0.0885557 0.0541052 0.0000000 0.0316305 0.0512737 0.0556323 0.0875796 0.1096222 0.0755663 0.1052224 0.0814823 0.0514366 0.1363892 0.1408812 0.1506828 0.1364057 0.1015231 0.1082610 0.0804637 0.7748618 0.1024806 0.0815415 0.1350178 0.1142350 0.1075070 0.1596357 0.1259324 0.1671832 0.1216687 0.1030198 0.0994913 0.0959956 0.0724826 0.0730951 0.0792629 0.3620086 0.0938768 0.0972561 0.0974059 0.0313602 0.0287969 0.0287969 0.0312551 0.0313602 0.0340295 0.0288331 0.0045182 0.0045182 0.0187639 0.0213178 0.0341066 0.0340075 0.0314386 0.0288331 0.0236512 0.0236512 0.0261333 0.0315200 0.0289469 0.0289469 0.0317950 0.0832716 0.0596699 0.0626026 0.0568180 0.0602299 0.0597151 0.0601343 0.0596403 0.0596403 0.0432530 0.0459445 0.0459445 0.0432530 0.0487745 0.0542570 0.0572628 0.0516200 0.0543758 0.0516200 0.0487745 0.0515724 0.0515724 0.0521543 0.0542570 0.0915115 0.0912639 0.0644328 0.0460003 0.0484599 0.0402542 0.0635312 0.0631904 0.0540258 0.0547722 0.0598357 0.0381047 0.0556215 0.0872389 0.0553640 0.0525829 0.0620048 0.0556323 0.0435719 0.0783315 0.1119142 0.0636448 0.0998923 0.0513577 0.0569834 0.0565676 0.0565676 0.0597819 0.0513577 0.0541052 0.0544265 0.0598046 0.0666825 0.0608127 0.0687557 0.1279271 0.0640794 0.0607801 0.1384946 0.0665312 0.0601719 0.0925156 0.0744283 0.1321518 0.0950637 0.0489423 0.0662079 0.0461384 0.2092093 0.2067805 0.0068106 0.0456135 0.0599413 
XM_034668992_1_PREDICTED_Ailuropoda_melanoleuca_REV3_like_DNA_directed_polymerase_zeta_catalytic_subunit_REV3L_transcript_variant_X1_mRNA_1                0.0559726 0.0981864 0.1357952 0.0528473 0.0554432 0.0260501 0.0531526 0.0422212 0.0797498 0.0528473 0.0316305 0.0000000 0.0449169 0.0403266 0.0831722 0.0996965 0.0646457 0.0991324 0.0645468 0.0526315 0.1520829 0.1506969 0.1524679 0.1385731 0.0915041 0.0975888 0.0860692 0.7748618 0.0966214 0.0761315 0.1082659 0.0974731 0.0873885 0.1288229 0.1051080 0.1429564 0.1007657 0.0986220 0.0834840 0.0802447 0.0619234 0.0754500 0.0740689 0.3424583 0.0818466 0.0850305 0.0851752 0.0285822 0.0260665 0.0260665 0.0310997 0.0285822 0.0235595 0.0091092 0.0344369 0.0344369 0.0235905 0.0212222 0.0312647 0.0285437 0.0260501 0.0091092 0.0259477 0.0259477 0.0284308 0.0338421 0.0312677 0.0312677 0.0341360 0.0694677 0.0526524 0.0554432 0.0499269 0.0531244 0.0526901 0.0530414 0.0526257 0.0526257 0.0342000 0.0316184 0.0316184 0.0342000 0.0394205 0.0393724 0.0474463 0.0421045 0.0447222 0.0421045 0.0394205 0.0420684 0.0420684 0.0425273 0.0393724 0.0891413 0.0952690 0.0541888 0.0475810 0.0476611 0.0396004 0.0478628 0.0476387 0.0419787 0.0397277 0.0446084 0.0321174 0.0515069 0.0666858 0.0401300 0.0428521 0.0461236 0.0403266 0.0397678 0.0616318 0.0856733 0.0563180 0.0750864 0.0501713 0.0556475 0.0583713 0.0583713 0.0583713 0.0501713 0.0528473 0.0531526 0.0583903 0.0650552 0.0593505 0.0638759 0.1202569 0.0649683 0.0617508 0.1170519 0.0561020 0.0448103 0.0804497 0.0823586 0.1256229 0.1061040 0.0593097 0.0657458 0.0450828 0.1928063 0.1931158 0.0370843 0.0445803 0.0704088 
XM_015600069_2_PREDICTED_Pteropus_alecto_REV3_like_DNA_directed_polymerase_zeta_catalytic_subunit_REV3L_transcript_variant_X1_mRNA_1                       0.0685175 0.1278995 0.1551846 0.0651364 0.0702173 0.0455148 0.0655363 0.0593829 0.0938509 0.0651364 0.0512737 0.0449169 0.0000000 0.0455341 0.0973909 0.1148936 0.0809337 0.1280115 0.0832752 0.0718273 0.1397643 0.1396739 0.1459103 0.1398603 0.1260316 0.1360649 0.1047011 0.7748618 0.1120263 0.0864313 0.1441088 0.1059908 0.1185983 0.1406871 0.1204731 0.1679910 0.1090226 0.1141213 0.1044595 0.1079496 0.0883863 0.0945974 0.0849558 0.4316693 0.1063112 0.1097703 0.1099160 0.0396311 0.0369563 0.0369563 0.0422972 0.0396311 0.0482888 0.0559516 0.0568713 0.0568713 0.0478187 0.0453119 0.0509802 0.0482545 0.0455148 0.0559516 0.0508804 0.0508804 0.0481856 0.0599992 0.0570990 0.0570990 0.0605459 0.0909831 0.0672536 0.0702173 0.0643842 0.0678890 0.0673055 0.0677840 0.0672224 0.0672224 0.0509098 0.0536225 0.0536225 0.0509098 0.0508296 0.0562656 0.0560807 0.0536554 0.0563877 0.0536554 0.0508296 0.0536062 0.0536062 0.0542040 0.0562656 0.1018299 0.1004418 0.0632562 0.0594360 0.0022538 0.0091457 0.0390567 0.0584658 0.0470822 0.0477347 0.0467619 0.0348198 0.0370074 0.0816497 0.0538674 0.0455661 0.0544622 0.0455341 0.0371445 0.0801527 0.1056965 0.0721649 0.0976860 0.0623319 0.0680949 0.0651995 0.0651995 0.0709515 0.0623319 0.0651364 0.0655363 0.0717359 0.0782004 0.0721919 0.0823895 0.1267377 0.0778146 0.0778405 0.1396748 0.0678082 0.0654263 0.0774662 0.0957069 0.1290641 0.1138338 0.0631284 0.0691181 0.0568467 0.2143551 0.2119696 0.0597628 0.0562173 0.0769302 
XM_005883745_2_PREDICTED_Myotis_brandtii_REV3_like_polymerase_DNA_directed_zeta_catalytic_subunit_REV3L_transcript_variant_X1_mRNA_1                       0.0657813 0.1271421 0.1436446 0.0624368 0.0657390 0.0404323 0.0628174 0.0454671 0.0856999 0.0624368 0.0556323 0.0403266 0.0455341 0.0000000 0.0843195 0.1066816 0.0764431 0.1224842 0.0728178 0.0612177 0.1479574 0.1393550 0.1482560 0.1421796 0.1252452 0.1319316 0.0974492 0.7748618 0.1022676 0.0853742 0.1384433 0.1116969 0.1010393 0.1338692 0.1191621 0.1550434 0.1148120 0.1057160 0.0991943 0.0957070 0.0838917 0.0845848 0.0804480 0.3684666 0.1018977 0.1053878 0.1055379 0.0379351 0.0352137 0.0352137 0.0406498 0.0379351 0.0431864 0.0457709 0.0589327 0.0589327 0.0461276 0.0435739 0.0463628 0.0431562 0.0404323 0.0457709 0.0486981 0.0486981 0.0490696 0.0548017 0.0519174 0.0519174 0.0553054 0.0841340 0.0627655 0.0657390 0.0598793 0.0633617 0.0628138 0.0632613 0.0627349 0.0627349 0.0492558 0.0520123 0.0520123 0.0492558 0.0491755 0.0546995 0.0545151 0.0520435 0.0548201 0.0520435 0.0491755 0.0490181 0.0490181 0.0525872 0.0546995 0.0875814 0.0989338 0.0617714 0.0579106 0.0427828 0.0347518 0.0454908 0.0547350 0.0487501 0.0405230 0.0484087 0.0243204 0.0435828 0.0420566 0.0162661 0.0091536 0.0116155 0.0000010 0.0294405 0.0697296 0.1024226 0.0675853 0.0907372 0.0596435 0.0653783 0.0682234 0.0682234 0.0682234 0.0596435 0.0624368 0.0628174 0.0657943 0.0753929 0.0694131 0.0718105 0.1267272 0.0671343 0.0671699 0.1282456 0.0632909 0.0608644 0.0792358 0.0807247 0.1121977 0.1081553 0.0631645 0.0698079 0.0485403 0.2028557 0.1950577 0.0619375 0.0546498 0.0745340 
XM_006157005_3_PREDICTED_Tupaia_chinensis_REV3_like_DNA_directed_polymerase_zeta_catalytic_subunit_REV3L_transcript_variant_X3_mRNA_1                      0.0658285 0.1270181 0.1485242 0.0632536 0.0949915 0.0773780 0.0628699 0.0698441 0.0736706 0.0632536 0.0875796 0.0831722 0.0973909 0.0843195 0.0000000 0.0869158 0.0855258 0.1116788 0.1080490 0.0569450 0.1642746 0.1628890 0.1678204 0.1583264 0.1213899 0.1334605 0.1047708 0.7748618 0.0890120 0.0940756 0.1215062 0.1129787 0.0999767 0.1344774 0.1077755 0.1355001 0.1034929 0.0938932 0.0963203 0.0929756 0.0996312 0.1094555 0.0988203 0.4323111 0.1033629 0.1068132 0.1207277 0.0808329 0.0776171 0.0776171 0.0740287 0.0808329 0.0805680 0.0790888 0.0913895 0.0913895 0.0777901 0.0751038 0.0909011 0.0804991 0.0773780 0.0790888 0.0806009 0.0806009 0.0775803 0.0838621 0.0806353 0.0806353 0.0846651 0.1128670 0.0854751 0.0949915 0.0885048 0.0926238 0.0917474 0.0894089 0.0916307 0.0916307 0.0702427 0.0731695 0.0731695 0.0702427 0.0734236 0.0793449 0.0826972 0.0765536 0.0795296 0.0765536 0.0734236 0.0732148 0.0732148 0.0773698 0.0793449 0.1134047 0.1237857 0.0920638 0.0876103 0.0940362 0.0843260 0.0907457 0.0932193 0.0707753 0.0705791 0.0862435 0.0715618 0.0893853 0.1116001 0.0874202 0.0775145 0.0916157 0.0843195 0.0761500 0.1045430 0.1395092 0.0660868 0.1300019 0.0604244 0.0662357 0.0691175 0.0691175 0.0691175 0.0604244 0.0575387 0.0628699 0.0630473 0.0661020 0.0634357 0.0648461 0.1140021 0.0569999 0.0540080 0.1060728 0.0812183 0.0711295 0.1106668 0.1133387 0.1711866 0.1295482 0.0866413 0.0793036 0.0645503 0.2623821 0.2393126 0.0947418 0.0803634 0.1056823 
XM_027402162_2_PREDICTED_Cricetulus_griseus_REV3_like_DNA_directed_polymerase_zeta_catalytic_subunit_Rev3l_transcript_variant_X5_mRNA_1                    0.0758154 0.0656609 0.0918553 0.0794616 0.0889710 0.0908414 0.0727306 0.0873570 0.0286448 0.0794616 0.1096222 0.0996965 0.1148936 0.1066816 0.0869158 0.0000000 0.0710470 0.0741731 0.1090858 0.0759275 0.1681311 0.1632153 0.1527496 0.1462230 0.1239657 0.1235905 0.1091405 0.7748618 0.0940097 0.0655040 0.0649355 0.0723889 0.0772033 0.0798630 0.0581552 0.0887572 0.0423205 0.0534170 0.0417319 0.0390717 0.0902042 0.0829645 0.0834395 0.3850087 0.0949173 0.0982313 0.1116253 0.0944988 0.0911190 0.0911190 0.0913410 0.0944988 0.0941911 0.0998907 0.1138260 0.1138260 0.0941968 0.0914866 0.1051247 0.0941056 0.0908414 0.0998907 0.0971197 0.0971197 0.0939620 0.0965892 0.0932492 0.0932492 0.0975205 0.1004276 0.0795388 0.0889710 0.0825494 0.0865739 0.0857609 0.0789195 0.0856508 0.0856508 0.0942869 0.0974521 0.0974521 0.0942869 0.0860349 0.0921548 0.0956745 0.0892985 0.0923745 0.0892985 0.0860349 0.0829994 0.0829994 0.0902608 0.0921548 0.1316452 0.1422263 0.1210586 0.1010172 0.1113503 0.1011241 0.1053031 0.1140653 0.0967842 0.0908638 0.1065151 0.0927073 0.1016410 0.1320913 0.1100274 0.1029908 0.1148732 0.1066816 0.0972898 0.1055272 0.1669301 0.0674236 0.1519348 0.0764823 0.0826331 0.0856698 0.0856698 0.0856698 0.0764823 0.0794616 0.0727306 0.0791542 0.0858743 0.0796748 0.0842055 0.0999907 0.0760087 0.0789657 0.1183041 0.0884048 0.0720222 0.1187947 0.1435070 0.1667176 0.1529249 0.1090396 0.1038750 0.0884113 0.2738725 0.2363141 0.1174639 0.0940412 0.1149717 
XM_013069186_2_PREDICTED_Heterocephalus_glaber_REV3_like_DNA_directed_polymerase_zeta_catalytic_subunit_Rev3l_transcript_variant_X1_mRNA_1                 0.0561757 0.0939267 0.1311877 0.0530405 0.0732629 0.0509384 0.0533478 0.0600216 0.0477974 0.0530405 0.0755663 0.0646457 0.0809337 0.0764431 0.0855258 0.0710470 0.0000000 0.0865250 0.0754710 0.0616720 0.1548424 0.1534376 0.1581953 0.1489213 0.0956122 0.1017708 0.0927488 0.7748618 0.0686494 0.0622327 0.1070922 0.0889436 0.0726426 0.1177916 0.0924750 0.1226875 0.0809060 0.0787570 0.0680672 0.0650944 0.0308425 0.0367839 0.0284069 0.3417913 0.0561226 0.0589763 0.0706218 0.0539439 0.0568088 0.0568088 0.0625890 0.0539439 0.0537663 0.0704459 0.0791172 0.0791172 0.0595580 0.0626630 0.0687565 0.0482330 0.0509384 0.0704459 0.0621706 0.0621706 0.0593885 0.0659339 0.0629645 0.0629645 0.0665405 0.0941841 0.0645851 0.0732629 0.0673762 0.0709386 0.0703242 0.0708294 0.0702374 0.0702374 0.0628632 0.0656889 0.0656889 0.0628632 0.0618375 0.0617611 0.0705029 0.0647536 0.0675496 0.0647536 0.0618375 0.0590787 0.0590787 0.0654163 0.0617611 0.1109154 0.1178990 0.0857319 0.0718388 0.0778325 0.0688324 0.0720520 0.0837096 0.0710363 0.0657347 0.0739364 0.0610019 0.0704640 0.1100010 0.0824201 0.0731829 0.0834011 0.0764431 0.0694043 0.0785841 0.1290421 0.0482934 0.1163142 0.0503571 0.0558485 0.0585792 0.0585792 0.0585792 0.0503571 0.0530405 0.0533478 0.0592102 0.0652832 0.0595643 0.0671426 0.1260412 0.0649825 0.0621137 0.0955823 0.0593040 0.0532740 0.0925251 0.1138802 0.1627094 0.1334723 0.0814354 0.0889151 0.0660062 0.2234965 0.2047739 0.0822773 0.0681868 0.0841608 
XM_008852401_2_PREDICTED_Nannospalax_galili_REV3_like_DNA_directed_polymerase_zeta_catalytic_subunit_Rev3l_transcript_variant_X1_mRNA_1                    0.0969459 0.0907034 0.1398192 0.0929518 0.1135355 0.0967131 0.0935984 0.1018576 0.0620771 0.0929518 0.1052224 0.0991324 0.1280115 0.1224842 0.1116788 0.0741731 0.0865250 0.0000000 0.1356792 0.0862465 0.1786193 0.1650516 0.1869467 0.1681660 0.1487303 0.1481705 0.1204856 1.2225981 0.1074940 0.0848356 0.0999622 0.0865730 0.1083255 0.1260816 0.0936260 0.1314947 0.0844454 0.0822994 0.0772609 0.0741901 0.0897095 0.0984194 0.1062601 0.3539972 0.0823572 0.0855534 0.0926388 0.1004189 0.0970043 0.0970043 0.0969159 0.1004189 0.1000960 0.1057937 0.1093272 0.1093272 0.1066066 0.1039278 0.1111689 0.1000039 0.0967131 0.1057937 0.1095740 0.1095740 0.1063600 0.1064199 0.1030006 0.1030006 0.1074490 0.1161427 0.1033971 0.1135355 0.1065957 0.1111722 0.1100559 0.1025363 0.1099143 0.1099143 0.1158957 0.1124305 0.1124305 0.1158957 0.0956141 0.0954919 0.1054782 0.0989622 0.1020966 0.0989622 0.0956141 0.0925194 0.0925194 0.1000316 0.0954919 0.1629066 0.1584169 0.1222885 0.1124039 0.1243009 0.1163286 0.1067234 0.1228602 0.1046091 0.1059419 0.1079237 0.1033244 0.1195217 0.1518223 0.1336179 0.1186137 0.1312677 0.1224842 0.1051811 0.1318327 0.1590197 0.0963728 0.1479456 0.0898604 0.0962694 0.0994220 0.0994220 0.0994220 0.0898604 0.0929518 0.0935984 0.1005890 0.1079974 0.1013109 0.0993760 0.1253228 0.1011383 0.1003756 0.1343272 0.1043762 0.0904437 0.1339847 0.1505050 0.1885077 0.1647000 0.1091676 0.1136270 0.0953169 0.2549786 0.2292683 0.1128897 0.1085157 0.1278325 
XM_023650934_1_PREDICTED_Equus_caballus_REV3_like_DNA_directed_polymerase_zeta_catalytic_subunit_REV3L_transcript_variant_X1_mRNA_1                        0.0810698 0.1400298 0.1588074 0.0774462 0.0829271 0.0621615 0.0779475 0.0621581 0.0948900 0.0774462 0.0814823 0.0645468 0.0832752 0.0728178 0.1080490 0.1090858 0.0754710 0.1356792 0.0000000 0.0812486 0.1586108 0.1572167 0.1591465 0.1555343 0.1383137 0.1258797 0.1128963 0.7748618 0.1242249 0.0934891 0.1521711 0.1187494 0.1201273 0.1439404 0.1116540 0.1669867 0.1133180 0.1186951 0.1090944 0.1055179 0.0918662 0.1078785 0.0914810 0.3690775 0.1075431 0.1110607 0.1142333 0.0628413 0.0598959 0.0598959 0.0657529 0.0628413 0.0650942 0.0703458 0.0790144 0.0790144 0.0651302 0.0658333 0.0720184 0.0650440 0.0621615 0.0703458 0.0677674 0.0677674 0.0649502 0.0716537 0.0686357 0.0686357 0.0723145 0.0919558 0.0739058 0.0829271 0.0767936 0.0805873 0.0796163 0.0742811 0.0736476 0.0736476 0.0623723 0.0651768 0.0651768 0.0623723 0.0648963 0.0589966 0.0737008 0.0619744 0.0647659 0.0619744 0.0648963 0.0620988 0.0620988 0.0626110 0.0589966 0.1198108 0.1169792 0.0884819 0.0745028 0.0801691 0.0711605 0.0805713 0.0860752 0.0794365 0.0741195 0.0823893 0.0633557 0.0791093 0.1042510 0.0724825 0.0755601 0.0796443 0.0728178 0.0717518 0.0022432 0.1143930 0.0788870 0.1091874 0.0745339 0.0805437 0.0835128 0.0835128 0.0775266 0.0745339 0.0774462 0.0779475 0.0844560 0.0912894 0.0850194 0.0929460 0.1552706 0.0846567 0.0846751 0.1454464 0.0813014 0.0745660 0.1045647 0.1126390 0.1626228 0.1437141 0.0901898 0.0913169 0.0683390 0.2257264 0.2147761 0.0821752 0.0621581 0.0895603 
XM_035296530_1_PREDICTED_Callithrix_jacchus_REV3_like_DNA_directed_polymerase_zeta_catalytic_subunit_REV3L_transcript_variant_X1_mRNA_1                    0.0236974 0.1044249 0.1390846 0.0213268 0.0646972 0.0448908 0.0212199 0.0538630 0.0576303 0.0213268 0.0514366 0.0526315 0.0718273 0.0612177 0.0569450 0.0759275 0.0616720 0.0862465 0.0812486 0.0000000 0.1560959 0.1442396 0.1539387 0.1398375 0.0920665 0.1007438 0.0725725 0.7748618 0.0757245 0.0693097 0.1059997 0.0991928 0.0755445 0.1254707 0.0932803 0.1277626 0.0889372 0.0744387 0.0728521 0.0697711 0.0702662 0.0722753 0.0796514 0.3376903 0.0761022 0.0792409 0.0818667 0.0477901 0.0450318 0.0450318 0.0451271 0.0477901 0.0476326 0.0449322 0.0546078 0.0546078 0.0476739 0.0451711 0.0563493 0.0475991 0.0448908 0.0449322 0.0501970 0.0501970 0.0475318 0.0450299 0.0423052 0.0423052 0.0454304 0.0827362 0.0562029 0.0646972 0.0589451 0.0623558 0.0618262 0.0595104 0.0617497 0.0617497 0.0598444 0.0626459 0.0626459 0.0598444 0.0504337 0.0558332 0.0587995 0.0532396 0.0559536 0.0532396 0.0504337 0.0477576 0.0477576 0.0537808 0.0558332 0.0931145 0.0947389 0.0824245 0.0627532 0.0688055 0.0600287 0.0691362 0.0719153 0.0598583 0.0602515 0.0684250 0.0522747 0.0675050 0.0892657 0.0669570 0.0581164 0.0677330 0.0612177 0.0580220 0.0781019 0.1146793 0.0419881 0.1035812 0.0238032 0.0238176 0.0262901 0.0262901 0.0262901 0.0238032 0.0262695 0.0212199 0.0212913 0.0263710 0.0263549 0.0138508 0.0238789 0.0093190 0.0092485 0.0951294 0.0418390 0.0363441 0.0702805 0.0957642 0.1267080 0.1135985 0.0724640 0.0630140 0.0380096 0.2161240 0.1947567 0.0575111 0.0538630 0.0781454 
XM_007484437_2_PREDICTED_Monodelphis_domestica_REV3_like_DNA_directed_polymerase_zeta_catalytic_subunit_REV3L_transcript_variant_X1_mRNA_1                 0.1509940 0.1892893 0.2326940 0.1458409 0.1449637 0.1458254 0.1470426 0.1350612 0.1672476 0.1458409 0.1363892 0.1520829 0.1397643 0.1479574 0.1642746 0.1681311 0.1548424 0.1786193 0.1586108 0.1560959 0.0000000 0.0463813 0.0463201 0.0555390 0.2024322 0.2049034 0.1681660 0.7748618 0.2030784 0.1550693 0.2112572 0.1729687 0.1577865 0.2153091 0.1693256 0.2317410 0.1594748 0.1784028 0.1692938 0.1735810 0.1508641 0.1701027 0.1596718 0.5639251 0.1757109 0.1714146 0.1807836 0.1396224 0.1358330 0.1358330 0.1432624 0.1396224 0.1497223 0.1598160 0.1437618 0.1437618 0.1458077 0.1449224 0.1485031 0.1495613 0.1458254 0.1598160 0.1418373 0.1418373 0.1383458 0.1533322 0.1494053 0.1494053 0.1548956 0.1637997 0.1409333 0.1449637 0.1444352 0.1463926 0.1514061 0.1418895 0.1439742 0.1439742 0.1465108 0.1500573 0.1500573 0.1465108 0.1417519 0.1487876 0.1484317 0.1456417 0.1491772 0.1456417 0.1417519 0.1414726 0.1414726 0.1473008 0.1487876 0.1697374 0.1624649 0.1404868 0.1316059 0.1360303 0.1326328 0.1352650 0.1625774 0.1609188 0.1514956 0.1552705 0.1387999 0.1264099 0.1669096 0.1515097 0.1481144 0.1547114 0.1479574 0.1490125 0.1545468 0.1846607 0.1578993 0.1724010 0.1423045 0.1455639 0.1533660 0.1533660 0.1454957 0.1423045 0.1458409 0.1470426 0.1553031 0.1567955 0.1491120 0.1685721 0.2465345 0.1638848 0.1637257 0.2179015 0.1581123 0.1481966 0.1831014 0.1501511 0.1989353 0.1512970 0.1358663 0.1599761 0.1218117 0.2321751 0.2308153 0.1476609 0.1488973 0.1459060 
XM_031964400_1_PREDICTED_Sarcophilus_harrisii_REV3_like_DNA_directed_polymerase_zeta_catalytic_subunit_REV3L_transcript_variant_X1_mRNA_1                  0.1429686 0.2006131 0.2260077 0.1480909 0.1508538 0.1443964 0.1391216 0.1336104 0.1547605 0.1480909 0.1408812 0.1506969 0.1396739 0.1393550 0.1628890 0.1632153 0.1534376 0.1650516 0.1572167 0.1442396 0.0463813 0.0000000 0.0342703 0.0399098 0.1964767 0.1989420 0.1515262 0.7748618 0.1845290 0.1430131 0.2038738 0.1715913 0.1647883 0.2090743 0.1721207 0.2249971 0.1547680 0.1651533 0.1530513 0.1570745 0.1558330 0.1687057 0.1582788 0.5247015 0.1743552 0.1700442 0.1830477 0.1381857 0.1343798 0.1343798 0.1418430 0.1381857 0.1483097 0.1584592 0.1442105 0.1442105 0.1443847 0.1435004 0.1470954 0.1481496 0.1443964 0.1584592 0.1476521 0.1476521 0.1441080 0.1519350 0.1479921 0.1479921 0.1534940 0.1706508 0.1394871 0.1508538 0.1430068 0.1485471 0.1500101 0.1404369 0.1425445 0.1425445 0.1450847 0.1486488 0.1486488 0.1450847 0.1403079 0.1473790 0.1470217 0.1442143 0.1477673 0.1442143 0.1403079 0.1400268 0.1400268 0.1458685 0.1473790 0.1547936 0.1532007 0.1426888 0.1336649 0.1358714 0.1324114 0.1294351 0.1586213 0.1507806 0.1468472 0.1415281 0.1328338 0.1260714 0.1473721 0.1428884 0.1395014 0.1480186 0.1393550 0.1429927 0.1531372 0.1988573 0.1532625 0.1908553 0.1445112 0.1520509 0.1557117 0.1557117 0.1557117 0.1445112 0.1480909 0.1391216 0.1471647 0.1559620 0.1483805 0.1491434 0.2193616 0.1517711 0.1516488 0.2063279 0.1535699 0.1511259 0.1702946 0.1519171 0.2147105 0.1568693 0.1444005 0.1411516 0.1202881 0.2330220 0.2068019 0.1481981 0.1474854 0.1505615 
XM_036766364_1_PREDICTED_Trichosurus_vulpecula_REV3_like_DNA_directed_polymerase_zeta_catalytic_subunit_REV3L_transcript_variant_X1_mRNA_1                 0.1525914 0.1895920 0.2057905 0.1579811 0.1526451 0.1460824 0.1486075 0.1350915 0.1595839 0.1579811 0.1506828 0.1524679 0.1459103 0.1482560 0.1678204 0.1527496 0.1581953 0.1869467 0.1591465 0.1539387 0.0463201 0.0342703 0.0000000 0.0241442 0.2023690 0.2048303 0.1605104 0.7748618 0.1946582 0.1476053 0.2022243 0.1857988 0.1619321 0.1890639 0.1780258 0.2236929 0.1525246 0.1703336 0.1584053 0.1625294 0.1607063 0.1828834 0.1631602 0.5509947 0.1796589 0.1752535 0.1818273 0.1397470 0.1358793 0.1358793 0.1434624 0.1397470 0.1500619 0.1603647 0.1541172 0.1541172 0.1460632 0.1451585 0.1488146 0.1498971 0.1460824 0.1603647 0.1493828 0.1493828 0.1457824 0.1537483 0.1497379 0.1497379 0.1553485 0.1727937 0.1410868 0.1526451 0.1446618 0.1503148 0.1517790 0.1420643 0.1441911 0.1441911 0.1361476 0.1396464 0.1396464 0.1361476 0.1341275 0.1491055 0.1408520 0.1380241 0.1415825 0.1380241 0.1341275 0.1338447 0.1338447 0.1475909 0.1491055 0.1965953 0.1750155 0.1443704 0.1430449 0.1419962 0.1384463 0.1352995 0.1631805 0.1614917 0.1518686 0.1557218 0.1389088 0.1258667 0.1530945 0.1518822 0.1484166 0.1551495 0.1482560 0.1446416 0.1549944 0.2063557 0.1551145 0.1980315 0.1542909 0.1620842 0.1658607 0.1658607 0.1658607 0.1542909 0.1579811 0.1486075 0.1569351 0.1661121 0.1582769 0.1664295 0.2782092 0.1617217 0.1615686 0.2156871 0.1553868 0.1454973 0.1724263 0.1537213 0.2176986 0.1671233 0.1460856 0.1422252 0.1290542 0.2195845 0.1933435 0.1582502 0.1572875 0.1476204 
XM_027848601_1_PREDICTED_Vombatus_ursinus_REV3_like_DNA_directed_polymerase_zeta_catalytic_subunit_REV3L_transcript_variant_X1_mRNA_1                      0.1399188 0.1760082 0.2008558 0.1450120 0.1386151 0.1399861 0.1360752 0.1293617 0.1501992 0.1450120 0.1364057 0.1385731 0.1398603 0.1421796 0.1583264 0.1462230 0.1489213 0.1681660 0.1555343 0.1398375 0.0555390 0.0399098 0.0241442 0.0000000 0.1999069 0.2116118 0.1592937 0.7748618 0.1841602 0.1385336 0.1851549 0.1754920 0.1645785 0.1844889 0.1737817 0.2170053 0.1488761 0.1603955 0.1463949 0.1504042 0.1594775 0.1814287 0.1619209 0.4595678 0.1578403 0.1537314 0.1626740 0.1264008 0.1226992 0.1226992 0.1299747 0.1264008 0.1438706 0.1461374 0.1397164 0.1397164 0.1399929 0.1315064 0.1350045 0.1437164 0.1399861 0.1461374 0.1432433 0.1432433 0.1397169 0.1474726 0.1435578 0.1435578 0.1489867 0.1579208 0.1275453 0.1386151 0.1309935 0.1362605 0.1378461 0.1283847 0.1305503 0.1305503 0.1329579 0.1364543 0.1364543 0.1329579 0.1283309 0.1429713 0.1349169 0.1321321 0.1356162 0.1321321 0.1283309 0.1280534 0.1280534 0.1414174 0.1429713 0.1810019 0.1597806 0.1364446 0.1277087 0.1360381 0.1325611 0.1295684 0.1489360 0.1550930 0.1457050 0.1494844 0.1329862 0.1261920 0.1443757 0.1380314 0.1423299 0.1489455 0.1421796 0.1431970 0.1514724 0.2033925 0.1487534 0.1922048 0.1414290 0.1489701 0.1526346 0.1526346 0.1526346 0.1414290 0.1450120 0.1360752 0.1441124 0.1528870 0.1453025 0.1520182 0.2282098 0.1473218 0.1472115 0.1995996 0.1491550 0.1466951 0.1657318 0.1668439 0.2099515 0.1537734 0.1399926 0.1363751 0.1161299 0.2236043 0.1866920 0.1436741 0.1430654 0.1461484 
