152
NM_001372078_1_Homo_sapiens_REV3_like_DNA_directed_polymerase_zeta_catalytic_subunit_REV3L_transcript_variant_4_mRNA_1                                     0.0000000 0.1615628 0.1879078 0.0193493 0.0902541 0.0805098 0.0026818 0.0826627 0.1403435 0.0194644 0.0857738 0.0780046 0.0821928 0.0937149 0.0856722 0.1400207 0.1009667 0.1135342 0.0777694 0.0333186 0.2303742 0.2338636 0.2264368 0.2232664 0.1169044 0.1276865 0.0873211 0.1854729 0.0915724 0.1225899 0.1623354 0.1479619 0.1364863 0.1853527 0.1624873 0.1906064 0.1625195 0.1653097 0.1444543 0.1429924 0.1083461 0.1190372 0.1058337 0.0905008 0.0905844 0.0888059 0.0875445 0.0814927 0.0800620 0.0797556 0.0791368 0.0807102 0.0793338 0.0798111 0.0805098 0.0784483 0.0843403 0.0865538 0.0757969 0.0829815 0.0872237 0.0827624 0.0809901 0.0785640 0.0774006 0.0774914 0.0780290 0.0753608 0.0792000 0.0753963 0.0751362 0.0921209 0.0903901 0.0904204 0.0911696 0.0891728 0.0891888 0.0922810 0.0934406 0.0957645 0.0779688 0.0789687 0.0802306 0.0785673 0.0776575 0.0763646 0.0783826 0.0780351 0.0774478 0.0783205 0.0781881 0.0779156 0.0760586 0.0766993 0.0767075 0.0767214 0.1396642 0.1194487 0.1074848 0.0951740 0.0824658 0.0820867 0.0846370 0.0968041 0.1006957 0.0889196 0.0881236 0.0858823 0.0943041 0.0995021 0.1049321 0.0973704 0.0915728 0.0919384 0.0829504 0.0780810 0.1624574 0.0740984 0.1813976 0.0227243 0.0203706 0.0191515 0.0207251 0.0207314 0.0200416 0.0205092 0.0209629 0.0247657 0.0053887 0.0030060 0.0109781 0.0131229 0.0137091 0.0323902 0.0352844 0.0326041 0.0308755 0.0964409 0.0541160 0.0573366 0.0776056 0.0967236 0.1343977 0.1042923 0.0922237 0.0913388 0.1063124 0.3512051 0.3447050 0.0830703 0.0711644 0.0859884 
NM_011264_3_Mus_musculus_REV3_like_DNA_directed_polymerase_zeta_catalytic_subunit_Rev3l_mRNA_1                                                             0.1615628 0.0000000 0.0908943 0.1646719 0.1868489 0.1788915 0.1617435 0.1842149 0.1017307 0.1645213 0.1844823 0.1756304 0.1783576 0.1958975 0.1826843 0.1001026 0.1778235 0.1330633 0.1731771 0.1707745 0.3231013 0.3322122 0.3218852 0.3152614 0.2031357 0.2107789 0.1823761 0.0187533 0.1613949 0.1925712 0.0327974 0.1076485 0.1809295 0.0871127 0.0556187 0.0685996 0.0547958 0.1247244 0.1050348 0.1043698 0.1824278 0.1966527 0.1845929 0.1749269 0.1748002 0.1710874 0.1694105 0.1787291 0.1755021 0.1742636 0.1745218 0.1780727 0.1741507 0.1748942 0.1785519 0.1751473 0.1822311 0.1844830 0.1775457 0.1825057 0.1855133 0.1813618 0.1791855 0.1749359 0.1788388 0.1803655 0.1805381 0.1755510 0.1825815 0.1764254 0.1756057 0.1867526 0.1864973 0.1870859 0.1895967 0.1850501 0.1868178 0.1873763 0.1886661 0.1888584 0.1756823 0.1787239 0.1822209 0.1785601 0.1808140 0.1790196 0.1799717 0.1806094 0.1793260 0.1806932 0.1805934 0.1806077 0.1794483 0.1789943 0.1793419 0.1791517 0.2328303 0.2257562 0.2068002 0.1961763 0.1787180 0.1788289 0.1832595 0.1963964 0.1991048 0.1850461 0.1834100 0.1865235 0.1946504 0.1964068 0.2055398 0.1985034 0.1932936 0.1941490 0.1821955 0.1738378 0.2505650 0.1727445 0.2736594 0.1646746 0.1649522 0.1647868 0.1650174 0.1660426 0.1640528 0.1622321 0.1625074 0.1668977 0.1630889 0.1619281 0.1624820 0.1622646 0.1618397 0.1677853 0.1785119 0.1702720 0.1668007 0.1948985 0.1584421 0.1613465 0.1855835 0.1848545 0.2296836 0.2004368 0.1876835 0.1870440 0.2005229 0.4392338 0.4335069 0.1794615 0.1731962 0.1816603 
XM_006256524_2_PREDICTED_Rattus_norvegicus_REV3_like_DNA_directed_polymerase_zeta_catalytic_subunit_Rev3l_transcript_variant_X1_mRNA_1                     0.1879078 0.0908943 0.0000000 0.1893488 0.2137993 0.2060864 0.1878643 0.2092448 0.1265955 0.1895389 0.2081685 0.1978293 0.2049356 0.2198461 0.2104882 0.1253826 0.2040806 0.1608904 0.1986931 0.1966774 0.3477949 0.3606450 0.3470019 0.3434573 0.2257642 0.2355734 0.2050378 0.0999200 0.1877848 0.2203749 0.0912813 0.1281883 0.2036160 0.0132318 0.0917697 0.1123472 0.0908383 0.1471713 0.1288209 0.1291065 0.2089336 0.2228096 0.2124413 0.1979757 0.1978433 0.1930057 0.1930126 0.2064076 0.2035017 0.2018054 0.2019483 0.2065070 0.2006247 0.2015940 0.2064427 0.1990896 0.2049121 0.2075337 0.2020090 0.2075997 0.2123122 0.2088607 0.2060175 0.1988948 0.2023325 0.2041507 0.2045030 0.1992862 0.2038356 0.1985127 0.1984143 0.2125569 0.2143312 0.2140555 0.2182417 0.2123302 0.2152324 0.2136520 0.2157237 0.2152493 0.2001349 0.2026087 0.2071405 0.2024386 0.2057435 0.2012939 0.2048946 0.2050256 0.2044343 0.2052841 0.2057685 0.2055321 0.2032766 0.2036978 0.2032353 0.2010351 0.2551456 0.2530823 0.2302004 0.2224284 0.2052516 0.2077317 0.2077506 0.2195041 0.2256546 0.2083072 0.2088764 0.2099135 0.2186403 0.2204969 0.2320855 0.2242171 0.2147903 0.2169091 0.2096118 0.1986165 0.2729781 0.2003975 0.2964547 0.1906587 0.1894663 0.1907391 0.1891985 0.1909626 0.1887470 0.1885143 0.1876595 0.1935025 0.1899190 0.1880611 0.1880567 0.1906646 0.1909798 0.1932786 0.2075289 0.1963380 0.1926030 0.2174600 0.1850101 0.1855832 0.2111040 0.2128226 0.2525669 0.2224348 0.2158344 0.2151447 0.2301492 0.4469557 0.4416536 0.2044451 0.1971356 0.2077471 
XM_028847034_1_PREDICTED_Macaca_mulatta_REV3_like_DNA_directed_polymerase_zeta_catalytic_subunit_REV3L_transcript_variant_X1_mRNA_1                        0.0193493 0.1646719 0.1893488 0.0000000 0.0930802 0.0808628 0.0192258 0.0848878 0.1431340 0.0007484 0.0866880 0.0780651 0.0823090 0.0948243 0.0849352 0.1418212 0.1014438 0.1173671 0.0790267 0.0343083 0.2286805 0.2339369 0.2257506 0.2247197 0.1205292 0.1303862 0.0907062 0.1888761 0.0912614 0.1226827 0.1650362 0.1480411 0.1411284 0.1875646 0.1661063 0.1929864 0.1661717 0.1689170 0.1465357 0.1450378 0.1089790 0.1198047 0.1072103 0.0910100 0.0918111 0.0902929 0.0881842 0.0827184 0.0812498 0.0809418 0.0805924 0.0822130 0.0803875 0.0811254 0.0808628 0.0789705 0.0847297 0.0877713 0.0765696 0.0832151 0.0877730 0.0832809 0.0817754 0.0793574 0.0774399 0.0778010 0.0783392 0.0752228 0.0794731 0.0752076 0.0757650 0.0940514 0.0935609 0.0932485 0.0947228 0.0923420 0.0926099 0.0945271 0.0966264 0.0976319 0.0804532 0.0821257 0.0840987 0.0817213 0.0806262 0.0789869 0.0813591 0.0810060 0.0804123 0.0809694 0.0805532 0.0808860 0.0786924 0.0793886 0.0793125 0.0794932 0.1387557 0.1217714 0.1082871 0.0945304 0.0822840 0.0823611 0.0849609 0.0975402 0.1011350 0.0895411 0.0881265 0.0881914 0.0956864 0.0997341 0.1061234 0.0983431 0.0929350 0.0927030 0.0851968 0.0790407 0.1604371 0.0751539 0.1805302 0.0105592 0.0054941 0.0018248 0.0041947 0.0045230 0.0041973 0.0091093 0.0095478 0.0136163 0.0195954 0.0191142 0.0185379 0.0194778 0.0200904 0.0332795 0.0351844 0.0334715 0.0317314 0.0963376 0.0557611 0.0590675 0.0785617 0.0968825 0.1370872 0.1042463 0.0919242 0.0915347 0.1075533 0.3510460 0.3463675 0.0833527 0.0721376 0.0861610 
XM_024996589_1_PREDICTED_Bos_taurus_REV3_like_DNA_directed_polymerase_zeta_catalytic_subunit_REV3L_transcript_variant_X1_mRNA_1                            0.0902541 0.1868489 0.2137993 0.0930802 0.0000000 0.0832048 0.0896301 0.0639389 0.1672725 0.0932274 0.0871973 0.0807827 0.0834379 0.0979041 0.1089846 0.1661338 0.1230322 0.1405431 0.0806544 0.0959884 0.2372719 0.2431546 0.2362383 0.2344803 0.1441490 0.1534232 0.1132635 0.2113064 0.1125514 0.1433663 0.1884182 0.1720253 0.1579486 0.2125072 0.1858889 0.2191822 0.1867233 0.1931343 0.1653499 0.1645995 0.1299057 0.1405365 0.1288667 0.1127862 0.1133905 0.1102113 0.1095770 0.0838405 0.0826081 0.0816261 0.0819483 0.0834505 0.0821442 0.0818097 0.0833358 0.0812435 0.0851652 0.0870241 0.0766634 0.0831774 0.0889480 0.0853654 0.0838124 0.0808177 0.0778102 0.0794169 0.0792814 0.0765701 0.0807692 0.0761196 0.0770077 0.0243244 0.0020304 0.0001057 0.0015351 0.0001061 0.0089728 0.0191863 0.0212187 0.0219953 0.0657286 0.0675939 0.0692243 0.0672058 0.0529843 0.0503058 0.0521074 0.0523216 0.0521805 0.0524432 0.0525995 0.0527080 0.0505680 0.0508377 0.0504419 0.0500971 0.1462017 0.1254251 0.1125692 0.1006691 0.0836805 0.0832875 0.0833050 0.0971395 0.0995135 0.0907280 0.0877402 0.0906470 0.0957941 0.0997515 0.1073390 0.0995358 0.0939247 0.0950972 0.0855946 0.0812386 0.1628879 0.0993162 0.1813443 0.0952847 0.0939058 0.0935692 0.0942479 0.0949745 0.0938777 0.0948026 0.0947845 0.0986313 0.0920146 0.0897798 0.0909046 0.0916581 0.0911838 0.0950719 0.1012753 0.0963380 0.0927337 0.1288106 0.0855986 0.0870445 0.1089623 0.1079431 0.1471583 0.1158993 0.1048334 0.1065251 0.1150546 0.3566708 0.3534764 0.0839729 0.0735274 0.0997884 
XM_014118216_3_PREDICTED_Canis_lupus_familiaris_REV3_like_DNA_directed_polymerase_zeta_catalytic_subunit_REV3L_transcript_variant_X1_mRNA_1                0.0805098 0.1788915 0.2060864 0.0808628 0.0832048 0.0000000 0.0808619 0.0741250 0.1569029 0.0810047 0.0449317 0.0365929 0.0699744 0.0844685 0.1016603 0.1566157 0.1140268 0.1274288 0.0701037 0.0889958 0.2317641 0.2357093 0.2247102 0.2260886 0.1401702 0.1490628 0.1084755 0.2074213 0.1038422 0.1364577 0.1821591 0.1627354 0.1512311 0.2038019 0.1784820 0.2100060 0.1781011 0.1856279 0.1527568 0.1533599 0.1198618 0.1317527 0.1202972 0.1044668 0.1035228 0.1022420 0.0998739 0.0418893 0.0432272 0.0427029 0.0424855 0.0424334 0.0423241 0.0423457 0.0002128 0.0374696 0.0436442 0.0452857 0.0344859 0.0458400 0.0515319 0.0059152 0.0051550 0.0378198 0.0356623 0.0362962 0.0366552 0.0326680 0.0356976 0.0331332 0.0330413 0.0833626 0.0833956 0.0833662 0.0836535 0.0826014 0.0828886 0.0845937 0.0855136 0.0882769 0.0692395 0.0704784 0.0709619 0.0700857 0.0689229 0.0675753 0.0691326 0.0687383 0.0680660 0.0688548 0.0690439 0.0693034 0.0663769 0.0667870 0.0676994 0.0665489 0.1338988 0.1120122 0.0991116 0.0881557 0.0703490 0.0716482 0.0714764 0.0851358 0.0894425 0.0771457 0.0756311 0.0772934 0.0839490 0.0884449 0.0943756 0.0873348 0.0828002 0.0819768 0.0724707 0.0698562 0.1491526 0.0884882 0.1657949 0.0820815 0.0820621 0.0811597 0.0821135 0.0824137 0.0816253 0.0814421 0.0816751 0.0865979 0.0817902 0.0810074 0.0791838 0.0817813 0.0813079 0.0859134 0.0917556 0.0862276 0.0853692 0.1184513 0.0769750 0.0789745 0.1019268 0.0965515 0.1401606 0.1077000 0.0943172 0.0933882 0.1081037 0.3532792 0.3468538 0.0421949 0.0607207 0.0888163 
XM_016956167_2_PREDICTED_Pan_troglodytes_REV3_like_DNA_directed_polymerase_zeta_catalytic_subunit_REV3L_transcript_variant_X1_mRNA_1                       0.0026818 0.1617435 0.1878643 0.0192258 0.0896301 0.0808619 0.0000000 0.0830739 0.1402216 0.0193407 0.0861283 0.0780877 0.0817286 0.0934999 0.0851148 0.1397246 0.1004697 0.1126603 0.0769531 0.0329441 0.2297724 0.2330611 0.2258421 0.2230814 0.1167631 0.1281598 0.0864405 0.1855681 0.0908922 0.1219800 0.1620605 0.1475533 0.1366782 0.1858028 0.1618400 0.1896720 0.1627005 0.1651817 0.1437309 0.1426954 0.1076886 0.1187913 0.1053127 0.0904979 0.0902734 0.0891220 0.0875807 0.0819128 0.0804696 0.0801628 0.0795436 0.0811298 0.0797405 0.0802186 0.0808619 0.0788515 0.0849939 0.0869082 0.0764668 0.0835373 0.0870248 0.0828436 0.0813421 0.0789672 0.0774824 0.0778432 0.0783809 0.0751974 0.0794568 0.0751822 0.0755374 0.0914842 0.0901041 0.0897958 0.0908751 0.0888866 0.0885666 0.0913731 0.0928724 0.0951297 0.0772478 0.0783886 0.0799634 0.0779879 0.0775466 0.0760573 0.0781378 0.0779243 0.0773370 0.0776214 0.0778093 0.0778047 0.0756300 0.0765884 0.0762782 0.0765608 0.1392861 0.1190295 0.1081335 0.0956604 0.0820012 0.0819515 0.0840414 0.0972514 0.1000638 0.0889294 0.0876717 0.0860421 0.0944510 0.0989241 0.1050004 0.0971563 0.0910187 0.0913679 0.0825071 0.0778024 0.1623003 0.0735537 0.1812326 0.0228408 0.0202462 0.0193833 0.0206003 0.0208470 0.0201569 0.0206247 0.0210785 0.0251189 0.0057150 0.0009620 0.0109727 0.0131178 0.0138139 0.0325116 0.0354032 0.0327054 0.0307413 0.0966385 0.0542475 0.0569239 0.0781708 0.0967725 0.1339248 0.1039662 0.0917782 0.0911416 0.1062613 0.3515104 0.3443170 0.0832065 0.0711119 0.0859790 
XM_021091238_1_PREDICTED_Sus_scrofa_REV3_like_DNA_directed_polymerase_zeta_catalytic_subunit_REV3L_transcript_variant_X1_mRNA_1                            0.0826627 0.1842149 0.2092448 0.0848878 0.0639389 0.0741250 0.0830739 0.0000000 0.1603714 0.0850319 0.0789555 0.0716537 0.0756974 0.0879300 0.0990237 0.1600966 0.1164010 0.1321525 0.0731890 0.0908368 0.2283792 0.2364445 0.2253847 0.2251918 0.1383802 0.1464396 0.1085443 0.2097353 0.1068379 0.1392555 0.1851921 0.1663147 0.1540655 0.2075795 0.1829806 0.2118483 0.1833324 0.1893073 0.1605347 0.1592719 0.1254507 0.1354959 0.1224375 0.1069763 0.1081934 0.1055896 0.1038299 0.0750430 0.0738160 0.0739237 0.0742376 0.0748187 0.0737646 0.0736944 0.0742537 0.0728447 0.0773754 0.0795097 0.0666685 0.0771750 0.0797489 0.0763797 0.0750255 0.0732269 0.0677386 0.0694188 0.0695511 0.0675722 0.0708693 0.0678619 0.0683974 0.0636419 0.0643260 0.0640870 0.0646174 0.0629960 0.0638796 0.0651945 0.0658785 0.0679021 0.0607403 0.0615941 0.0625895 0.0614679 0.0508152 0.0479616 0.0501091 0.0497977 0.0497966 0.0504616 0.0507098 0.0500438 0.0490847 0.0493123 0.0487229 0.0475408 0.1404327 0.1181421 0.1039262 0.0947585 0.0755412 0.0756364 0.0760759 0.0896406 0.0938709 0.0827882 0.0818240 0.0822377 0.0872444 0.0931865 0.0998964 0.0912365 0.0865176 0.0851996 0.0781655 0.0733667 0.1519605 0.0925323 0.1694887 0.0873781 0.0856563 0.0851693 0.0861677 0.0862690 0.0853307 0.0865085 0.0866250 0.0907364 0.0845406 0.0832208 0.0838876 0.0850238 0.0843894 0.0879559 0.0942182 0.0888716 0.0882665 0.1188768 0.0814377 0.0828457 0.1042842 0.1002334 0.1418823 0.1092099 0.0984331 0.1002684 0.1089389 0.3594359 0.3528513 0.0756991 0.0653759 0.0947582 
XM_040758199_1_PREDICTED_Mesocricetus_auratus_REV3_like_DNA_directed_polymerase_zeta_catalytic_subunit_Rev3l_transcript_variant_X1_mRNA_1                  0.1403435 0.1017307 0.1265955 0.1431340 0.1672725 0.1569029 0.1402216 0.1603714 0.0000000 0.1429888 0.1603375 0.1517773 0.1562080 0.1743896 0.1584363 0.0334869 0.1535071 0.1115532 0.1516208 0.1466024 0.3046911 0.3082121 0.3073404 0.2994949 0.1871818 0.1962140 0.1545957 0.1105274 0.1370934 0.1673106 0.1003350 0.0731752 0.1539188 0.1236771 0.1017082 0.1166207 0.0990892 0.0793647 0.0668279 0.0660371 0.1627039 0.1577629 0.1607000 0.1503903 0.1501857 0.1468891 0.1452007 0.1574700 0.1546725 0.1544477 0.1539048 0.1573364 0.1522572 0.1537720 0.1569029 0.1515230 0.1580461 0.1610793 0.1525317 0.1581809 0.1623123 0.1587768 0.1574367 0.1513246 0.1543321 0.1551020 0.1552658 0.1507762 0.1556264 0.1516766 0.1510702 0.1676261 0.1667601 0.1674955 0.1701609 0.1657522 0.1676829 0.1674084 0.1696720 0.1710396 0.1552112 0.1575445 0.1612539 0.1567336 0.1580941 0.1552307 0.1576524 0.1573245 0.1568142 0.1577656 0.1576866 0.1582518 0.1556847 0.1555885 0.1566820 0.1558978 0.2132351 0.1986020 0.1840222 0.1717156 0.1554012 0.1560589 0.1598606 0.1596157 0.1606888 0.1644055 0.1616358 0.1631576 0.1708766 0.1758723 0.1774062 0.1781826 0.1719351 0.1728590 0.1576429 0.1526190 0.2363295 0.1503534 0.2534162 0.1451115 0.1427593 0.1433751 0.1436201 0.1441314 0.1436395 0.1444259 0.1437614 0.1487364 0.1422199 0.1407097 0.1414913 0.1413962 0.1413805 0.1424963 0.1486731 0.1462942 0.1439643 0.1769139 0.1345730 0.1385764 0.1609679 0.1668308 0.2096110 0.1771396 0.1664970 0.1627396 0.1802642 0.4308295 0.4184208 0.1559674 0.1481146 0.1613429 
XM_015448392_1_PREDICTED_Macaca_fascicularis_REV3_like_DNA_directed_polymerase_zeta_catalytic_subunit_REV3L_transcript_variant_X1_mRNA_1                   0.0194644 0.1645213 0.1895389 0.0007484 0.0932274 0.0810047 0.0193407 0.0850319 0.1429888 0.0000000 0.0868327 0.0784744 0.0824518 0.0949746 0.0850833 0.1416760 0.1017528 0.1175268 0.0794364 0.0344303 0.2287170 0.2341532 0.2259628 0.2249324 0.1206895 0.1302399 0.0908528 0.1886850 0.0914084 0.1228496 0.1648857 0.1475731 0.1409804 0.1874094 0.1659560 0.1928285 0.1660208 0.1687647 0.1463898 0.1448922 0.1090022 0.1201333 0.1072361 0.0911614 0.0919623 0.0904397 0.0883296 0.0827206 0.0812519 0.0809439 0.0805945 0.0822152 0.0803896 0.0811275 0.0810047 0.0791117 0.0848734 0.0879164 0.0767100 0.0832172 0.0877753 0.0834238 0.0819176 0.0794988 0.0775805 0.0779419 0.0784802 0.0753624 0.0796197 0.0753472 0.0759049 0.0939178 0.0937083 0.0933958 0.0948748 0.0924895 0.0927570 0.0949547 0.0970560 0.0980620 0.0805943 0.0822675 0.0842453 0.0818630 0.0807679 0.0791278 0.0815011 0.0811478 0.0805538 0.0811111 0.0806948 0.0810277 0.0788333 0.0795297 0.0794535 0.0796341 0.1392369 0.1216224 0.1084420 0.0946770 0.0824268 0.0825039 0.0853780 0.0978458 0.1012864 0.0894103 0.0882719 0.0881937 0.0961210 0.0998854 0.1059867 0.0984947 0.0930827 0.0928548 0.0853406 0.0794504 0.1607637 0.0747734 0.1808768 0.0106705 0.0056031 0.0019326 0.0043033 0.0046318 0.0043059 0.0092199 0.0096585 0.0137302 0.0197107 0.0192291 0.0186525 0.0195929 0.0202060 0.0334008 0.0353236 0.0335927 0.0318521 0.0962045 0.0556396 0.0591998 0.0787060 0.0970323 0.1372604 0.1047242 0.0923607 0.0915372 0.1080013 0.3513162 0.3461580 0.0834958 0.0722756 0.0865810 
XM_004753515_2_PREDICTED_Mustela_putorius_furo_REV3_like_polymerase_DNA_directed_zeta_catalytic_subunit_REV3L_transcript_variant_X1_mRNA_1                 0.0857738 0.1844823 0.2081685 0.0866880 0.0871973 0.0449317 0.0861283 0.0789555 0.1603375 0.0868327 0.0000000 0.0366967 0.0724930 0.0897213 0.1056383 0.1581932 0.1179237 0.1287981 0.0751407 0.0942451 0.2299096 0.2346312 0.2271591 0.2277628 0.1384854 0.1476378 0.1085726 0.2066857 0.1069493 0.1410140 0.1853191 0.1644130 0.1552692 0.2057385 0.1830265 0.2114007 0.1837726 0.1885062 0.1566908 0.1573987 0.1233892 0.1329801 0.1244426 0.1075295 0.1079140 0.1048936 0.1036987 0.0491261 0.0488887 0.0486135 0.0481475 0.0489255 0.0479782 0.0482511 0.0451758 0.0379362 0.0143063 0.0045116 0.0337645 0.0507846 0.0548152 0.0465211 0.0449129 0.0382867 0.0351778 0.0366612 0.0370206 0.0333770 0.0350590 0.0333706 0.0341093 0.0852573 0.0875347 0.0873614 0.0887913 0.0866028 0.0860279 0.0876453 0.0877408 0.0909334 0.0733842 0.0753154 0.0769312 0.0749174 0.0736864 0.0717620 0.0740310 0.0744430 0.0738692 0.0741382 0.0745996 0.0735161 0.0718973 0.0725791 0.0715238 0.0713734 0.1369725 0.1185794 0.1027177 0.0926410 0.0720742 0.0740434 0.0734889 0.0887802 0.0920833 0.0811575 0.0794287 0.0783358 0.0865202 0.0916629 0.0976391 0.0926143 0.0872989 0.0867086 0.0766447 0.0751585 0.1482083 0.0961438 0.1642234 0.0886927 0.0870956 0.0872781 0.0880968 0.0882565 0.0874706 0.0886592 0.0884933 0.0930290 0.0876325 0.0862767 0.0849717 0.0877370 0.0872371 0.0915029 0.0954212 0.0922726 0.0906423 0.1219236 0.0806152 0.0827422 0.1075419 0.1011434 0.1411857 0.1111812 0.0963343 0.0980856 0.1117089 0.3562939 0.3534258 0.0126379 0.0656923 0.0916023 
XM_034668992_1_PREDICTED_Ailuropoda_melanoleuca_REV3_like_DNA_directed_polymerase_zeta_catalytic_subunit_REV3L_transcript_variant_X1_mRNA_1                0.0780046 0.1756304 0.1978293 0.0780651 0.0807827 0.0365929 0.0780877 0.0716537 0.1517773 0.0784744 0.0366967 0.0000000 0.0658190 0.0825730 0.0991652 0.1504682 0.1107481 0.1251640 0.0657327 0.0858285 0.2289857 0.2322521 0.2243422 0.2244278 0.1345530 0.1436945 0.1059475 0.1997380 0.1007752 0.1354515 0.1754562 0.1593292 0.1488455 0.1963142 0.1759177 0.2028188 0.1740935 0.1808548 0.1470936 0.1487574 0.1187045 0.1271905 0.1190403 0.1008966 0.1009488 0.0987396 0.0971439 0.0407734 0.0412503 0.0411127 0.0408953 0.0411907 0.0401278 0.0405148 0.0365929 0.0086492 0.0349784 0.0366995 0.0273295 0.0433079 0.0487919 0.0386241 0.0366948 0.0090861 0.0282431 0.0289844 0.0295692 0.0261431 0.0277462 0.0261377 0.0258130 0.0795925 0.0809691 0.0809424 0.0817512 0.0801741 0.0801947 0.0812099 0.0822608 0.0853984 0.0671418 0.0686243 0.0700115 0.0684958 0.0671110 0.0644514 0.0673150 0.0678631 0.0667815 0.0673065 0.0674934 0.0672087 0.0654935 0.0661614 0.0647330 0.0636982 0.1321761 0.1113800 0.0955780 0.0865085 0.0663466 0.0682222 0.0672843 0.0834325 0.0863772 0.0756571 0.0744233 0.0737820 0.0786149 0.0849964 0.0906838 0.0858390 0.0807990 0.0800519 0.0702720 0.0654871 0.1430738 0.0869672 0.1596185 0.0810683 0.0788606 0.0786240 0.0795831 0.0797375 0.0789495 0.0801084 0.0799506 0.0853796 0.0793704 0.0785001 0.0773586 0.0789444 0.0784744 0.0830400 0.0873493 0.0829148 0.0818230 0.1164426 0.0747003 0.0762712 0.0987448 0.0946092 0.1358803 0.1058541 0.0913288 0.0920051 0.1068227 0.3527564 0.3492930 0.0336683 0.0573068 0.0861534 
XM_015600069_2_PREDICTED_Pteropus_alecto_REV3_like_DNA_directed_polymerase_zeta_catalytic_subunit_REV3L_transcript_variant_X1_mRNA_1                       0.0821928 0.1783576 0.2049356 0.0823090 0.0834379 0.0699744 0.0817286 0.0756974 0.1562080 0.0824518 0.0724930 0.0658190 0.0000000 0.0731448 0.1003942 0.1564028 0.1130910 0.1292322 0.0681439 0.0888767 0.2313180 0.2355157 0.2291138 0.2285780 0.1416599 0.1507211 0.1065881 0.2029426 0.1049115 0.1377683 0.1793661 0.1599591 0.1548638 0.2025127 0.1787395 0.2070313 0.1776136 0.1825929 0.1546448 0.1551109 0.1213458 0.1332915 0.1203541 0.1035699 0.1039664 0.1022759 0.1003288 0.0698216 0.0694333 0.0687475 0.0683701 0.0698457 0.0676761 0.0686575 0.0699744 0.0675837 0.0727488 0.0732509 0.0626096 0.0711386 0.0761393 0.0721956 0.0704323 0.0677093 0.0629590 0.0643609 0.0642302 0.0619906 0.0663250 0.0619784 0.0635922 0.0814353 0.0841755 0.0835996 0.0845856 0.0823824 0.0826848 0.0823769 0.0838315 0.0859168 0.0711370 0.0721252 0.0735985 0.0717307 0.0672176 0.0667345 0.0672355 0.0675770 0.0670266 0.0672759 0.0678705 0.0673155 0.0653263 0.0659974 0.0651431 0.0667827 0.1364603 0.1128063 0.0996190 0.0868469 0.0031143 0.0205149 0.0530493 0.0755865 0.0786641 0.0692622 0.0685094 0.0677845 0.0654687 0.0760280 0.0812001 0.0752659 0.0702923 0.0700820 0.0611497 0.0684143 0.1536450 0.0912864 0.1691737 0.0848302 0.0835148 0.0834591 0.0834083 0.0843894 0.0833248 0.0838456 0.0838148 0.0888309 0.0834836 0.0817345 0.0814262 0.0828136 0.0828729 0.0885394 0.0936351 0.0883900 0.0859110 0.1234478 0.0757374 0.0763043 0.0994280 0.0959036 0.1365574 0.1083811 0.0940789 0.0937668 0.1085017 0.3569194 0.3537040 0.0702410 0.0604170 0.0880859 
XM_005883745_2_PREDICTED_Myotis_brandtii_REV3_like_polymerase_DNA_directed_zeta_catalytic_subunit_REV3L_transcript_variant_X1_mRNA_1                       0.0937149 0.1958975 0.2198461 0.0948243 0.0979041 0.0844685 0.0934999 0.0879300 0.1743896 0.0949746 0.0897213 0.0825730 0.0731448 0.0000000 0.1107013 0.1739240 0.1268670 0.1428389 0.0818182 0.1007468 0.2491202 0.2550410 0.2464175 0.2428291 0.1540669 0.1628240 0.1210649 0.2248662 0.1176326 0.1471246 0.1964651 0.1776996 0.1646352 0.2155822 0.1936928 0.2249282 0.1962927 0.2007817 0.1715040 0.1706159 0.1356997 0.1464198 0.1271392 0.1200307 0.1148239 0.1176970 0.1163338 0.0801694 0.0835732 0.0834038 0.0834584 0.0794974 0.0825186 0.0837342 0.0844685 0.0842813 0.0885627 0.0902821 0.0792977 0.0869084 0.0927206 0.0856570 0.0840781 0.0838456 0.0805134 0.0817530 0.0820420 0.0783531 0.0820096 0.0781185 0.0793925 0.0980247 0.0981833 0.0980778 0.0931508 0.0963587 0.0977406 0.0996401 0.0995190 0.1011803 0.0837367 0.0847852 0.0811382 0.0845014 0.0839380 0.0811947 0.0834497 0.0832405 0.0826613 0.0836568 0.0836930 0.0842145 0.0809334 0.0813154 0.0819091 0.0810883 0.1501164 0.1250246 0.1123484 0.1017999 0.0728345 0.0730618 0.0736922 0.0742650 0.0789022 0.0664847 0.0647129 0.0557940 0.0867618 0.0350194 0.0349911 0.0100920 0.0137307 0.0037567 0.0572899 0.0819594 0.1649123 0.1002096 0.1831510 0.0967008 0.0960808 0.0952616 0.0965551 0.0969589 0.0952685 0.0953544 0.0957657 0.1014288 0.0947051 0.0937902 0.0925716 0.0941871 0.0941674 0.0999502 0.1048656 0.0994359 0.0975127 0.1281504 0.0907170 0.0940104 0.1140926 0.1133464 0.1473117 0.1246627 0.1019987 0.1091490 0.1232859 0.3743416 0.3672096 0.0866537 0.0730508 0.1026612 
XM_006157005_3_PREDICTED_Tupaia_chinensis_REV3_like_DNA_directed_polymerase_zeta_catalytic_subunit_REV3L_transcript_variant_X3_mRNA_1                      0.0856722 0.1826843 0.2104882 0.0849352 0.1089846 0.1016603 0.0851148 0.0990237 0.1584363 0.0850833 0.1056383 0.0991652 0.1003942 0.1107013 0.0000000 0.1579853 0.1185878 0.1315099 0.0960332 0.0909970 0.2435496 0.2486752 0.2396431 0.2392723 0.1394168 0.1506009 0.1047591 0.2082050 0.1085199 0.1340754 0.1826519 0.1666533 0.1556126 0.2075477 0.1808778 0.2091791 0.1815482 0.1889139 0.1608311 0.1601025 0.1251737 0.1375678 0.1207924 0.1059190 0.1040632 0.1035010 0.1018434 0.1007251 0.1003093 0.1000899 0.1001201 0.0995362 0.0996339 0.1009445 0.1016603 0.0999148 0.1067909 0.1068728 0.0960137 0.1063217 0.1080388 0.1035355 0.1025221 0.0997419 0.0980047 0.0991938 0.0992007 0.0961090 0.1021223 0.0960092 0.0974854 0.1102554 0.1088313 0.1091700 0.1077495 0.1078905 0.1085150 0.1090943 0.1118996 0.1137873 0.0978401 0.0999432 0.0999274 0.0995193 0.0969751 0.0964113 0.0983711 0.0977018 0.0967825 0.0981910 0.0975744 0.0970910 0.0952284 0.0959177 0.0962271 0.0960751 0.1617773 0.1326887 0.1269612 0.1165039 0.1002433 0.0998044 0.0996252 0.1156627 0.1182912 0.1068481 0.1056131 0.1067949 0.1124527 0.1215229 0.1280508 0.1129532 0.1139445 0.1119993 0.1018888 0.0967724 0.1830727 0.0926010 0.2026389 0.0874565 0.0859015 0.0850862 0.0869554 0.0871152 0.0862338 0.0870261 0.0882849 0.0921077 0.0856216 0.0852670 0.0843196 0.0853803 0.0857462 0.0903061 0.0974421 0.0908525 0.0881721 0.1178049 0.0778892 0.0799726 0.1055017 0.1112044 0.1488577 0.1210971 0.1058074 0.1086925 0.1221806 0.3712832 0.3636376 0.1038992 0.0895360 0.1031658 
XM_027402162_2_PREDICTED_Cricetulus_griseus_REV3_like_DNA_directed_polymerase_zeta_catalytic_subunit_Rev3l_transcript_variant_X5_mRNA_1                    0.1400207 0.1001026 0.1253826 0.1418212 0.1661338 0.1566157 0.1397246 0.1600966 0.0334869 0.1416760 0.1581932 0.1504682 0.1564028 0.1739240 0.1579853 0.0000000 0.1520537 0.1103099 0.1530806 0.1456405 0.3020075 0.3104807 0.3062791 0.2996830 0.1881906 0.1975249 0.1548722 0.1091583 0.1372669 0.1667953 0.1001746 0.0712772 0.1541552 0.1239048 0.1001051 0.1153756 0.0984167 0.0775117 0.0641650 0.0644512 0.1636922 0.1558586 0.1572368 0.1480373 0.1474551 0.1444015 0.1435961 0.1548849 0.1512832 0.1519645 0.1515633 0.1547513 0.1503989 0.1514307 0.1566157 0.1503865 0.1570936 0.1592599 0.1512034 0.1562625 0.1606547 0.1582605 0.1573380 0.1501885 0.1523514 0.1532733 0.1534367 0.1493397 0.1539820 0.1497535 0.1502900 0.1656518 0.1656225 0.1663561 0.1688151 0.1647775 0.1666843 0.1664109 0.1688653 0.1707430 0.1534843 0.1558793 0.1590258 0.1553945 0.1573861 0.1536298 0.1567906 0.1566054 0.1560955 0.1568917 0.1569669 0.1575437 0.1552868 0.1548664 0.1549777 0.1538731 0.2133415 0.1960269 0.1812711 0.1711318 0.1555948 0.1573702 0.1607187 0.1606102 0.1620486 0.1638689 0.1615504 0.1612949 0.1719203 0.1755259 0.1755575 0.1782674 0.1703802 0.1720697 0.1576184 0.1540666 0.2372553 0.1504625 0.2526858 0.1430914 0.1416163 0.1417646 0.1416698 0.1423262 0.1418328 0.1432180 0.1425544 0.1473967 0.1411278 0.1395811 0.1401441 0.1416241 0.1411455 0.1419403 0.1455570 0.1446371 0.1432311 0.1735721 0.1332042 0.1370020 0.1623674 0.1641940 0.2081381 0.1776214 0.1674514 0.1626989 0.1819505 0.4336630 0.4240853 0.1539132 0.1483423 0.1596462 
XM_013069186_2_PREDICTED_Heterocephalus_glaber_REV3_like_DNA_directed_polymerase_zeta_catalytic_subunit_Rev3l_transcript_variant_X1_mRNA_1                 0.1009667 0.1778235 0.2040806 0.1014438 0.1230322 0.1140268 0.1004697 0.1164010 0.1535071 0.1017528 0.1179237 0.1107481 0.1130910 0.1268670 0.1185878 0.1520537 0.0000000 0.1271566 0.1105038 0.1080533 0.2512711 0.2589113 0.2512612 0.2470977 0.1478371 0.1567958 0.1186078 0.2027200 0.1048332 0.1375285 0.1787166 0.1586838 0.1508259 0.2006133 0.1781888 0.2050878 0.1759114 0.1765384 0.1555723 0.1543939 0.0619443 0.0700565 0.0413710 0.1073512 0.1056546 0.1044471 0.1021304 0.1139644 0.1125883 0.1127234 0.1132076 0.1144739 0.1114742 0.1124695 0.1143219 0.1118055 0.1180163 0.1189992 0.1089587 0.1159407 0.1201913 0.1153312 0.1139657 0.1125161 0.1091709 0.1109552 0.1108097 0.1089737 0.1136520 0.1089324 0.1094642 0.1243807 0.1237287 0.1232227 0.1248766 0.1223458 0.1243761 0.1242655 0.1263536 0.1274921 0.1134206 0.1151457 0.1173173 0.1152963 0.1139223 0.1119864 0.1144769 0.1148387 0.1124871 0.1143286 0.1137920 0.1142005 0.1115085 0.1122806 0.1116577 0.1117410 0.1717823 0.1519988 0.1386561 0.1258575 0.1130927 0.1149449 0.1140665 0.1286952 0.1323437 0.1214802 0.1212005 0.1198367 0.1275552 0.1302483 0.1376057 0.1299642 0.1234338 0.1235073 0.1153565 0.1115092 0.1917167 0.1083870 0.2109208 0.1033474 0.1025870 0.1016603 0.1026734 0.1037723 0.1023919 0.1026621 0.1027386 0.1069862 0.1016568 0.1006255 0.1002821 0.0991689 0.0994075 0.1072993 0.1123547 0.1071306 0.1059377 0.1344869 0.0927664 0.0941085 0.1192366 0.1253119 0.1707076 0.1369839 0.1229783 0.1252364 0.1398198 0.3809019 0.3765756 0.1161128 0.1044498 0.1188590 
XM_008852401_2_PREDICTED_Nannospalax_galili_REV3_like_DNA_directed_polymerase_zeta_catalytic_subunit_Rev3l_transcript_variant_X1_mRNA_1                    0.1135342 0.1330633 0.1608904 0.1173671 0.1405431 0.1274288 0.1126603 0.1321525 0.1115532 0.1175268 0.1287981 0.1251640 0.1292322 0.1428389 0.1315099 0.1103099 0.1271566 0.0000000 0.1274909 0.1195084 0.2681771 0.2746372 0.2721987 0.2665726 0.1606154 0.1692285 0.1279230 0.1511714 0.1111165 0.1393913 0.1324421 0.1216280 0.1316793 0.1575801 0.1342168 0.1622291 0.1319658 0.1393391 0.1117068 0.1121125 0.1347176 0.1430984 0.1310119 0.1159683 0.1155881 0.1124041 0.1116803 0.1297066 0.1276178 0.1278603 0.1271955 0.1289972 0.1271989 0.1277814 0.1274288 0.1255422 0.1289193 0.1298787 0.1228865 0.1316985 0.1357113 0.1289212 0.1273081 0.1259713 0.1248087 0.1257751 0.1259293 0.1213837 0.1263149 0.1217171 0.1221852 0.1397324 0.1400633 0.1407476 0.1421152 0.1386056 0.1403958 0.1399481 0.1411419 0.1445582 0.1267664 0.1295719 0.1312579 0.1294223 0.1268212 0.1256148 0.1268996 0.1264058 0.1260072 0.1268365 0.1262036 0.1267988 0.1247026 0.1244992 0.1253890 0.1258150 0.1875055 0.1671726 0.1535172 0.1466185 0.1290919 0.1300081 0.1316035 0.1430701 0.1471572 0.1323079 0.1321653 0.1343072 0.1420678 0.1423573 0.1514132 0.1460954 0.1413198 0.1403595 0.1294330 0.1287372 0.2098515 0.1220008 0.2305630 0.1194303 0.1174830 0.1174249 0.1182997 0.1180005 0.1176987 0.1181032 0.1180792 0.1228124 0.1151478 0.1131177 0.1155818 0.1155798 0.1150985 0.1188467 0.1238643 0.1207657 0.1175114 0.1545408 0.1071162 0.1087306 0.1352271 0.1396112 0.1841543 0.1514920 0.1377851 0.1373800 0.1508528 0.3943524 0.3852182 0.1258093 0.1213434 0.1324823 
XM_023650934_1_PREDICTED_Equus_caballus_REV3_like_DNA_directed_polymerase_zeta_catalytic_subunit_REV3L_transcript_variant_X1_mRNA_1                        0.0777694 0.1731771 0.1986931 0.0790267 0.0806544 0.0701037 0.0769531 0.0731890 0.1516208 0.0794364 0.0751407 0.0657327 0.0681439 0.0818182 0.0960332 0.1530806 0.1105038 0.1274909 0.0000000 0.0867469 0.2277822 0.2297340 0.2250427 0.2226401 0.1312205 0.1391681 0.1016991 0.1959522 0.1012752 0.1350705 0.1743397 0.1564935 0.1526015 0.1966887 0.1728000 0.2014853 0.1724147 0.1784540 0.1490395 0.1499756 0.1188704 0.1300597 0.1172745 0.1008777 0.1012435 0.0997500 0.0978715 0.0691671 0.0679329 0.0670340 0.0674636 0.0689355 0.0677927 0.0681272 0.0701037 0.0667177 0.0729199 0.0749783 0.0633496 0.0708485 0.0742290 0.0726247 0.0712889 0.0668333 0.0645870 0.0656023 0.0657329 0.0628846 0.0664491 0.0632505 0.0634499 0.0785365 0.0812550 0.0808138 0.0812007 0.0795932 0.0801004 0.0795037 0.0821817 0.0838385 0.0685143 0.0689730 0.0702394 0.0683224 0.0658406 0.0640519 0.0657313 0.0660668 0.0649823 0.0656386 0.0660886 0.0661798 0.0639544 0.0643597 0.0636987 0.0638415 0.1296757 0.1104990 0.1010440 0.0894369 0.0681315 0.0685181 0.0671139 0.0838359 0.0845862 0.0768927 0.0743739 0.0763440 0.0811851 0.0878994 0.0925940 0.0845266 0.0789950 0.0788237 0.0704193 0.0026746 0.1447231 0.0859565 0.1628067 0.0809672 0.0799470 0.0797456 0.0802751 0.0812443 0.0801803 0.0803572 0.0807713 0.0845720 0.0794931 0.0768231 0.0785500 0.0792285 0.0797121 0.0876308 0.0906949 0.0868117 0.0839376 0.1173457 0.0732280 0.0727968 0.0968567 0.0956392 0.1363381 0.1031926 0.0921562 0.0916121 0.1053083 0.3532030 0.3498708 0.0711541 0.0438102 0.0857308 
XM_035296530_1_PREDICTED_Callithrix_jacchus_REV3_like_DNA_directed_polymerase_zeta_catalytic_subunit_REV3L_transcript_variant_X1_mRNA_1                    0.0333186 0.1707745 0.1966774 0.0343083 0.0959884 0.0889958 0.0329441 0.0908368 0.1466024 0.0344303 0.0942451 0.0858285 0.0888767 0.1007468 0.0909970 0.1456405 0.1080533 0.1195084 0.0867469 0.0000000 0.2371902 0.2403348 0.2338716 0.2328541 0.1276806 0.1364590 0.0925570 0.1944585 0.0979979 0.1261082 0.1710458 0.1540224 0.1425112 0.1930878 0.1722683 0.2010957 0.1726879 0.1734446 0.1499279 0.1485110 0.1138936 0.1215138 0.1144511 0.0980872 0.0981181 0.0972637 0.0948196 0.0900011 0.0887192 0.0885548 0.0884815 0.0899217 0.0879879 0.0886170 0.0889958 0.0867684 0.0930221 0.0942411 0.0843532 0.0916440 0.0948141 0.0910481 0.0897886 0.0868854 0.0859740 0.0858014 0.0862143 0.0836233 0.0881698 0.0833337 0.0839444 0.0974479 0.0961917 0.0961592 0.0972886 0.0952534 0.0953271 0.0983331 0.0988655 0.1008648 0.0866058 0.0884636 0.0902192 0.0879241 0.0846970 0.0827718 0.0859843 0.0844106 0.0846277 0.0844464 0.0851167 0.0849597 0.0831346 0.0841167 0.0836634 0.0832832 0.1452682 0.1264812 0.1154716 0.1016999 0.0885726 0.0891669 0.0890060 0.1033648 0.1044930 0.0946767 0.0943058 0.0932056 0.1012806 0.1060882 0.1125075 0.1036534 0.0985969 0.0983828 0.0889861 0.0869050 0.1720705 0.0803605 0.1902555 0.0370888 0.0356260 0.0346278 0.0348109 0.0359195 0.0351885 0.0360525 0.0362871 0.0405262 0.0334770 0.0330666 0.0331673 0.0325120 0.0335357 0.0187394 0.0200979 0.0187140 0.0172625 0.1035595 0.0617069 0.0648159 0.0869473 0.1041480 0.1401170 0.1123469 0.0998101 0.0977343 0.1131962 0.3612274 0.3526098 0.0918094 0.0787709 0.0930000 
XM_007484437_2_PREDICTED_Monodelphis_domestica_REV3_like_DNA_directed_polymerase_zeta_catalytic_subunit_REV3L_transcript_variant_X1_mRNA_1                 0.2303742 0.3231013 0.3477949 0.2286805 0.2372719 0.2317641 0.2297724 0.2283792 0.3046911 0.2287170 0.2299096 0.2289857 0.2313180 0.2491202 0.2435496 0.3020075 0.2512711 0.2681771 0.2277822 0.2371902 0.0000000 0.0788785 0.0681253 0.0660447 0.2765681 0.2886706 0.2476652 0.3606363 0.2514077 0.2797853 0.3254771 0.3033745 0.2970131 0.3449244 0.3195570 0.3570889 0.3211363 0.3353875 0.2960899 0.2972514 0.2636392 0.2726554 0.2611064 0.2536922 0.2453467 0.2443896 0.2455199 0.2269105 0.2242964 0.2237890 0.2233283 0.2269264 0.2234365 0.2240494 0.2319442 0.2308747 0.2315859 0.2304908 0.2236031 0.2308689 0.2317947 0.2337436 0.2323083 0.2302403 0.2230624 0.2247726 0.2239912 0.2250979 0.2289676 0.2237549 0.2258313 0.2365322 0.2378326 0.2375553 0.2400936 0.2361709 0.2387696 0.2409652 0.2399307 0.2404405 0.2294108 0.2288929 0.2322353 0.2277177 0.2270361 0.2242533 0.2277293 0.2272569 0.2264848 0.2279921 0.2279925 0.2271817 0.2249626 0.2252343 0.2231639 0.2238016 0.2942319 0.2706388 0.2511372 0.2378622 0.2303863 0.2306144 0.2340698 0.2485628 0.2524303 0.2368862 0.2363966 0.2429831 0.2495889 0.2454086 0.2571302 0.2483774 0.2414763 0.2429386 0.2325220 0.2285929 0.3115243 0.2420606 0.3388051 0.2318576 0.2282744 0.2303542 0.2302907 0.2306947 0.2284869 0.2317169 0.2315503 0.2361257 0.2333019 0.2296129 0.2301426 0.2297809 0.2296868 0.2371071 0.2465458 0.2371628 0.2346133 0.2617556 0.2248418 0.2280202 0.2427569 0.2320841 0.2754966 0.2349302 0.2309443 0.2300395 0.2445576 0.3131384 0.3110488 0.2283001 0.2215933 0.2266170 
XM_031964400_1_PREDICTED_Sarcophilus_harrisii_REV3_like_DNA_directed_polymerase_zeta_catalytic_subunit_REV3L_transcript_variant_X1_mRNA_1                  0.2338636 0.3322122 0.3606450 0.2339369 0.2431546 0.2357093 0.2330611 0.2364445 0.3082121 0.2341532 0.2346312 0.2322521 0.2355157 0.2550410 0.2486752 0.3104807 0.2589113 0.2746372 0.2297340 0.2403348 0.0788785 0.0000000 0.0607699 0.0580305 0.2829419 0.2947176 0.2473882 0.3714623 0.2509032 0.2832225 0.3307480 0.3072641 0.2968055 0.3586525 0.3294189 0.3663151 0.3311691 0.3382728 0.3034930 0.3046573 0.2719422 0.2796227 0.2736433 0.2578186 0.2537711 0.2504483 0.2489611 0.2360132 0.2318468 0.2307669 0.2314252 0.2363488 0.2309368 0.2312938 0.2359253 0.2346318 0.2370471 0.2350717 0.2287884 0.2374174 0.2366310 0.2374168 0.2358054 0.2339935 0.2282053 0.2295428 0.2285765 0.2290952 0.2322557 0.2279230 0.2305869 0.2418833 0.2432092 0.2434433 0.2469080 0.2416015 0.2447109 0.2456277 0.2461781 0.2468984 0.2347965 0.2369416 0.2420049 0.2354152 0.2332237 0.2302271 0.2319520 0.2331742 0.2322365 0.2327903 0.2340933 0.2331851 0.2293238 0.2304467 0.2283370 0.2293420 0.2956072 0.2747238 0.2546810 0.2413432 0.2341493 0.2339336 0.2370500 0.2533010 0.2529123 0.2423623 0.2421233 0.2431102 0.2527676 0.2491505 0.2619313 0.2562206 0.2475039 0.2502718 0.2351192 0.2300077 0.3225410 0.2492750 0.3465300 0.2360240 0.2329057 0.2350850 0.2347577 0.2357545 0.2338361 0.2335258 0.2341182 0.2388114 0.2364406 0.2329012 0.2353425 0.2355398 0.2358312 0.2404245 0.2513290 0.2410515 0.2395172 0.2665529 0.2272699 0.2276246 0.2463769 0.2356422 0.2819116 0.2398039 0.2363099 0.2291181 0.2500564 0.3195211 0.3134244 0.2343811 0.2239809 0.2289754 
XM_036766364_1_PREDICTED_Trichosurus_vulpecula_REV3_like_DNA_directed_polymerase_zeta_catalytic_subunit_REV3L_transcript_variant_X1_mRNA_1                 0.2264368 0.3218852 0.3470019 0.2257506 0.2362383 0.2247102 0.2258421 0.2253847 0.3073404 0.2259628 0.2271591 0.2243422 0.2291138 0.2464175 0.2396431 0.3062791 0.2512612 0.2721987 0.2250427 0.2338716 0.0681253 0.0607699 0.0000000 0.0416496 0.2775464 0.2923293 0.2422703 0.3637281 0.2435947 0.2799173 0.3210929 0.3031783 0.2928433 0.3448746 0.3209228 0.3599597 0.3200882 0.3331265 0.3024094 0.3009674 0.2619015 0.2716609 0.2606052 0.2499461 0.2449068 0.2408043 0.2411548 0.2274149 0.2241021 0.2231018 0.2239454 0.2277411 0.2227070 0.2243877 0.2247102 0.2264436 0.2278400 0.2270732 0.2190537 0.2289445 0.2288982 0.2271394 0.2253129 0.2265856 0.2187348 0.2204190 0.2194708 0.2195851 0.2248398 0.2186411 0.2199862 0.2341346 0.2366166 0.2365203 0.2393929 0.2349699 0.2379368 0.2379407 0.2364413 0.2372316 0.2258313 0.2264296 0.2304380 0.2249351 0.2247164 0.2239151 0.2247183 0.2255051 0.2241476 0.2251562 0.2261251 0.2246858 0.2219312 0.2225845 0.2221550 0.2220946 0.2984617 0.2712001 0.2502108 0.2369705 0.2277747 0.2272119 0.2328129 0.2463149 0.2490141 0.2370737 0.2362971 0.2395672 0.2479338 0.2423787 0.2549877 0.2475574 0.2393968 0.2417625 0.2308458 0.2260730 0.3096726 0.2365295 0.3353589 0.2280651 0.2255249 0.2266645 0.2269542 0.2269806 0.2262935 0.2262595 0.2274282 0.2314942 0.2295391 0.2260715 0.2271507 0.2271054 0.2279731 0.2336539 0.2475443 0.2339746 0.2328918 0.2566255 0.2194256 0.2233175 0.2399726 0.2259046 0.2732131 0.2339779 0.2296515 0.2261394 0.2420008 0.3115627 0.3060099 0.2254271 0.2174963 0.2208807 
