124
NM_001372078_1_Homo_sapiens_REV3_like_DNA_directed_polymerase_zeta_catalytic_subunit_REV3L_transcript_variant_4_mRNA_1                                     0.0000000 0.0387755 0.0603036 0.0071271 0.0261202 0.0379899 0.0000010 0.0343521 0.0340665 0.0071271 0.0182913 0.0220859 0.0349757 0.2908203 0.0000010 0.0380567 0.0463796 0.0523472 0.0339699 0.0181472 0.1352010 0.0938404 0.1146308 0.0898880 0.0423974 0.0507957 0.0220857 0.0656120 0.0380566 0.0000010 0.0429281 0.0377032 0.0639172 0.0692330 0.0384139 0.0740559 0.0384856 0.0463015 0.0467785 0.0467785 0.0773800 0.0338121 0.0261674 0.0340340 0.0343535 0.0145560 0.0145560 0.0379899 0.0182913 0.0184440 0.0182913 0.0182913 0.0108419 0.0108419 0.0336610 0.0336610 0.0182913 0.0145318 0.0145318 0.0182770 0.0259054 0.0220680 0.0220680 0.0261202 0.0340037 0.0300105 0.0300105 0.0261872 0.0301156 0.0261872 0.0220879 0.0220483 0.0182935 0.0259287 0.0259287 0.0220879 0.0261660 0.0182935 0.0297364 0.0512040 0.0218241 0.0303689 0.0303950 0.0306006 0.0184424 0.0145561 0.0421251 0.0340647 0.0343847 0.0340339 0.0835748 0.0145317 0.0346371 0.0302861 0.2831316 0.0263116 0.0230527 0.0222865 0.0379815 0.1135675 0.1143478 0.0107560 0.0107560 0.0145318 0.0107657 0.0035451 0.0071271 0.0107463 0.0071908 0.0071271 0.1244702 0.0182935 0.0259286 0.0261880 0.0300648 0.0218230 0.0339392 0.0218241 0.0336315 0.0343554 0.2544573 0.2297029 0.0261622 0.0182923 
NM_011264_3_Mus_musculus_REV3_like_DNA_directed_polymerase_zeta_catalytic_subunit_Rev3l_mRNA_1                                                             0.0387755 0.0000000 0.0382387 0.0387755 0.0513019 0.0595084 0.0387755 0.0606353 0.0221040 0.0387755 0.0425295 0.0466950 0.0617724 0.3244426 0.0000010 0.0259256 0.0600654 0.0523921 0.0503468 0.0475347 0.1435716 0.1141623 0.1362742 0.1101531 0.0342581 0.0424498 0.0303138 0.0222095 0.0557351 0.0000010 0.0035355 0.0300897 0.0637702 0.0464749 0.0145058 0.0382707 0.0145297 0.0337822 0.0381630 0.0381630 0.0542152 0.0425653 0.0388547 0.0471909 0.0476478 0.0384504 0.0384504 0.0595084 0.0425295 0.0428930 0.0425295 0.0425295 0.0343527 0.0343527 0.0546355 0.0546355 0.0425295 0.0383794 0.0383794 0.0424880 0.0508597 0.0466479 0.0466479 0.0513019 0.0599763 0.0555550 0.0555550 0.0514443 0.0557613 0.0514443 0.0466899 0.0466062 0.0425263 0.0509054 0.0509054 0.0466899 0.0421215 0.0425263 0.0466062 0.0687940 0.0218241 0.0467515 0.0468040 0.0566917 0.0428891 0.0384506 0.0689433 0.0600837 0.0563297 0.0600296 0.1105217 0.0383790 0.0475011 0.0561002 0.3161652 0.0516990 0.0230527 0.0471382 0.0545683 0.1201780 0.1210114 0.0391057 0.0391057 0.0474969 0.0513901 0.0429281 0.0387755 0.0428890 0.0391473 0.0387755 0.1335678 0.0425263 0.0509053 0.0514636 0.0556746 0.0218230 0.0598496 0.0218241 0.0549590 0.0606275 0.2470097 0.2290593 0.0421759 0.0384144 
XM_006256524_2_PREDICTED_Rattus_norvegicus_REV3_like_DNA_directed_polymerase_zeta_catalytic_subunit_Rev3l_transcript_variant_X1_mRNA_1                     0.0603036 0.0382387 0.0000000 0.0603036 0.0597958 0.0823364 0.0603036 0.0745824 0.0379545 0.0603036 0.0554500 0.0597957 0.0759937 0.4143885 0.0218230 0.0339438 0.0881550 0.0707165 0.0647004 0.0698252 0.1526718 0.1221408 0.1450430 0.1180577 0.0510237 0.0597045 0.0468807 0.0305431 0.0649472 0.0218230 0.0342268 0.0465260 0.0731452 0.0070885 0.0299556 0.0515535 0.0379560 0.0503019 0.0550978 0.0550978 0.0921681 0.0688964 0.0561229 0.0649297 0.0655713 0.0512040 0.0512040 0.0823364 0.0554500 0.0559265 0.0554500 0.0554500 0.0469139 0.0469139 0.0769020 0.0769020 0.0554500 0.0511045 0.0511045 0.0553900 0.0641215 0.0597289 0.0597289 0.0597958 0.0686713 0.0641382 0.0641382 0.0648749 0.0693785 0.0648749 0.0597822 0.0427297 0.0554397 0.0641787 0.0641787 0.0597822 0.0548944 0.0554397 0.0386402 0.0846198 0.0450012 0.0700394 0.0793817 0.0705495 0.0559215 0.0512043 0.0778541 0.0687931 0.0650455 0.0687317 0.1377986 0.0511040 0.0752023 0.0647811 0.4043238 0.0652003 0.0475795 0.0603723 0.0691929 0.1486946 0.1497182 0.0608198 0.0608198 0.0608342 0.0737809 0.0647408 0.0603036 0.0646829 0.0608951 0.0603036 0.1169036 0.0554397 0.0641786 0.0649107 0.0692759 0.0449990 0.0558709 0.0450012 0.0683529 0.0745633 0.2876093 0.2515701 0.0560445 0.0554637 
XM_028847034_1_PREDICTED_Macaca_mulatta_REV3_like_DNA_directed_polymerase_zeta_catalytic_subunit_REV3L_transcript_variant_X1_mRNA_1                        0.0071271 0.0387755 0.0603036 0.0000000 0.0184440 0.0379899 0.0071271 0.0264056 0.0340665 0.0000010 0.0182913 0.0220859 0.0349757 0.2908203 0.0000010 0.0380567 0.0463796 0.0523472 0.0339699 0.0181472 0.1352010 0.0938404 0.1146308 0.0898880 0.0423974 0.0507957 0.0220857 0.0656120 0.0380566 0.0000010 0.0429281 0.0377032 0.0639172 0.0692330 0.0384139 0.0740559 0.0384856 0.0463015 0.0467785 0.0467785 0.0773800 0.0338121 0.0261674 0.0340340 0.0343535 0.0145560 0.0145560 0.0379899 0.0182913 0.0184440 0.0182913 0.0182913 0.0108419 0.0108419 0.0336610 0.0336610 0.0182913 0.0145318 0.0145318 0.0182770 0.0259054 0.0220680 0.0220680 0.0184440 0.0261423 0.0222499 0.0222499 0.0184905 0.0223272 0.0184905 0.0220879 0.0220483 0.0182935 0.0259287 0.0259287 0.0220879 0.0261660 0.0182935 0.0297364 0.0512040 0.0218241 0.0225106 0.0303950 0.0306006 0.0184424 0.0145561 0.0421251 0.0340647 0.0343847 0.0340339 0.0835748 0.0145317 0.0346371 0.0302861 0.2831316 0.0263116 0.0230527 0.0222865 0.0379815 0.1135675 0.1143478 0.0035451 0.0035451 0.0071836 0.0181472 0.0107560 0.0071271 0.0107463 0.0071908 0.0071271 0.1244702 0.0182935 0.0259286 0.0261880 0.0300648 0.0218230 0.0339392 0.0218241 0.0336315 0.0343554 0.2544573 0.2297029 0.0261622 0.0182923 
XM_024996589_1_PREDICTED_Bos_taurus_REV3_like_DNA_directed_polymerase_zeta_catalytic_subunit_REV3L_transcript_variant_X1_mRNA_1                            0.0261202 0.0513019 0.0597958 0.0184440 0.0000000 0.0420214 0.0261202 0.0224929 0.0300942 0.0184440 0.0145443 0.0182931 0.0308947 0.3288570 0.0000010 0.0420939 0.0463286 0.0566948 0.0300102 0.0300651 0.1231968 0.0835524 0.1036233 0.0796425 0.0383043 0.0383755 0.0259062 0.0513169 0.0340390 0.0000010 0.0470946 0.0417008 0.0683029 0.0598497 0.0424918 0.0786235 0.0425723 0.0504415 0.0426117 0.0426117 0.0819225 0.0298713 0.0300677 0.0300677 0.0303480 0.0182930 0.0182930 0.0420214 0.0145443 0.0146655 0.0145443 0.0145443 0.0145332 0.0145332 0.0376058 0.0376058 0.0145443 0.0108332 0.0108332 0.0145332 0.0220701 0.0182788 0.0182788 0.0000010 0.0071257 0.0035387 0.0035387 0.0223088 0.0184915 0.0147022 0.0182953 0.0182625 0.0145465 0.0220901 0.0220901 0.0182953 0.0222903 0.0145465 0.0258616 0.0469660 0.0218241 0.0264083 0.0425331 0.0266098 0.0222503 0.0182931 0.0373616 0.0219087 0.0298182 0.0218889 0.0978496 0.0182622 0.0386987 0.0342592 0.3205548 0.0302347 0.0230527 0.0261424 0.0339734 0.1084833 0.1092298 0.0222702 0.0222702 0.0263360 0.0300651 0.0222704 0.0261202 0.0300108 0.0263631 0.0261202 0.1322247 0.0220702 0.0297925 0.0223088 0.0300407 0.0218230 0.0258809 0.0218241 0.0375708 0.0383835 0.2562759 0.2453911 0.0300636 0.0258848 
XM_014118216_3_PREDICTED_Canis_lupus_familiaris_REV3_like_DNA_directed_polymerase_zeta_catalytic_subunit_REV3L_transcript_variant_X1_mRNA_1                0.0379899 0.0595084 0.0823364 0.0379899 0.0420214 0.0000000 0.0379899 0.0506882 0.0504093 0.0379899 0.0336956 0.0376777 0.0604682 0.3169834 0.0000010 0.0545900 0.0676885 0.0794563 0.0586864 0.0503395 0.1703415 0.1242969 0.1469871 0.1202740 0.0545289 0.0632005 0.0457503 0.0882454 0.0545902 0.0000010 0.0638951 0.0376094 0.0639851 0.0917794 0.0589463 0.0920862 0.0590642 0.0461911 0.0639413 0.0639413 0.0811522 0.0584078 0.0465628 0.0465628 0.0470076 0.0376776 0.0376776 0.0000010 0.0336956 0.0339777 0.0336956 0.0336956 0.0336655 0.0336655 0.0035528 0.0035528 0.0336956 0.0297369 0.0297369 0.0336655 0.0416695 0.0376429 0.0339439 0.0420214 0.0503064 0.0460938 0.0460938 0.0503913 0.0546162 0.0503913 0.0457461 0.0456656 0.0416696 0.0498730 0.0498730 0.0457461 0.0503574 0.0416696 0.0539086 0.0512383 0.0218241 0.0427374 0.0383532 0.0555102 0.0420178 0.0376778 0.0675158 0.0588470 0.0594111 0.0503507 0.1129898 0.0297369 0.0512583 0.0465310 0.3173035 0.0342300 0.0230527 0.0461771 0.0630027 0.1138649 0.1146514 0.0420552 0.0420552 0.0465220 0.0503395 0.0420553 0.0379899 0.0420178 0.0383478 0.0379899 0.1226597 0.0416696 0.0498729 0.0504091 0.0465212 0.0218230 0.0586222 0.0218241 0.0580771 0.0593689 0.2444467 0.2166492 0.0503538 0.0457059 
XM_016956167_2_PREDICTED_Pan_troglodytes_REV3_like_DNA_directed_polymerase_zeta_catalytic_subunit_REV3L_transcript_variant_X1_mRNA_1                       0.0000010 0.0387755 0.0603036 0.0071271 0.0261202 0.0379899 0.0000000 0.0343521 0.0340665 0.0071271 0.0182913 0.0220859 0.0349757 0.2908203 0.0000010 0.0380567 0.0463796 0.0523472 0.0339699 0.0181472 0.1352010 0.0938404 0.1146308 0.0898880 0.0423974 0.0507957 0.0220857 0.0656120 0.0380566 0.0000010 0.0429281 0.0377032 0.0639172 0.0692330 0.0384139 0.0740559 0.0384856 0.0463015 0.0467785 0.0467785 0.0773800 0.0338121 0.0261674 0.0340340 0.0343535 0.0145560 0.0145560 0.0379899 0.0182913 0.0184440 0.0182913 0.0182913 0.0108419 0.0108419 0.0336610 0.0336610 0.0182913 0.0145318 0.0145318 0.0182770 0.0259054 0.0220680 0.0220680 0.0261202 0.0340037 0.0300105 0.0300105 0.0261872 0.0301156 0.0261872 0.0220879 0.0220483 0.0182935 0.0259287 0.0259287 0.0220879 0.0261660 0.0182935 0.0297364 0.0512040 0.0218241 0.0303689 0.0303950 0.0306006 0.0184424 0.0145561 0.0421251 0.0340647 0.0343847 0.0340339 0.0835748 0.0145317 0.0346371 0.0302861 0.2831316 0.0263116 0.0230527 0.0222865 0.0379815 0.1135675 0.1143478 0.0107560 0.0107560 0.0145318 0.0107657 0.0035451 0.0071271 0.0107463 0.0071908 0.0071271 0.1244702 0.0182935 0.0259286 0.0261880 0.0300648 0.0218230 0.0339392 0.0218241 0.0336315 0.0343554 0.2544573 0.2297029 0.0261622 0.0182923 
XM_021091238_1_PREDICTED_Sus_scrofa_REV3_like_DNA_directed_polymerase_zeta_catalytic_subunit_REV3L_transcript_variant_X1_mRNA_1                            0.0343521 0.0606353 0.0745824 0.0264056 0.0224929 0.0506882 0.0343521 0.0000000 0.0384917 0.0264056 0.0300902 0.0340665 0.0395327 0.3046732 0.0231817 0.0509235 0.0553321 0.0606127 0.0303409 0.0384472 0.1283523 0.0949214 0.1159892 0.0909272 0.0555500 0.0556611 0.0340663 0.0710031 0.0425754 0.0231817 0.0562736 0.0504364 0.0678256 0.0746498 0.0514168 0.0780769 0.0515185 0.0596021 0.0515624 0.0515624 0.0829619 0.0381983 0.0384507 0.0466888 0.0471358 0.0261865 0.0261865 0.0506882 0.0300902 0.0303442 0.0300902 0.0300902 0.0222860 0.0222860 0.0460429 0.0460429 0.0300902 0.0261408 0.0261408 0.0300639 0.0380568 0.0340357 0.0340357 0.0224929 0.0303713 0.0263838 0.0263838 0.0304246 0.0264770 0.0225507 0.0261882 0.0261410 0.0223064 0.0301184 0.0301184 0.0261882 0.0303996 0.0223064 0.0340053 0.0456966 0.0479386 0.0266287 0.0514709 0.0350085 0.0303415 0.0261866 0.0551880 0.0384873 0.0471837 0.0466937 0.1091209 0.0261405 0.0475400 0.0428533 0.3049825 0.0386706 0.0508742 0.0343838 0.0343530 0.1141606 0.1149502 0.0303687 0.0303687 0.0346421 0.0384472 0.0303690 0.0343521 0.0383775 0.0346771 0.0343521 0.1361620 0.0300910 0.0380909 0.0304275 0.0425339 0.0479362 0.0383430 0.0479386 0.0461269 0.0471467 0.2616686 0.2365416 0.0384506 0.0340358 
XM_040758199_1_PREDICTED_Mesocricetus_auratus_REV3_like_DNA_directed_polymerase_zeta_catalytic_subunit_Rev3l_transcript_variant_X1_mRNA_1                  0.0340665 0.0221040 0.0379545 0.0340665 0.0300942 0.0504093 0.0340665 0.0384917 0.0000000 0.0340665 0.0298440 0.0337865 0.0391941 0.3443242 0.0000010 0.0107561 0.0464685 0.0388488 0.0380588 0.0343836 0.1271426 0.0990849 0.1202838 0.0951057 0.0340056 0.0340673 0.0182923 0.0303716 0.0341333 0.0000010 0.0183224 0.0145576 0.0499576 0.0379887 0.0219067 0.0508027 0.0219441 0.0181594 0.0145937 0.0145937 0.0724446 0.0299511 0.0262369 0.0341332 0.0344550 0.0259732 0.0259732 0.0504093 0.0298440 0.0300941 0.0298440 0.0298440 0.0221055 0.0221055 0.0457911 0.0457911 0.0298440 0.0259282 0.0259282 0.0298182 0.0377428 0.0337562 0.0337562 0.0300942 0.0380966 0.0340391 0.0340391 0.0381613 0.0341593 0.0301723 0.0259749 0.0259284 0.0221256 0.0298718 0.0298718 0.0259749 0.0219283 0.0221256 0.0259284 0.0643624 0.0218241 0.0426143 0.0510304 0.0347129 0.0300914 0.0259733 0.0547189 0.0381650 0.0426567 0.0463007 0.1033015 0.0259280 0.0471329 0.0424916 0.3357008 0.0383462 0.0230527 0.0340976 0.0421324 0.1089507 0.1097042 0.0343522 0.0343522 0.0424848 0.0381256 0.0301185 0.0340665 0.0380571 0.0343869 0.0340665 0.1337628 0.0298449 0.0377764 0.0301749 0.0421775 0.0218230 0.0380232 0.0218241 0.0416615 0.0467461 0.2796739 0.2392467 0.0381287 0.0259517 
XM_015448392_1_PREDICTED_Macaca_fascicularis_REV3_like_DNA_directed_polymerase_zeta_catalytic_subunit_REV3L_transcript_variant_X1_mRNA_1                   0.0071271 0.0387755 0.0603036 0.0000010 0.0184440 0.0379899 0.0071271 0.0264056 0.0340665 0.0000000 0.0182913 0.0220859 0.0349757 0.2908203 0.0000010 0.0380567 0.0463796 0.0523472 0.0339699 0.0181472 0.1352010 0.0938404 0.1146308 0.0898880 0.0423974 0.0507957 0.0220857 0.0656120 0.0380566 0.0000010 0.0429281 0.0377032 0.0639172 0.0692330 0.0384139 0.0740559 0.0384856 0.0463015 0.0467785 0.0467785 0.0773800 0.0338121 0.0261674 0.0340340 0.0343535 0.0145560 0.0145560 0.0379899 0.0182913 0.0184440 0.0182913 0.0182913 0.0108419 0.0108419 0.0336610 0.0336610 0.0182913 0.0145318 0.0145318 0.0182770 0.0259054 0.0220680 0.0220680 0.0184440 0.0261423 0.0222499 0.0222499 0.0184905 0.0223272 0.0184905 0.0220879 0.0220483 0.0182935 0.0259287 0.0259287 0.0220879 0.0261660 0.0182935 0.0297364 0.0512040 0.0218241 0.0225106 0.0303950 0.0306006 0.0184424 0.0145561 0.0421251 0.0340647 0.0343847 0.0340339 0.0835748 0.0145317 0.0346371 0.0302861 0.2831316 0.0263116 0.0230527 0.0222865 0.0379815 0.1135675 0.1143478 0.0035451 0.0035451 0.0071836 0.0181472 0.0107560 0.0071271 0.0107463 0.0071908 0.0071271 0.1244702 0.0182935 0.0259286 0.0261880 0.0300648 0.0218230 0.0339392 0.0218241 0.0336315 0.0343554 0.2544573 0.2297029 0.0261622 0.0182923 
XM_004753515_2_PREDICTED_Mustela_putorius_furo_REV3_like_polymerase_DNA_directed_zeta_catalytic_subunit_REV3L_transcript_variant_X1_mRNA_1                 0.0182913 0.0425295 0.0554500 0.0182913 0.0145443 0.0336956 0.0182913 0.0300902 0.0298440 0.0182913 0.0000000 0.0107620 0.0306313 0.2973815 0.0000010 0.0337560 0.0459409 0.0475984 0.0297614 0.0298155 0.1241645 0.0882314 0.1085656 0.0843147 0.0300335 0.0380526 0.0181428 0.0605866 0.0337559 0.0000010 0.0384507 0.0334467 0.0590361 0.0641955 0.0340668 0.0688958 0.0341288 0.0418242 0.0422526 0.0422526 0.0722235 0.0296247 0.0221079 0.0184609 0.0223112 0.0035387 0.0035387 0.0336956 0.0071307 0.0071894 0.0000010 0.0071307 0.0071257 0.0071257 0.0294927 0.0294927 0.0071307 0.0035411 0.0035411 0.0071257 0.0144272 0.0107542 0.0107542 0.0145443 0.0220861 0.0182765 0.0182765 0.0221238 0.0259723 0.0221238 0.0181451 0.0181128 0.0144272 0.0219085 0.0219085 0.0181451 0.0221055 0.0144272 0.0256493 0.0383457 0.0218241 0.0261867 0.0340974 0.0263858 0.0145430 0.0107620 0.0377416 0.0298441 0.0222723 0.0145331 0.0875056 0.0107444 0.0303380 0.0261170 0.2896209 0.0222278 0.0230527 0.0183057 0.0336915 0.1075583 0.1082943 0.0220859 0.0220859 0.0261163 0.0298155 0.0220859 0.0182913 0.0220661 0.0184586 0.0182913 0.1226597 0.0144272 0.0219085 0.0221233 0.0220881 0.0218230 0.0297356 0.0218241 0.0294691 0.0300941 0.2248491 0.2147925 0.0221021 0.0181290 
XM_034668992_1_PREDICTED_Ailuropoda_melanoleuca_REV3_like_DNA_directed_polymerase_zeta_catalytic_subunit_REV3L_transcript_variant_X1_mRNA_1                0.0220859 0.0466950 0.0597957 0.0220859 0.0182931 0.0376777 0.0220859 0.0340665 0.0337865 0.0220859 0.0107620 0.0000000 0.0346809 0.3143146 0.0000010 0.0377438 0.0500846 0.0519007 0.0336915 0.0337514 0.1340386 0.0930447 0.1136620 0.0891186 0.0340007 0.0421246 0.0219064 0.0650525 0.0377438 0.0000010 0.0425682 0.0373958 0.0633840 0.0686501 0.0380941 0.0734299 0.0381644 0.0459184 0.0463889 0.0463889 0.0767353 0.0335361 0.0259529 0.0259529 0.0261922 0.0144380 0.0144380 0.0376777 0.0035387 0.0108509 0.0107620 0.0107620 0.0107542 0.0107542 0.0333870 0.0333870 0.0035387 0.0071257 0.0071257 0.0107542 0.0181451 0.0144272 0.0144272 0.0182931 0.0259282 0.0220680 0.0220680 0.0221434 0.0259965 0.0221434 0.0219085 0.0218696 0.0181451 0.0257179 0.0257179 0.0219085 0.0259514 0.0181451 0.0294950 0.0424524 0.0218241 0.0301175 0.0381295 0.0303445 0.0182915 0.0144380 0.0417777 0.0337848 0.0340987 0.0259512 0.0922744 0.0144142 0.0343477 0.0300360 0.3062416 0.0260948 0.0230527 0.0221040 0.0376699 0.1126126 0.1133821 0.0259271 0.0259271 0.0300343 0.0337514 0.0259272 0.0220859 0.0259039 0.0222885 0.0220859 0.1322236 0.0181451 0.0220880 0.0259731 0.0259297 0.0218230 0.0336613 0.0218241 0.0333584 0.0340699 0.2471991 0.2365427 0.0259476 0.0218891 
XM_015600069_2_PREDICTED_Pteropus_alecto_REV3_like_DNA_directed_polymerase_zeta_catalytic_subunit_REV3L_transcript_variant_X1_mRNA_1                       0.0349757 0.0617724 0.0759937 0.0349757 0.0308947 0.0604682 0.0349757 0.0395327 0.0391941 0.0349757 0.0306313 0.0346809 0.0000000 0.3553013 0.0476076 0.0518580 0.0563514 0.0631085 0.0390775 0.0350429 0.1456361 0.1019244 0.1081129 0.0978513 0.0565771 0.0566924 0.0346806 0.0723639 0.0433537 0.0476076 0.0573276 0.0513534 0.0797152 0.0760633 0.0523693 0.0908198 0.0524749 0.0607027 0.0482192 0.0482192 0.0941414 0.0388901 0.0391511 0.0475425 0.0480054 0.0266563 0.0266563 0.0604682 0.0306313 0.0308946 0.0306313 0.0306313 0.0226844 0.0226844 0.0555102 0.0555102 0.0306313 0.0266082 0.0266082 0.0266317 0.0346825 0.0306321 0.0306321 0.0308947 0.0346206 0.0349465 0.0349465 0.0391854 0.0350737 0.0309772 0.0266580 0.0266084 0.0227045 0.0306593 0.0306593 0.0266580 0.0309523 0.0227045 0.0346173 0.0661454 0.0737102 0.0387776 0.0524257 0.0035750 0.0148106 0.0266565 0.0562025 0.0391892 0.0480553 0.0475479 0.1052279 0.0266079 0.0437618 0.0391183 0.3464611 0.0349461 0.0479043 0.0306867 0.0432628 0.1225957 0.1234567 0.0391112 0.0391112 0.0391131 0.0391475 0.0309203 0.0309203 0.0349779 0.0266306 0.0309203 0.1612705 0.0306320 0.0387795 0.0309802 0.0433105 0.0737065 0.0390397 0.0737102 0.0469609 0.0395347 0.2962032 0.2689688 0.0391512 0.0346489 
XM_005883745_2_PREDICTED_Myotis_brandtii_REV3_like_polymerase_DNA_directed_zeta_catalytic_subunit_REV3L_transcript_variant_X1_mRNA_1                       0.2908203 0.3244426 0.4143885 0.2908203 0.3288570 0.3169834 0.2908203 0.3046732 0.3443242 0.2908203 0.2973815 0.3143146 0.3553013 0.0000000 0.0230527 0.3563981 0.3505785 0.3585040 0.3183000 0.3249590 0.6025780 0.5096063 0.5275829 0.4625697 0.3344357 0.3607088 0.3260028 0.3981534 0.3424991 0.0230527 0.3244426 0.3376292 0.3421879 0.4286349 0.3360809 0.3795617 0.3290317 0.3579606 0.3711319 0.3711319 0.3574043 0.3336890 0.3019523 0.3144932 0.3117151 0.2866759 0.2866759 0.3169834 0.3143146 0.3016438 0.2973815 0.3016438 0.2908203 0.2908203 0.3001094 0.3001094 0.3143146 0.3016438 0.3016438 0.3130088 0.3133254 0.3019510 0.3130088 0.3288570 0.3216126 0.3405161 0.3405161 0.2908203 0.3033719 0.3019523 0.3019523 0.3243064 0.3019523 0.3019523 0.3019523 0.3019523 0.3189590 0.3019523 0.3480162 0.3465418 0.0475819 0.2948957 0.3231140 0.3368685 0.2933972 0.3031950 0.3685926 0.3426688 0.3130065 0.3243026 0.3136255 0.2908203 0.2892272 0.2875612 0.0098528 0.2615363 0.0000010 0.2759286 0.3183000 0.3490161 0.3486606 0.3019510 0.3019510 0.2864120 0.2911224 0.3019523 0.3019510 0.2989313 0.3062742 0.3019510 0.2223738 0.3049845 0.3164125 0.2992079 0.3074108 0.0475795 0.3288228 0.0475819 0.3243087 0.2881580 0.6836049 0.6304622 0.3099375 0.3019523 
XM_006157005_3_PREDICTED_Tupaia_chinensis_REV3_like_DNA_directed_polymerase_zeta_catalytic_subunit_REV3L_transcript_variant_X3_mRNA_1                      0.0000010 0.0000010 0.0218230 0.0000010 0.0000010 0.0000010 0.0000010 0.0231817 0.0000010 0.0000010 0.0000010 0.0000010 0.0476076 0.0230527 0.0000000 0.0000010 0.0231832 0.0000010 0.0218241 0.0000010 0.0794334 0.0478418 0.0740610 0.0478418 0.0000010 0.0000010 0.0000010 0.0000010 0.0231824 0.0000010 0.0000010 0.0000010 0.0000010 0.0218230 0.0000010 0.0218230 0.0000010 0.0000010 0.0000010 0.0000010 0.0000010 0.0000010 0.0000010 0.0000010 0.0000010 0.0000010 0.0000010 0.0000010 0.0000010 0.0000010 0.0000010 0.0000010 0.0000010 0.0000010 0.0000010 0.0000010 0.0000010 0.0000010 0.0000010 0.0000010 0.0000010 0.0000010 0.0000010 0.0000010 0.0000010 0.0000010 0.0000010 0.0000010 0.0000010 0.0000010 0.0000010 0.0000010 0.0000010 0.0000010 0.0000010 0.0000010 0.0000010 0.0000010 0.0000010 0.0231817 0.0218241 0.0231817 0.0231824 0.0476076 0.0218241 0.0220467 0.0218241 0.0000010 0.0000010 0.0000010 0.0230527 0.0000010 0.0230527 0.0230527 0.0230527 0.0230527 0.0230527 0.0230527 0.0218241 0.0000010 0.0218230 0.0000010 0.0000010 0.0230527 0.0000010 0.0000010 0.0000010 0.0000010 0.0000010 0.0000010 0.1858934 0.0000010 0.0000010 0.0000010 0.0218241 0.0218230 0.0230527 0.0218241 0.0000010 0.0218241 0.1242007 0.1019303 0.0000010 0.0000010 
XM_027402162_2_PREDICTED_Cricetulus_griseus_REV3_like_DNA_directed_polymerase_zeta_catalytic_subunit_Rev3l_transcript_variant_X5_mRNA_1                    0.0380567 0.0259256 0.0339438 0.0380567 0.0420939 0.0545900 0.0380567 0.0509235 0.0107561 0.0380567 0.0337560 0.0377438 0.0518580 0.3563981 0.0000010 0.0000000 0.0591036 0.0429680 0.0503398 0.0466374 0.1376546 0.1088384 0.1305439 0.1048537 0.0379888 0.0462140 0.0220675 0.0343561 0.0381343 0.0000010 0.0221040 0.0182930 0.0458232 0.0420147 0.0181430 0.0465962 0.0257378 0.0219066 0.0259748 0.0259748 0.0769045 0.0418960 0.0301483 0.0381329 0.0384937 0.0298437 0.0298437 0.0545900 0.0337560 0.0340389 0.0337560 0.0337560 0.0259279 0.0259279 0.0498792 0.0498792 0.0337560 0.0297913 0.0297913 0.0337258 0.0337559 0.0377089 0.0377089 0.0420939 0.0503893 0.0461715 0.0461715 0.0422074 0.0463377 0.0422074 0.0377425 0.0376755 0.0337559 0.0417781 0.0417781 0.0377425 0.0334466 0.0337559 0.0297915 0.0599457 0.0218241 0.0467463 0.0552656 0.0470932 0.0340359 0.0298438 0.0504859 0.0422111 0.0385297 0.0421731 0.1082343 0.0297910 0.0513434 0.0466096 0.3475512 0.0424113 0.0230527 0.0380925 0.0545587 0.1139786 0.1147653 0.0383759 0.0383759 0.0466006 0.0504221 0.0421286 0.0380567 0.0420900 0.0384158 0.0380567 0.1244698 0.0337559 0.0417781 0.0384548 0.0462643 0.0218230 0.0502879 0.0218241 0.0456925 0.0509213 0.2719907 0.2321748 0.0421728 0.0298182 
XM_013069186_2_PREDICTED_Heterocephalus_glaber_REV3_like_DNA_directed_polymerase_zeta_catalytic_subunit_Rev3l_transcript_variant_X1_mRNA_1                 0.0463796 0.0600654 0.0881550 0.0463796 0.0463286 0.0676885 0.0463796 0.0553321 0.0464685 0.0463796 0.0459409 0.0500846 0.0563514 0.3505785 0.0231832 0.0591036 0.0000000 0.0751303 0.0546920 0.0506102 0.1476966 0.1044267 0.1260112 0.1004253 0.0638516 0.0639821 0.0418856 0.0703016 0.0506175 0.0231832 0.0557518 0.0585359 0.0777381 0.0882330 0.0509517 0.0940807 0.0510513 0.0679478 0.0598471 0.0598471 0.0727831 0.0145981 0.0464116 0.0547843 0.0553089 0.0418856 0.0418856 0.0676885 0.0459409 0.0463285 0.0459409 0.0459409 0.0378045 0.0378045 0.0626706 0.0626706 0.0459409 0.0418085 0.0418085 0.0458956 0.0542212 0.0500326 0.0500326 0.0463286 0.0547456 0.0504613 0.0504613 0.0548375 0.0506444 0.0464539 0.0418831 0.0418089 0.0378384 0.0459772 0.0459772 0.0418831 0.0464216 0.0378384 0.0418089 0.0734709 0.0478442 0.0596670 0.0685396 0.0514740 0.0463244 0.0418858 0.0722217 0.0548427 0.0640325 0.0633649 0.1288569 0.0418082 0.0517585 0.0594840 0.3418569 0.0466796 0.0507560 0.0505540 0.0589718 0.1293517 0.1302351 0.0505647 0.0505647 0.0552230 0.0506102 0.0422838 0.0463796 0.0505198 0.0468209 0.0463796 0.1557076 0.0459362 0.0542689 0.0464680 0.0590388 0.0478418 0.0546337 0.0478442 0.0625866 0.0639885 0.2925804 0.2826527 0.0509911 0.0338430 
XM_008852401_2_PREDICTED_Nannospalax_galili_REV3_like_DNA_directed_polymerase_zeta_catalytic_subunit_Rev3l_transcript_variant_X1_mRNA_1                    0.0523472 0.0523921 0.0707165 0.0523472 0.0566948 0.0794563 0.0523472 0.0606127 0.0388488 0.0523472 0.0475984 0.0519007 0.0631085 0.3585040 0.0000010 0.0429680 0.0751303 0.0000000 0.0655943 0.0480967 0.1516746 0.1352510 0.1477311 0.1310848 0.0662421 0.0756051 0.0433894 0.0716511 0.0612925 0.0000010 0.0480929 0.0476367 0.0637434 0.0800828 0.0518891 0.0793099 0.0471808 0.0514966 0.0477797 0.0477797 0.0940905 0.0564228 0.0438567 0.0524650 0.0486453 0.0433894 0.0433894 0.0794563 0.0475984 0.0480126 0.0475984 0.0475984 0.0391521 0.0391521 0.0739951 0.0739951 0.0475984 0.0433063 0.0433063 0.0391521 0.0475926 0.0433460 0.0433460 0.0566948 0.0656600 0.0610843 0.0610843 0.0568569 0.0613169 0.0568569 0.0518925 0.0517983 0.0475927 0.0476366 0.0562462 0.0518925 0.0471266 0.0475927 0.0517983 0.0738374 0.0218241 0.0618975 0.0711326 0.0578980 0.0480082 0.0433896 0.0749336 0.0657790 0.0619601 0.0657190 0.1181097 0.0433060 0.0669627 0.0518010 0.3496300 0.0571444 0.0230527 0.0524042 0.0701513 0.1305345 0.1183968 0.0567411 0.0567411 0.0616793 0.0656946 0.0567412 0.0437622 0.0480078 0.0485366 0.0437622 0.1342653 0.0391882 0.0476362 0.0568827 0.0612221 0.0218230 0.0655164 0.0218241 0.0604112 0.0619211 0.2697430 0.2548097 0.0568167 0.0433464 
XM_023650934_1_PREDICTED_Equus_caballus_REV3_like_DNA_directed_polymerase_zeta_catalytic_subunit_REV3L_transcript_variant_X1_mRNA_1                        0.0339699 0.0503468 0.0647004 0.0339699 0.0300102 0.0586864 0.0339699 0.0303409 0.0380588 0.0339699 0.0297614 0.0336915 0.0390775 0.3183000 0.0218241 0.0503398 0.0546920 0.0655943 0.0000000 0.0380157 0.1172933 0.0785689 0.0982537 0.0746859 0.0549048 0.0550131 0.0336912 0.0555711 0.0420932 0.0218241 0.0462189 0.0498630 0.0772986 0.0647588 0.0508216 0.0771335 0.0509208 0.0589074 0.0509639 0.0509639 0.0714779 0.0377724 0.0380191 0.0461583 0.0465952 0.0259024 0.0259024 0.0586864 0.0297614 0.0300101 0.0297614 0.0297614 0.0220464 0.0220464 0.0538962 0.0538962 0.0297614 0.0258577 0.0258577 0.0297358 0.0376351 0.0336614 0.0336614 0.0300102 0.0379868 0.0339427 0.0339427 0.0380512 0.0340621 0.0300879 0.0259041 0.0182586 0.0220663 0.0297891 0.0297891 0.0259041 0.0300643 0.0220663 0.0258577 0.0544231 0.0000010 0.0337259 0.0417492 0.0346124 0.0300074 0.0259025 0.0462090 0.0380548 0.0466418 0.0461628 0.1077289 0.0258575 0.0379829 0.0423660 0.3102257 0.0382348 0.0475819 0.0340008 0.0035324 0.1187179 0.1195330 0.0379814 0.0379814 0.0423593 0.0380157 0.0300344 0.0339699 0.0379475 0.0342883 0.0339699 0.1525245 0.0297623 0.0376685 0.0300904 0.0340054 0.0450012 0.0258793 0.0000010 0.0456083 0.0466055 0.2373384 0.2185528 0.0143885 0.0336615 
XM_035296530_1_PREDICTED_Callithrix_jacchus_REV3_like_DNA_directed_polymerase_zeta_catalytic_subunit_REV3L_transcript_variant_X1_mRNA_1                    0.0181472 0.0475347 0.0698252 0.0181472 0.0300651 0.0503395 0.0181472 0.0384472 0.0343836 0.0181472 0.0298155 0.0337514 0.0350429 0.3249590 0.0000010 0.0466374 0.0506102 0.0480967 0.0380157 0.0000000 0.1409457 0.0988409 0.1096843 0.0948773 0.0511703 0.0512707 0.0300619 0.0662417 0.0421665 0.0000010 0.0518285 0.0461951 0.0734698 0.0698884 0.0470844 0.0840888 0.0471758 0.0551735 0.0388842 0.0388842 0.0913726 0.0378384 0.0380857 0.0462356 0.0466737 0.0259504 0.0259504 0.0503395 0.0298155 0.0300650 0.0298155 0.0298155 0.0220879 0.0220879 0.0457327 0.0457327 0.0298155 0.0259055 0.0259055 0.0220879 0.0298163 0.0259287 0.0259287 0.0300651 0.0380534 0.0340034 0.0340034 0.0381179 0.0341232 0.0301430 0.0259521 0.0259057 0.0221079 0.0221280 0.0298432 0.0259521 0.0301193 0.0221079 0.0336914 0.0642526 0.0218241 0.0425614 0.0426062 0.0306573 0.0300623 0.0259505 0.0546378 0.0381215 0.0467204 0.0462402 0.0980113 0.0259053 0.0470695 0.0424391 0.3167314 0.0383022 0.0230527 0.0340617 0.0420801 0.1188287 0.1196439 0.0144421 0.0144421 0.0259055 0.0219301 0.0144423 0.0107657 0.0144292 0.0145696 0.0107657 0.1432564 0.0298164 0.0377341 0.0301456 0.0421260 0.0218230 0.0379802 0.0218241 0.0456840 0.0466841 0.2769683 0.2510284 0.0380854 0.0298190 
XM_007484437_2_PREDICTED_Monodelphis_domestica_REV3_like_DNA_directed_polymerase_zeta_catalytic_subunit_REV3L_transcript_variant_X1_mRNA_1                 0.1352010 0.1435716 0.1526718 0.1352010 0.1231968 0.1703415 0.1352010 0.1283523 0.1271426 0.1352010 0.1241645 0.1340386 0.1456361 0.6025780 0.0794334 0.1376546 0.1476966 0.1516746 0.1172933 0.1409457 0.0000000 0.0429439 0.0517706 0.0391603 0.1655596 0.1660435 0.1340376 0.1309882 0.1410878 0.0794334 0.1381063 0.1507989 0.1649407 0.1528013 0.1392208 0.1644744 0.1454696 0.1552582 0.1454548 0.1454548 0.1884061 0.1348257 0.1409579 0.1409579 0.1539225 0.1188535 0.1188535 0.1703415 0.1285287 0.1296604 0.1241645 0.1285287 0.1176239 0.1176239 0.1623118 0.1623118 0.1285287 0.1228788 0.1228788 0.1283043 0.1349569 0.1294198 0.1337985 0.1231968 0.1342817 0.1285290 0.1285290 0.1412087 0.1356831 0.1301061 0.1230937 0.1173861 0.1177280 0.1285273 0.1285273 0.1230937 0.1163769 0.1177280 0.1224642 0.1429913 0.1095889 0.1343470 0.1341145 0.1381123 0.1296490 0.1231960 0.1572802 0.1345129 0.1427191 0.1410873 0.2383410 0.1228778 0.1409659 0.1479866 0.5882043 0.1419572 0.1168647 0.1354479 0.1226340 0.2436920 0.2452581 0.1408239 0.1408239 0.1478153 0.1409457 0.1297616 0.1352010 0.1407037 0.1366425 0.1352010 0.2969043 0.1284154 0.1394807 0.1302890 0.1467511 0.1095834 0.1195475 0.1095889 0.1333914 0.1541668 0.2816434 0.2578554 0.1109724 0.1337989 
XM_031964400_1_PREDICTED_Sarcophilus_harrisii_REV3_like_DNA_directed_polymerase_zeta_catalytic_subunit_REV3L_transcript_variant_X1_mRNA_1                  0.0938404 0.1141623 0.1221408 0.0938404 0.0835524 0.1242969 0.0938404 0.0949214 0.0990849 0.0938404 0.0882314 0.0930447 0.1019244 0.5096063 0.0478418 0.1088384 0.1044267 0.1352510 0.0785689 0.0988409 0.0429439 0.0000000 0.0297658 0.0145696 0.1200194 0.1203215 0.0930439 0.1028741 0.0988989 0.0478418 0.1091290 0.1128893 0.1424547 0.1222473 0.1100187 0.1377160 0.1156148 0.1248258 0.1156392 0.1156392 0.1456792 0.0935086 0.0891532 0.0988495 0.0998557 0.0835514 0.0835514 0.1242969 0.0882314 0.0889959 0.0882314 0.0882314 0.0787516 0.0787516 0.1177138 0.1177138 0.0882314 0.0833676 0.0833676 0.0881115 0.0937081 0.0888654 0.0929145 0.0835524 0.0931766 0.0882317 0.0882317 0.0989853 0.0941404 0.0892691 0.0835152 0.0786318 0.0788220 0.0882669 0.0882669 0.0835152 0.0892239 0.0788220 0.0831704 0.1085094 0.0740610 0.0932112 0.0889855 0.0957643 0.0889880 0.0835518 0.1031585 0.0838117 0.0942824 0.0932569 0.1701451 0.0833669 0.0988118 0.1005050 0.4973411 0.0994945 0.0786213 0.0843823 0.0832433 0.2012986 0.2026400 0.0987538 0.0987538 0.1045934 0.0988409 0.0890665 0.0938404 0.0986678 0.0947928 0.0938404 0.2465610 0.0881889 0.0882662 0.0893472 0.1038383 0.0740573 0.0800217 0.0740610 0.1074081 0.1100009 0.2704757 0.2447376 0.0733025 0.0929148 
XM_036766364_1_PREDICTED_Trichosurus_vulpecula_REV3_like_DNA_directed_polymerase_zeta_catalytic_subunit_REV3L_transcript_variant_X1_mRNA_1                 0.1146308 0.1362742 0.1450430 0.1146308 0.1036233 0.1469871 0.1146308 0.1159892 0.1202838 0.1146308 0.1085656 0.1136620 0.1081129 0.5275829 0.0740610 0.1305439 0.1260112 0.1477311 0.0982537 0.1096843 0.0517706 0.0297658 0.0000000 0.0261226 0.1425257 0.1429088 0.1136610 0.1240912 0.1200295 0.0740610 0.1309503 0.1347034 0.1665327 0.1451662 0.1320035 0.1660571 0.1380487 0.1476321 0.1272126 0.1272126 0.1697551 0.1142722 0.1199455 0.1304404 0.1317887 0.1036221 0.1036221 0.1469871 0.1085656 0.1095040 0.1085656 0.1085656 0.0985040 0.0985040 0.1397848 0.1397848 0.1085656 0.1033779 0.1033779 0.0985040 0.1043530 0.0993490 0.1034674 0.1036233 0.1138433 0.1085659 0.1085659 0.1201322 0.1150137 0.1098561 0.1035578 0.0983310 0.0985906 0.1085868 0.1085868 0.1035578 0.1098091 0.0985906 0.1030836 0.1301502 0.1019320 0.1138923 0.1136958 0.1017414 0.0994956 0.1036226 0.1350532 0.1140386 0.1256384 0.1242531 0.2011098 0.1033771 0.1138413 0.1200299 0.5148627 0.1146250 0.0746159 0.1088271 0.1031995 0.2036493 0.2049900 0.1198317 0.1198317 0.1199258 0.1199352 0.1095893 0.1045104 0.1094936 0.1108330 0.1045104 0.2634026 0.1084926 0.1187305 0.1099804 0.1252619 0.1019272 0.1000862 0.1019320 0.1287929 0.1109408 0.2773400 0.2469725 0.0925314 0.1134832 
XM_027848601_1_PREDICTED_Vombatus_ursinus_REV3_like_DNA_directed_polymerase_zeta_catalytic_subunit_REV3L_transcript_variant_X1_mRNA_1                      0.0898880 0.1101531 0.1180577 0.0898880 0.0796425 0.1202740 0.0898880 0.0909272 0.0951057 0.0898880 0.0843147 0.0891186 0.0978513 0.4625697 0.0478418 0.1048537 0.1004253 0.1310848 0.0746859 0.0948773 0.0391603 0.0145696 0.0261226 0.0000000 0.1159896 0.1162805 0.0891179 0.0989263 0.0949299 0.0478418 0.1051274 0.1089222 0.1383466 0.1181619 0.1059942 0.1308737 0.1115608 0.1207874 0.1115894 0.1115894 0.1416009 0.0895604 0.0901293 0.0999481 0.1009763 0.0796415 0.0796415 0.1202740 0.0843147 0.0850521 0.0843147 0.0843147 0.0748578 0.0748578 0.1137433 0.1137433 0.0843147 0.0794671 0.0794671 0.0842018 0.0897632 0.0849291 0.0889957 0.0796425 0.0892431 0.0843149 0.0843149 0.0950139 0.0901756 0.0853133 0.0796096 0.0747465 0.0749256 0.0843522 0.0843522 0.0796096 0.0852683 0.0749256 0.0792851 0.1045339 0.0740610 0.0892754 0.0833589 0.0917428 0.0850445 0.0796419 0.1043093 0.0847172 0.0953273 0.0942796 0.1779379 0.0794664 0.0948452 0.0945408 0.4514911 0.0955064 0.0786213 0.0852997 0.0793513 0.1891114 0.1903919 0.0947926 0.0947926 0.1005945 0.0948773 0.0851205 0.0898880 0.0947090 0.0908061 0.0898880 0.2223194 0.0842767 0.0892232 0.0853843 0.0998602 0.0740573 0.0760773 0.0740610 0.1034691 0.1059799 0.2510299 0.2213067 0.0694596 0.0889960 
XM_040983897_1_PREDICTED_Ochotona_curzoniae_REV3_like_DNA_directed_polymerase_zeta_catalytic_subunit_REV3L_transcript_variant_X1_mRNA_1                    0.0423974 0.0342581 0.0510237 0.0423974 0.0383043 0.0545289 0.0423974 0.0555500 0.0340056 0.0423974 0.0300335 0.0340007 0.0565771 0.3344357 0.0000010 0.0379888 0.0638516 0.0662421 0.0549048 0.0511703 0.1655596 0.1200194 0.1425257 0.1159896 0.0000000 0.0071129 0.0184080 0.0516648 0.0508142 0.0000010 0.0302866 0.0376365 0.0599302 0.0596377 0.0260937 0.0598089 0.0261396 0.0380602 0.0466947 0.0466947 0.0721605 0.0462881 0.0383739 0.0383739 0.0387379 0.0340007 0.0340007 0.0545289 0.0300335 0.0302865 0.0300335 0.0300335 0.0300073 0.0300073 0.0498249 0.0498249 0.0300335 0.0260928 0.0260928 0.0300073 0.0379815 0.0339700 0.0339700 0.0383043 0.0465542 0.0342563 0.0342563 0.0466335 0.0508412 0.0466335 0.0420424 0.0419677 0.0379816 0.0461541 0.0461541 0.0420424 0.0466010 0.0379816 0.0419677 0.0647760 0.0218241 0.0512972 0.0599837 0.0516771 0.0383010 0.0340008 0.0636871 0.0550567 0.0555862 0.0465956 0.1025877 0.0339394 0.0560094 0.0511438 0.3260028 0.0468609 0.0230527 0.0424390 0.0592024 0.1241541 0.1250066 0.0427543 0.0427543 0.0511319 0.0549926 0.0465446 0.0423974 0.0465029 0.0428004 0.0423974 0.1407936 0.0379816 0.0461540 0.0466478 0.0465491 0.0218230 0.0548460 0.0218241 0.0543352 0.0555454 0.2743930 0.2537915 0.0465970 0.0339704 
XM_004580498_1_PREDICTED_Ochotona_princeps_REV3_like_DNA_directed_polymerase_zeta_catalytic_subunit_REV3L_mRNA_1                                           0.0507957 0.0424498 0.0597045 0.0507957 0.0383755 0.0632005 0.0507957 0.0556611 0.0340673 0.0507957 0.0380526 0.0421246 0.0566924 0.3607088 0.0000010 0.0462140 0.0639821 0.0756051 0.0550131 0.0512707 0.1660435 0.1203215 0.1429088 0.1162805 0.0071129 0.0000000 0.0261165 0.0517675 0.0509133 0.0000010 0.0383797 0.0457786 0.0688968 0.0597582 0.0340056 0.0687528 0.0340673 0.0380248 0.0384169 0.0384169 0.0774172 0.0463763 0.0466801 0.0466801 0.0471269 0.0421246 0.0421246 0.0632005 0.0380526 0.0383754 0.0380526 0.0380526 0.0380172 0.0380172 0.0582903 0.0582903 0.0380526 0.0340009 0.0340009 0.0380172 0.0462001 0.0420830 0.0420830 0.0383755 0.0466434 0.0343200 0.0343200 0.0551603 0.0509403 0.0467231 0.0421219 0.0420459 0.0380515 0.0462417 0.0462417 0.0421219 0.0466905 0.0380515 0.0420459 0.0739249 0.0218241 0.0600246 0.0689579 0.0517796 0.0465920 0.0421248 0.0726605 0.0551656 0.0644190 0.0551157 0.1127803 0.0420452 0.0649156 0.0598393 0.3517441 0.0554313 0.0230527 0.0508489 0.0593210 0.1244690 0.1253258 0.0512242 0.0512242 0.0598209 0.0551012 0.0466338 0.0507957 0.0550027 0.0512828 0.0507957 0.1503508 0.0424399 0.0507932 0.0467375 0.0550570 0.0218230 0.0549541 0.0218241 0.0629559 0.0643746 0.2850826 0.2531060 0.0551215 0.0420834 
XM_008263376_2_PREDICTED_Oryctolagus_cuniculus_REV3_like_DNA_directed_polymerase_zeta_catalytic_subunit_REV3L_transcript_variant_X1_mRNA_1                 0.0220857 0.0303138 0.0468807 0.0220857 0.0259062 0.0457503 0.0220857 0.0340663 0.0182923 0.0220857 0.0181428 0.0219064 0.0346806 0.3260028 0.0000010 0.0220675 0.0418856 0.0433894 0.0336912 0.0300619 0.1340376 0.0930439 0.1136610 0.0891179 0.0184080 0.0261165 0.0000000 0.0474677 0.0298437 0.0000010 0.0263809 0.0218694 0.0462644 0.0554030 0.0222659 0.0555598 0.0223048 0.0298173 0.0301213 0.0301213 0.0678273 0.0257838 0.0183261 0.0259529 0.0261921 0.0144379 0.0144379 0.0457503 0.0181428 0.0182930 0.0181428 0.0181428 0.0107541 0.0107541 0.0412833 0.0412833 0.0181428 0.0144142 0.0144142 0.0181288 0.0256948 0.0218888 0.0218888 0.0259062 0.0337244 0.0220680 0.0220680 0.0259721 0.0298680 0.0259721 0.0219083 0.0218694 0.0181450 0.0257177 0.0257177 0.0219083 0.0259512 0.0181450 0.0218694 0.0507752 0.0218241 0.0301173 0.0381291 0.0303442 0.0182913 0.0144379 0.0417773 0.0337846 0.0340984 0.0337543 0.0922736 0.0144141 0.0343474 0.0300358 0.3177336 0.0260946 0.0230527 0.0221038 0.0376696 0.1126117 0.1133812 0.0222680 0.0222680 0.0300340 0.0337512 0.0259269 0.0220857 0.0259037 0.0222883 0.0220857 0.1335660 0.0181450 0.0257176 0.0259729 0.0298179 0.0218230 0.0336610 0.0218241 0.0333581 0.0340696 0.2616682 0.2365412 0.0259474 0.0144272 
XM_029482641_1_PREDICTED_Mus_caroli_REV3_like_DNA_directed_polymerase_zeta_catalytic_subunit_Rev3l_mRNA_1                                                  0.0656120 0.0222095 0.0305431 0.0656120 0.0513169 0.0882454 0.0656120 0.0710031 0.0303716 0.0656120 0.0605866 0.0650525 0.0723639 0.3981534 0.0000010 0.0343561 0.0703016 0.0716511 0.0555711 0.0662417 0.1309882 0.1028741 0.1240912 0.0989263 0.0516648 0.0517675 0.0474677 0.0000000 0.0568541 0.0000010 0.0184094 0.0471042 0.0740906 0.0305708 0.0224126 0.0473754 0.0302896 0.0509255 0.0472443 0.0472443 0.0728273 0.0519097 0.0568424 0.0657698 0.0664277 0.0562276 0.0562276 0.0882454 0.0605866 0.0611139 0.0605866 0.0605866 0.0518141 0.0518141 0.0825970 0.0825970 0.0605866 0.0561149 0.0561149 0.0605178 0.0694907 0.0649762 0.0649762 0.0513169 0.0600008 0.0555744 0.0555744 0.0703231 0.0658103 0.0612907 0.0562171 0.0432662 0.0518616 0.0606277 0.0606277 0.0562171 0.0513488 0.0518616 0.0349770 0.0794499 0.0218241 0.0651475 0.0743234 0.0669343 0.0611084 0.0562279 0.0780487 0.0601084 0.0652004 0.0688964 0.1456192 0.0561144 0.0662061 0.0754334 0.3884172 0.0706815 0.0230527 0.0656905 0.0599281 0.1336675 0.1346044 0.0661807 0.0661807 0.0661998 0.0702370 0.0611640 0.0656120 0.0701099 0.0662665 0.0656120 0.1367323 0.0605725 0.0695529 0.0613222 0.0748439 0.0218230 0.0605019 0.0218241 0.0738218 0.0803306 0.2688771 0.2500290 0.0556818 0.0561663 
