118
NM_001372078_1_Homo_sapiens_REV3_like_DNA_directed_polymerase_zeta_catalytic_subunit_REV3L_transcript_variant_4_mRNA_1                                     0.0000000 0.2390316 0.2155938 0.0326912 0.0889304 0.1493447 0.0000010 0.1258896 0.1493447 0.0326912 0.1928404 0.2390316 0.1062348 0.0700163 0.0161066 0.1258896 0.0673571 0.2390316 0.1062348 0.0507085 0.2384226 0.2384226 0.2073094 0.2579834 0.2390316 0.2390316 0.1527031 0.2390316 0.1084452 0.0673571 0.1928404 0.1461424 0.1461424 0.1707616 0.2106129 0.1707616 0.2980559 0.1747045 0.1258896 0.0507085 0.0507085 0.1041170 0.1285779 0.1493447 0.1360674 0.1285779 0.0871626 0.0871626 0.0686595 0.1493447 0.2631616 0.2390316 0.1928404 0.1747045 0.1062348 0.1062348 0.2631616 0.1747045 0.1493447 0.1707616 0.1493447 0.1062348 0.0889304 0.1062348 0.1670061 0.1258896 0.0871626 0.0871626 0.0507085 0.0889304 0.0871626 0.0507085 0.0686595 0.0686595 0.0686595 0.0889304 0.0534170 0.1172556 0.0700163 0.0871626 0.1062348 0.0686595 0.0714298 0.1493447 0.1527031 0.1062348 0.1747045 0.1062348 0.0714298 0.0907749 0.1788511 0.0700163 0.0686595 0.1062348 0.5465638 0.1107560 0.5284684 0.0497692 0.0507085 0.0700163 0.0507085 0.0686595 0.0161066 0.0332929 0.0686595 0.0700163 0.0700163 0.1285779 0.1084452 0.1974121 0.1527031 0.0673571 0.1062348 0.0497692 0.5307591 0.4939401 0.0507085 0.0161066 
NM_011264_3_Mus_musculus_REV3_like_DNA_directed_polymerase_zeta_catalytic_subunit_Rev3l_mRNA_1                                                             0.2390316 0.0000000 0.2022282 0.2390316 0.3035532 0.2263753 0.2390316 0.3769873 0.1084452 0.2390316 0.3135186 0.3666820 0.2449982 0.2390316 0.2155938 0.0871626 0.2390316 0.2513053 0.2955439 0.2698980 0.4444423 0.4444423 0.4306087 0.4950159 0.3035532 0.3035532 0.3696064 0.0326912 0.3035532 0.2390316 0.0326912 0.0686595 0.2698980 0.2022282 0.0871626 0.1285779 0.1928404 0.1107560 0.0871626 0.2208395 0.2208395 0.2631616 0.2390316 0.2631616 0.2799280 0.2390316 0.2698980 0.2698980 0.2449982 0.2263753 0.3397499 0.3666820 0.3135186 0.2955439 0.2955439 0.2955439 0.3397499 0.2955439 0.2631616 0.2879895 0.2631616 0.2955439 0.3035532 0.2955439 0.2698980 0.2698980 0.3219404 0.3219404 0.2698980 0.3308830 0.3219404 0.2698980 0.2698980 0.2698980 0.2955439 0.3308830 0.2349084 0.2757153 0.2631616 0.1884929 0.2449982 0.1974121 0.3120640 0.2770288 0.3120640 0.2698980 0.3696064 0.3219404 0.3120640 0.2449982 0.3035532 0.2390316 0.2449982 0.2955439 0.6265798 0.2579834 0.6035833 0.2155938 0.2698980 0.3035532 0.2698980 0.2449982 0.2155938 0.2449982 0.2567857 0.2770288 0.2263753 0.2513053 0.2631616 0.3120640 0.3120640 0.2879895 0.3219404 0.2155938 0.6515988 0.6035833 0.2698980 0.2631616 
XM_006256524_2_PREDICTED_Rattus_norvegicus_REV3_like_DNA_directed_polymerase_zeta_catalytic_subunit_Rev3l_transcript_variant_X1_mRNA_1                     0.2155938 0.2022282 0.0000000 0.1707616 0.2022282 0.2513053 0.2155938 0.2208395 0.1131736 0.1707616 0.3035532 0.3590194 0.2449982 0.2513053 0.1928404 0.0907749 0.2155938 0.2513053 0.2698980 0.2449982 0.4753561 0.4753561 0.4593149 0.5295391 0.2879895 0.2879895 0.2208395 0.2022282 0.2022282 0.1707616 0.1562283 0.1107560 0.2208395 0.0326912 0.1313926 0.1788511 0.1928404 0.1313926 0.0907749 0.1974121 0.1974121 0.2155938 0.2263753 0.2513053 0.2680504 0.2263753 0.2449982 0.2449982 0.2208395 0.2513053 0.3308830 0.3590194 0.3035532 0.2208395 0.2698980 0.2208395 0.3308830 0.2208395 0.2513053 0.2770288 0.2513053 0.2208395 0.2022282 0.2208395 0.2449982 0.2449982 0.2208395 0.2208395 0.1974121 0.2513053 0.2449982 0.1974121 0.1747045 0.1747045 0.2208395 0.2513053 0.1854861 0.1619729 0.2263753 0.2208395 0.2449982 0.2208395 0.2845931 0.2390316 0.2449982 0.2208395 0.3120640 0.2698980 0.2845931 0.2579834 0.3505562 0.2513053 0.2208395 0.2698980 0.6565160 0.2322262 0.6336324 0.1493447 0.1974121 0.2263753 0.1974121 0.1527031 0.1928404 0.2208395 0.2449982 0.2770288 0.2263753 0.2513053 0.2513053 0.2845931 0.2208395 0.2631616 0.2955439 0.1928404 0.6515988 0.5660937 0.2449982 0.2390316 
XM_028847034_1_PREDICTED_Macaca_mulatta_REV3_like_DNA_directed_polymerase_zeta_catalytic_subunit_REV3L_transcript_variant_X1_mRNA_1                        0.0326912 0.2390316 0.1707616 0.0000000 0.0516849 0.1493447 0.0326912 0.0871626 0.1493447 0.0000010 0.1928404 0.2390316 0.1062348 0.0700163 0.0161066 0.1258896 0.0673571 0.2390316 0.1062348 0.0507085 0.2384226 0.2384226 0.2073094 0.2579834 0.2390316 0.2390316 0.1527031 0.2390316 0.0700163 0.0326912 0.1928404 0.1461424 0.1461424 0.1707616 0.2106129 0.1707616 0.2980559 0.1747045 0.1258896 0.0507085 0.0507085 0.1041170 0.1285779 0.1493447 0.1581837 0.1285779 0.0871626 0.0871626 0.0686595 0.1493447 0.2631616 0.2390316 0.1928404 0.1747045 0.1062348 0.1062348 0.2631616 0.1747045 0.1493447 0.1707616 0.1493447 0.0686595 0.0516849 0.0686595 0.1258896 0.0871626 0.0871626 0.0871626 0.0507085 0.0889304 0.0871626 0.0507085 0.0686595 0.0686595 0.0686595 0.0889304 0.0534170 0.1172556 0.0700163 0.0871626 0.1062348 0.0686595 0.0714298 0.1493447 0.1527031 0.1062348 0.1747045 0.1062348 0.0714298 0.0907749 0.1788511 0.0700163 0.0686595 0.1062348 0.5465638 0.1107560 0.5284684 0.0161066 0.0163958 0.0339176 0.0163958 0.0332929 0.0161066 0.0332929 0.0686595 0.0700163 0.0700163 0.1285779 0.1084452 0.1974121 0.1527031 0.0673571 0.1062348 0.0497692 0.5307591 0.4939401 0.0507085 0.0497692 
XM_024996589_1_PREDICTED_Bos_taurus_REV3_like_DNA_directed_polymerase_zeta_catalytic_subunit_REV3L_transcript_variant_X1_mRNA_1                            0.0889304 0.3035532 0.2022282 0.0516849 0.0000000 0.1707616 0.0889304 0.0686595 0.2263753 0.0516849 0.2155938 0.2631616 0.1258896 0.0889304 0.0700163 0.1974121 0.1285779 0.2770288 0.0871626 0.1107560 0.3411692 0.3411692 0.3012041 0.3614195 0.3035532 0.3035532 0.1832180 0.3035532 0.1131736 0.0889304 0.2513053 0.1974121 0.2208395 0.2022282 0.2208395 0.2263753 0.3135186 0.2322262 0.1974121 0.1107560 0.1107560 0.1285779 0.2022282 0.2263753 0.2412203 0.2022282 0.1062348 0.1062348 0.0871626 0.1707616 0.2879895 0.2631616 0.2155938 0.1974121 0.1258896 0.0871626 0.2879895 0.1974121 0.1707616 0.1928404 0.1707616 0.0332929 0.0000010 0.0332929 0.0871626 0.0507085 0.0686595 0.0686595 0.0332929 0.0700163 0.0686595 0.0332929 0.0507085 0.0507085 0.0507085 0.0700163 0.0534170 0.1172556 0.1131736 0.1527031 0.1258896 0.0871626 0.0907749 0.1707616 0.1461424 0.1258896 0.1974121 0.1258896 0.0907749 0.1107560 0.2022282 0.0889304 0.0871626 0.0871626 0.6190252 0.1832180 0.5977929 0.0700163 0.0714298 0.0516849 0.0714298 0.0714298 0.0700163 0.0907749 0.1313926 0.1084452 0.1084452 0.1707616 0.1788511 0.2322262 0.1832180 0.1285779 0.1747045 0.1084452 0.6627840 0.6102260 0.0686595 0.1084452 
XM_014118216_3_PREDICTED_Canis_lupus_familiaris_REV3_like_DNA_directed_polymerase_zeta_catalytic_subunit_REV3L_transcript_variant_X1_mRNA_1                0.1493447 0.2263753 0.2513053 0.1493447 0.1707616 0.0000000 0.1493447 0.2106129 0.1788511 0.1493447 0.1493447 0.1928404 0.1461424 0.1493447 0.1285779 0.1527031 0.1493447 0.2770288 0.1884929 0.1747045 0.3211283 0.3211283 0.3308066 0.3308066 0.3590194 0.3590194 0.3120640 0.1788511 0.2022282 0.1493447 0.2263753 0.1747045 0.2449982 0.2513053 0.2449982 0.1788511 0.2879895 0.2073094 0.1527031 0.1313926 0.1313926 0.1928404 0.2263753 0.2513053 0.2680504 0.2263753 0.0871626 0.0871626 0.0686595 0.0000010 0.2155938 0.1928404 0.1493447 0.1313926 0.1062348 0.1062348 0.2155938 0.1313926 0.1084452 0.1285779 0.1084452 0.1884929 0.1707616 0.1884929 0.1670061 0.2106129 0.1258896 0.1258896 0.1258896 0.1707616 0.1670061 0.1258896 0.1461424 0.1461424 0.1461424 0.1707616 0.0919692 0.1172556 0.1562283 0.1313926 0.1461424 0.1461424 0.1527031 0.2390316 0.2449982 0.1884929 0.2698980 0.1884929 0.1527031 0.1461424 0.2263753 0.1493447 0.1461424 0.1884929 0.6565160 0.1599341 0.6336324 0.1707616 0.1747045 0.1493447 0.1747045 0.1527031 0.1285779 0.1527031 0.1974121 0.2022282 0.2022282 0.2513053 0.2513053 0.3120640 0.3120640 0.1928404 0.2106129 0.1707616 0.6102260 0.6035833 0.1258896 0.1707616 
XM_016956167_2_PREDICTED_Pan_troglodytes_REV3_like_DNA_directed_polymerase_zeta_catalytic_subunit_REV3L_transcript_variant_X1_mRNA_1                       0.0000010 0.2390316 0.2155938 0.0326912 0.0889304 0.1493447 0.0000000 0.1258896 0.1493447 0.0326912 0.1928404 0.2390316 0.1062348 0.0700163 0.0161066 0.1258896 0.0673571 0.2390316 0.1062348 0.0507085 0.2384226 0.2384226 0.2073094 0.2579834 0.2390316 0.2390316 0.1527031 0.2390316 0.1084452 0.0673571 0.1928404 0.1461424 0.1461424 0.1707616 0.2106129 0.1707616 0.2980559 0.1747045 0.1258896 0.0507085 0.0507085 0.1041170 0.1285779 0.1493447 0.1360674 0.1285779 0.0871626 0.0871626 0.0686595 0.1493447 0.2631616 0.2390316 0.1928404 0.1747045 0.1062348 0.1062348 0.2631616 0.1747045 0.1493447 0.1707616 0.1493447 0.1062348 0.0889304 0.1062348 0.1670061 0.1258896 0.0871626 0.0871626 0.0507085 0.0889304 0.0871626 0.0507085 0.0686595 0.0686595 0.0686595 0.0889304 0.0534170 0.1172556 0.0700163 0.0871626 0.1062348 0.0686595 0.0714298 0.1493447 0.1527031 0.1062348 0.1747045 0.1062348 0.0714298 0.0907749 0.1788511 0.0700163 0.0686595 0.1062348 0.5465638 0.1107560 0.5284684 0.0497692 0.0507085 0.0700163 0.0507085 0.0686595 0.0161066 0.0332929 0.0686595 0.0700163 0.0700163 0.1285779 0.1084452 0.1974121 0.1527031 0.0673571 0.1062348 0.0497692 0.5307591 0.4939401 0.0507085 0.0161066 
XM_021091238_1_PREDICTED_Sus_scrofa_REV3_like_DNA_directed_polymerase_zeta_catalytic_subunit_REV3L_transcript_variant_X1_mRNA_1                            0.1258896 0.3769873 0.2208395 0.0871626 0.0686595 0.2106129 0.1258896 0.0000000 0.2698980 0.0871626 0.2567857 0.2567857 0.1634245 0.1258896 0.1062348 0.2390316 0.1258896 0.3219404 0.1233178 0.1493447 0.3930448 0.3930448 0.3505562 0.4122177 0.2955439 0.2955439 0.1562283 0.3769873 0.1527031 0.1258896 0.3219404 0.2631616 0.2631616 0.2208395 0.2879895 0.2955439 0.3836697 0.3035532 0.2390316 0.1493447 0.1493447 0.1258896 0.2449982 0.2698980 0.2876079 0.2449982 0.1041170 0.1041170 0.1233178 0.2106129 0.2808501 0.3055709 0.2567857 0.2390316 0.1233178 0.0854680 0.2808501 0.2390316 0.2106129 0.2333750 0.2106129 0.0854680 0.0686595 0.0854680 0.1430830 0.1041170 0.1041170 0.1041170 0.0673571 0.1062348 0.1041170 0.0673571 0.0854680 0.0854680 0.0854680 0.1062348 0.0900792 0.1581841 0.1527031 0.1928404 0.1634245 0.1233178 0.1084452 0.1670061 0.1707616 0.1233178 0.1707616 0.1634245 0.1285779 0.1493447 0.2449982 0.1258896 0.1233178 0.1233178 0.5977929 0.2263753 0.5780949 0.1062348 0.1084452 0.0871626 0.1084452 0.1084452 0.1062348 0.1285779 0.1707616 0.1527031 0.1527031 0.2208395 0.2208395 0.2770288 0.1788511 0.1258896 0.2155938 0.1461424 0.7695339 0.5489099 0.1041170 0.1461424 
XM_040758199_1_PREDICTED_Mesocricetus_auratus_REV3_like_DNA_directed_polymerase_zeta_catalytic_subunit_Rev3l_transcript_variant_X1_mRNA_1                  0.1493447 0.1084452 0.1131736 0.1493447 0.2263753 0.1788511 0.1493447 0.2698980 0.0000000 0.1493447 0.2155938 0.2631616 0.1974121 0.1493447 0.1285779 0.0163958 0.1493447 0.2513053 0.2449982 0.1747045 0.2513053 0.2513053 0.2449982 0.2955439 0.2770288 0.2770288 0.2579834 0.1084452 0.2022282 0.1493447 0.0700163 0.0332929 0.1527031 0.1131736 0.0871626 0.0889304 0.1928404 0.0714298 0.0163958 0.1313926 0.1313926 0.1928404 0.1493447 0.1707616 0.1810263 0.1493447 0.1747045 0.1747045 0.1527031 0.1788511 0.2390316 0.2631616 0.2155938 0.1974121 0.1974121 0.1974121 0.2390316 0.1974121 0.1707616 0.1928404 0.1707616 0.2449982 0.2263753 0.2449982 0.2698980 0.2698980 0.2208395 0.2208395 0.1747045 0.2263753 0.2208395 0.1747045 0.1747045 0.1747045 0.1974121 0.2263753 0.1392359 0.1701756 0.1707616 0.1461424 0.1974121 0.1527031 0.2073094 0.2263753 0.2322262 0.1747045 0.2579834 0.2208395 0.1747045 0.1527031 0.2263753 0.1493447 0.1527031 0.2449982 0.6668977 0.1599341 0.6419862 0.1285779 0.1747045 0.2022282 0.1747045 0.1527031 0.1285779 0.1527031 0.1670061 0.2022282 0.1562283 0.1788511 0.1707616 0.2579834 0.2579834 0.1928404 0.2208395 0.1285779 0.6102260 0.5660937 0.1747045 0.1707616 
XM_015448392_1_PREDICTED_Macaca_fascicularis_REV3_like_DNA_directed_polymerase_zeta_catalytic_subunit_REV3L_transcript_variant_X1_mRNA_1                   0.0326912 0.2390316 0.1707616 0.0000010 0.0516849 0.1493447 0.0326912 0.0871626 0.1493447 0.0000000 0.1928404 0.2390316 0.1062348 0.0700163 0.0161066 0.1258896 0.0673571 0.2390316 0.1062348 0.0507085 0.2384226 0.2384226 0.2073094 0.2579834 0.2390316 0.2390316 0.1527031 0.2390316 0.0700163 0.0326912 0.1928404 0.1461424 0.1461424 0.1707616 0.2106129 0.1707616 0.2980559 0.1747045 0.1258896 0.0507085 0.0507085 0.1041170 0.1285779 0.1493447 0.1581837 0.1285779 0.0871626 0.0871626 0.0686595 0.1493447 0.2631616 0.2390316 0.1928404 0.1747045 0.1062348 0.1062348 0.2631616 0.1747045 0.1493447 0.1707616 0.1493447 0.0686595 0.0516849 0.0686595 0.1258896 0.0871626 0.0871626 0.0871626 0.0507085 0.0889304 0.0871626 0.0507085 0.0686595 0.0686595 0.0686595 0.0889304 0.0534170 0.1172556 0.0700163 0.0871626 0.1062348 0.0686595 0.0714298 0.1493447 0.1527031 0.1062348 0.1747045 0.1062348 0.0714298 0.0907749 0.1788511 0.0700163 0.0686595 0.1062348 0.5465638 0.1107560 0.5284684 0.0161066 0.0163958 0.0339176 0.0163958 0.0332929 0.0161066 0.0332929 0.0686595 0.0700163 0.0700163 0.1285779 0.1084452 0.1974121 0.1527031 0.0673571 0.1062348 0.0497692 0.5307591 0.4939401 0.0507085 0.0497692 
XM_004753515_2_PREDICTED_Mustela_putorius_furo_REV3_like_polymerase_DNA_directed_zeta_catalytic_subunit_REV3L_transcript_variant_X1_mRNA_1                 0.1928404 0.3135186 0.3035532 0.1928404 0.2155938 0.1493447 0.1928404 0.2567857 0.2155938 0.1928404 0.0000000 0.1041170 0.1884929 0.1634245 0.1707616 0.1884929 0.1928404 0.1788511 0.1884929 0.1747045 0.3809202 0.3809202 0.3404013 0.3404013 0.4177040 0.4177040 0.3404013 0.2631616 0.2022282 0.1928404 0.2631616 0.2106129 0.2208395 0.2513053 0.2808501 0.2155938 0.3397499 0.2698980 0.1884929 0.1747045 0.1747045 0.2390316 0.2155938 0.2390316 0.2540526 0.2155938 0.1258896 0.1258896 0.1062348 0.1493447 0.1233178 0.0326912 0.0000010 0.0507085 0.1062348 0.1461424 0.1233178 0.0507085 0.0326912 0.0497692 0.0326912 0.2333750 0.2155938 0.2333750 0.2106129 0.2567857 0.1670061 0.1670061 0.1670061 0.2155938 0.1670061 0.1670061 0.1670061 0.1670061 0.1884929 0.2155938 0.1330495 0.2097926 0.1493447 0.1258896 0.1884929 0.1884929 0.1974121 0.2155938 0.2208395 0.1670061 0.2208395 0.2106129 0.1974121 0.1884929 0.2390316 0.1634245 0.1884929 0.1884929 0.5465638 0.2579834 0.5284684 0.1707616 0.2208395 0.1928404 0.2208395 0.2449982 0.1707616 0.1974121 0.1884929 0.2513053 0.2513053 0.3308830 0.2390316 0.3120640 0.3120640 0.2390316 0.2955439 0.2155938 0.4558369 0.4256791 0.1670061 0.2155938 
XM_034668992_1_PREDICTED_Ailuropoda_melanoleuca_REV3_like_DNA_directed_polymerase_zeta_catalytic_subunit_REV3L_transcript_variant_X1_mRNA_1                0.2390316 0.3666820 0.3590194 0.2390316 0.2631616 0.1928404 0.2390316 0.2567857 0.2631616 0.2390316 0.1041170 0.0000000 0.2333750 0.2058767 0.2155938 0.2333750 0.1493447 0.2770288 0.2808501 0.2698980 0.4444423 0.4444423 0.3996773 0.3996773 0.4795585 0.4795585 0.3996773 0.3135186 0.2513053 0.2390316 0.3135186 0.2567857 0.2208395 0.3035532 0.3309489 0.2631616 0.3397499 0.3219404 0.2333750 0.2208395 0.2208395 0.2879895 0.2631616 0.2879895 0.3065806 0.2631616 0.1258896 0.1258896 0.1461424 0.1928404 0.0161066 0.1430830 0.1041170 0.0871626 0.1461424 0.1461424 0.0161066 0.0871626 0.0673571 0.0854680 0.0673571 0.2808501 0.2631616 0.2808501 0.2567857 0.3055709 0.2106129 0.2106129 0.2106129 0.2631616 0.2106129 0.2106129 0.2106129 0.2106129 0.2333750 0.2631616 0.1767937 0.2608438 0.1928404 0.1670061 0.2333750 0.2333750 0.2208395 0.2631616 0.2698980 0.2106129 0.2449982 0.2567857 0.2449982 0.2333750 0.2879895 0.2058767 0.2333750 0.2808501 0.4775841 0.3120640 0.4623920 0.2155938 0.2698980 0.2390316 0.2698980 0.2955439 0.2155938 0.2449982 0.2333750 0.2770288 0.2770288 0.3590194 0.2879895 0.3696064 0.3696064 0.1928404 0.2955439 0.2631616 0.6515988 0.6419862 0.2106129 0.2631616 
XM_015600069_2_PREDICTED_Pteropus_alecto_REV3_like_DNA_directed_polymerase_zeta_catalytic_subunit_REV3L_transcript_variant_X1_mRNA_1                       0.1062348 0.2449982 0.2449982 0.1062348 0.1258896 0.1461424 0.1062348 0.1634245 0.1974121 0.1062348 0.1884929 0.2333750 0.0000000 0.1062348 0.0871626 0.1707616 0.1062348 0.2449982 0.1041170 0.1285779 0.3614195 0.3614195 0.3211283 0.3809202 0.3490887 0.3490887 0.2513053 0.2449982 0.1527031 0.1062348 0.1974121 0.1928404 0.1928404 0.1974121 0.2631616 0.2208395 0.3569829 0.2022282 0.1707616 0.0889304 0.0889304 0.1461424 0.1747045 0.1974121 0.2097932 0.1747045 0.0854680 0.0854680 0.0673571 0.1461424 0.2567857 0.2333750 0.1884929 0.1493447 0.1041170 0.1041170 0.2567857 0.1493447 0.1461424 0.1670061 0.1461424 0.1430830 0.1258896 0.1430830 0.1634245 0.1634245 0.0854680 0.0854680 0.0854680 0.1258896 0.1233178 0.0854680 0.1041170 0.1041170 0.1041170 0.1258896 0.0523752 0.0939438 0.1527031 0.0889304 0.0000010 0.0673571 0.1084452 0.1258896 0.1707616 0.1430830 0.2155938 0.1430830 0.1084452 0.1285779 0.1527031 0.1062348 0.1041170 0.1041170 0.5284684 0.1562283 0.5116496 0.1258896 0.1285779 0.1062348 0.1285779 0.1493447 0.0871626 0.1084452 0.1493447 0.1527031 0.1527031 0.2208395 0.1974121 0.2513053 0.2513053 0.1461424 0.1928404 0.1258896 0.6353047 0.5872419 0.0854680 0.1258896 
XM_005883745_2_PREDICTED_Myotis_brandtii_REV3_like_polymerase_DNA_directed_zeta_catalytic_subunit_REV3L_transcript_variant_X1_mRNA_1                       0.0700163 0.2390316 0.2513053 0.0700163 0.0889304 0.1493447 0.0700163 0.1258896 0.1493447 0.0700163 0.1634245 0.2058767 0.1062348 0.0000000 0.0516849 0.1258896 0.1084452 0.2513053 0.1062348 0.0907749 0.1878249 0.1878249 0.1599341 0.2073094 0.3035532 0.3035532 0.2073094 0.2390316 0.1562283 0.1084452 0.1928404 0.1461424 0.1747045 0.2022282 0.2106129 0.1707616 0.3397499 0.1747045 0.1258896 0.0907749 0.0907749 0.1493447 0.1493447 0.1285779 0.1360674 0.1493447 0.0871626 0.0871626 0.0686595 0.1493447 0.2280039 0.2058767 0.1634245 0.1461424 0.1062348 0.1062348 0.2280039 0.1461424 0.1233178 0.1430830 0.1233178 0.1062348 0.0889304 0.1062348 0.1670061 0.1258896 0.0871626 0.0871626 0.0507085 0.0889304 0.0871626 0.0507085 0.0507085 0.0507085 0.0686595 0.0889304 0.0534170 0.1172556 0.0889304 0.1062348 0.1062348 0.0686595 0.0714298 0.0889304 0.0907749 0.0507085 0.1107560 0.0507085 0.0714298 0.0163958 0.0889304 0.0000010 0.0332929 0.1062348 0.5465638 0.1599341 0.5284684 0.0889304 0.0907749 0.0700163 0.0907749 0.1107560 0.0516849 0.0714298 0.0871626 0.1131736 0.1131736 0.1788511 0.1285779 0.2579834 0.2073094 0.1084452 0.1527031 0.0889304 0.5307591 0.4939401 0.0507085 0.0889304 
XM_006157005_3_PREDICTED_Tupaia_chinensis_REV3_like_DNA_directed_polymerase_zeta_catalytic_subunit_REV3L_transcript_variant_X3_mRNA_1                      0.0161066 0.2155938 0.1928404 0.0161066 0.0700163 0.1285779 0.0161066 0.1062348 0.1285779 0.0161066 0.1707616 0.2155938 0.0871626 0.0516849 0.0000000 0.1062348 0.0497692 0.2155938 0.0871626 0.0332929 0.2126803 0.2126803 0.1832180 0.2322262 0.2155938 0.2155938 0.1313926 0.2155938 0.0889304 0.0497692 0.1707616 0.1258896 0.1258896 0.1493447 0.1884929 0.1493447 0.2740902 0.1527031 0.1062348 0.0332929 0.0332929 0.0854680 0.1084452 0.1285779 0.1360674 0.1084452 0.0686595 0.0686595 0.0507085 0.1285779 0.2390316 0.2155938 0.1707616 0.1527031 0.0871626 0.0871626 0.2390316 0.1527031 0.1285779 0.1493447 0.1285779 0.0871626 0.0700163 0.0871626 0.1461424 0.1062348 0.0686595 0.0686595 0.0332929 0.0700163 0.0686595 0.0332929 0.0507085 0.0507085 0.0507085 0.0700163 0.0350431 0.0960108 0.0516849 0.0686595 0.0871626 0.0507085 0.0527006 0.1285779 0.1313926 0.0871626 0.1527031 0.0871626 0.0527006 0.0714298 0.1562283 0.0516849 0.0507085 0.0871626 0.5116298 0.0907749 0.4950159 0.0326912 0.0332929 0.0516849 0.0332929 0.0507085 0.0000010 0.0163958 0.0507085 0.0516849 0.0516849 0.1084452 0.0889304 0.1747045 0.1313926 0.0497692 0.0871626 0.0326912 0.4927182 0.4593149 0.0332929 0.0326912 
XM_027402162_2_PREDICTED_Cricetulus_griseus_REV3_like_DNA_directed_polymerase_zeta_catalytic_subunit_Rev3l_transcript_variant_X5_mRNA_1                    0.1258896 0.0871626 0.0907749 0.1258896 0.1974121 0.1527031 0.1258896 0.2390316 0.0163958 0.1258896 0.1884929 0.2333750 0.1707616 0.1258896 0.1062348 0.0000000 0.1258896 0.2208395 0.2155938 0.1493447 0.2845931 0.2845931 0.2770288 0.3308830 0.2449982 0.2449982 0.2263753 0.0871626 0.1747045 0.1258896 0.0507085 0.0161066 0.1493447 0.0907749 0.0673571 0.0686595 0.1670061 0.0516849 0.0000010 0.1084452 0.1084452 0.1670061 0.1258896 0.1461424 0.1545810 0.1258896 0.1493447 0.1493447 0.1285779 0.1527031 0.2106129 0.2333750 0.1884929 0.1707616 0.1707616 0.1707616 0.2106129 0.1707616 0.1461424 0.1670061 0.1461424 0.2155938 0.1974121 0.2155938 0.2390316 0.2390316 0.1928404 0.1928404 0.1493447 0.1974121 0.1928404 0.1493447 0.1493447 0.1493447 0.1707616 0.1974121 0.1146599 0.1425674 0.1461424 0.1233178 0.1707616 0.1285779 0.1788511 0.1974121 0.2022282 0.1493447 0.2263753 0.1928404 0.1788511 0.1285779 0.1974121 0.1258896 0.1285779 0.2155938 0.6035833 0.1343423 0.5823687 0.1062348 0.1493447 0.1747045 0.1493447 0.1285779 0.1062348 0.1285779 0.1430830 0.1747045 0.1313926 0.1527031 0.1461424 0.2263753 0.2263753 0.1670061 0.1928404 0.1062348 0.5489099 0.5116298 0.1493447 0.1461424 
XM_013069186_2_PREDICTED_Heterocephalus_glaber_REV3_like_DNA_directed_polymerase_zeta_catalytic_subunit_Rev3l_transcript_variant_X1_mRNA_1                 0.0673571 0.2390316 0.2155938 0.0673571 0.1285779 0.1493447 0.0673571 0.1258896 0.1493447 0.0673571 0.1928404 0.1493447 0.1062348 0.1084452 0.0497692 0.1258896 0.0000000 0.2390316 0.1461424 0.0871626 0.2926346 0.2926346 0.2579834 0.3120640 0.2879895 0.2879895 0.1974121 0.2390316 0.1084452 0.0673571 0.1928404 0.1461424 0.1461424 0.1707616 0.2106129 0.1707616 0.2980559 0.1747045 0.1258896 0.0507085 0.0507085 0.1041170 0.1285779 0.1493447 0.1581837 0.1285779 0.0507085 0.0507085 0.0686595 0.1493447 0.1707616 0.2390316 0.1928404 0.1747045 0.0686595 0.0686595 0.1707616 0.1747045 0.1493447 0.1707616 0.1493447 0.1461424 0.1285779 0.1461424 0.1670061 0.1670061 0.1258896 0.1258896 0.0871626 0.1285779 0.1258896 0.0871626 0.1062348 0.1062348 0.1062348 0.1285779 0.0534170 0.1172556 0.1084452 0.0871626 0.1062348 0.1062348 0.0907749 0.1928404 0.1974121 0.1461424 0.1974121 0.1461424 0.1107560 0.1313926 0.1788511 0.1084452 0.1062348 0.1461424 0.4775841 0.1107560 0.4623920 0.0854680 0.0871626 0.1084452 0.0871626 0.1062348 0.0497692 0.0686595 0.1062348 0.0889304 0.0889304 0.1493447 0.1493447 0.1974121 0.1974121 0.0326912 0.1461424 0.0854680 0.6102260 0.5660937 0.0871626 0.0854680 
XM_008852401_2_PREDICTED_Nannospalax_galili_REV3_like_DNA_directed_polymerase_zeta_catalytic_subunit_Rev3l_transcript_variant_X1_mRNA_1                    0.2390316 0.2513053 0.2513053 0.2390316 0.2770288 0.2770288 0.2390316 0.3219404 0.2513053 0.2390316 0.1788511 0.2770288 0.2449982 0.2513053 0.2155938 0.2208395 0.2390316 0.0000000 0.1974121 0.2208395 0.4401747 0.4401747 0.3930448 0.4593149 0.3943114 0.3943114 0.3404013 0.2513053 0.2263753 0.2390316 0.2513053 0.2449982 0.2449982 0.2263753 0.2208395 0.2770288 0.2879895 0.3120640 0.2208395 0.2208395 0.2208395 0.2390316 0.3035532 0.3035532 0.3243955 0.3035532 0.2208395 0.2208395 0.1974121 0.2770288 0.3035532 0.2263753 0.1788511 0.2073094 0.1974121 0.1974121 0.3035532 0.2073094 0.1788511 0.2022282 0.1788511 0.2955439 0.2770288 0.2955439 0.2698980 0.2698980 0.2208395 0.2208395 0.2208395 0.2770288 0.2208395 0.2208395 0.1974121 0.1974121 0.2449982 0.2770288 0.2097926 0.2757153 0.2022282 0.1527031 0.2449982 0.2449982 0.3120640 0.2263753 0.2845931 0.2208395 0.2845931 0.2698980 0.3120640 0.2845931 0.3211283 0.2513053 0.2698980 0.1974121 0.5489099 0.2845931 0.5295391 0.2155938 0.2698980 0.3035532 0.2698980 0.2449982 0.2155938 0.2449982 0.2698980 0.3035532 0.3035532 0.3879618 0.3308830 0.2579834 0.2579834 0.2879895 0.3490887 0.2631616 0.6102260 0.5295391 0.2698980 0.2631616 
XM_023650934_1_PREDICTED_Equus_caballus_REV3_like_DNA_directed_polymerase_zeta_catalytic_subunit_REV3L_transcript_variant_X1_mRNA_1                        0.1062348 0.2955439 0.2698980 0.1062348 0.0871626 0.1884929 0.1062348 0.1233178 0.2449982 0.1062348 0.1884929 0.2808501 0.1041170 0.1062348 0.0871626 0.2155938 0.1461424 0.1974121 0.0000000 0.0889304 0.3614195 0.3614195 0.3211283 0.3809202 0.2955439 0.2955439 0.2022282 0.2955439 0.1747045 0.1461424 0.2449982 0.2390316 0.2390316 0.2208395 0.2631616 0.2698980 0.3055709 0.2770288 0.2155938 0.1285779 0.1285779 0.1461424 0.2208395 0.2449982 0.2608434 0.2208395 0.1233178 0.1233178 0.1041170 0.1884929 0.3055709 0.1884929 0.1884929 0.2155938 0.1041170 0.1041170 0.3055709 0.2155938 0.1884929 0.2106129 0.1884929 0.1041170 0.0871626 0.1041170 0.1634245 0.1233178 0.0854680 0.0854680 0.0497692 0.0871626 0.0854680 0.0497692 0.0673571 0.0673571 0.0673571 0.0871626 0.0523752 0.1146599 0.1313926 0.1285779 0.1041170 0.0673571 0.1084452 0.1461424 0.1928404 0.1430830 0.2155938 0.1430830 0.1084452 0.1285779 0.1974121 0.1062348 0.1041170 0.0000010 0.4950159 0.2022282 0.4177040 0.1258896 0.1285779 0.1062348 0.1285779 0.1285779 0.0871626 0.1084452 0.1493447 0.1527031 0.1527031 0.2208395 0.1974121 0.2513053 0.2022282 0.1461424 0.1928404 0.1258896 0.5928518 0.5489099 0.0497692 0.1258896 
XM_035296530_1_PREDICTED_Callithrix_jacchus_REV3_like_DNA_directed_polymerase_zeta_catalytic_subunit_REV3L_transcript_variant_X1_mRNA_1                    0.0507085 0.2698980 0.2449982 0.0507085 0.1107560 0.1747045 0.0507085 0.1493447 0.1747045 0.0507085 0.1747045 0.2698980 0.1285779 0.0907749 0.0332929 0.1493447 0.0871626 0.2208395 0.0889304 0.0000000 0.2449989 0.2449989 0.2126803 0.2650694 0.2208395 0.2208395 0.1562283 0.2698980 0.1313926 0.0686595 0.2208395 0.1707616 0.1707616 0.1974121 0.2390316 0.1974121 0.3309489 0.2022282 0.1493447 0.0700163 0.0700163 0.1062348 0.1527031 0.1747045 0.1854865 0.1527031 0.1084452 0.1084452 0.0889304 0.1747045 0.2955439 0.2208395 0.1747045 0.2022282 0.0889304 0.1285779 0.2955439 0.2022282 0.1747045 0.1974121 0.1747045 0.1285779 0.1107560 0.1285779 0.1928404 0.1493447 0.1084452 0.1084452 0.0700163 0.1107560 0.1084452 0.0700163 0.0889304 0.0889304 0.0889304 0.1107560 0.0738986 0.1425674 0.0907749 0.1084452 0.1285779 0.0889304 0.0927015 0.1747045 0.1788511 0.1285779 0.2022282 0.1285779 0.0927015 0.1131736 0.2073094 0.0907749 0.0889304 0.0889304 0.5295391 0.1343423 0.5116298 0.0686595 0.0700163 0.0907749 0.0700163 0.0889304 0.0332929 0.0516849 0.0889304 0.0714298 0.0907749 0.1527031 0.1313926 0.2263753 0.1788511 0.0871626 0.1285779 0.0686595 0.5115817 0.4753561 0.0700163 0.0686595 
XM_007484437_2_PREDICTED_Monodelphis_domestica_REV3_like_DNA_directed_polymerase_zeta_catalytic_subunit_REV3L_transcript_variant_X1_mRNA_1                 0.2384226 0.4444423 0.4753561 0.2384226 0.3411692 0.3211283 0.2384226 0.3930448 0.2513053 0.2384226 0.3809202 0.4444423 0.3614195 0.1878249 0.2126803 0.2845931 0.2926346 0.4401747 0.3614195 0.2449989 0.0000000 0.0326912 0.0332929 0.0871626 0.5489099 0.5489099 0.3856182 0.3809202 0.3730741 0.2384226 0.3809202 0.3120640 0.3614195 0.4060773 0.3996773 0.3505562 0.5823687 0.3614195 0.2845931 0.2322262 0.2726054 0.2926346 0.2770288 0.2513053 0.2680504 0.2770288 0.2726054 0.2726054 0.2449989 0.3211283 0.4775841 0.4444423 0.3809202 0.3614195 0.3012041 0.3012041 0.4775841 0.3614195 0.3211283 0.3505562 0.3211283 0.3308066 0.3411692 0.3614195 0.4593149 0.3930448 0.2726054 0.2726054 0.2726054 0.3411692 0.3308066 0.2726054 0.2726054 0.2726054 0.3012041 0.3411692 0.2926232 0.4178994 0.2126803 0.2322262 0.3614195 0.3012041 0.2449989 0.3411692 0.3522971 0.2726054 0.3856182 0.2726054 0.2322262 0.1599341 0.2650694 0.1878249 0.2449989 0.3614195 0.7236801 0.3856182 0.6940246 0.2650694 0.2322262 0.2650694 0.2322262 0.3012041 0.2126803 0.2449989 0.2579834 0.2519943 0.3103601 0.3411692 0.2513053 0.4593149 0.3614195 0.2926346 0.2845931 0.2650694 0.5307591 0.4593149 0.2726054 0.2650694 
XM_031964400_1_PREDICTED_Sarcophilus_harrisii_REV3_like_DNA_directed_polymerase_zeta_catalytic_subunit_REV3L_transcript_variant_X1_mRNA_1                  0.2384226 0.4444423 0.4753561 0.2384226 0.3411692 0.3211283 0.2384226 0.3930448 0.2513053 0.2384226 0.3809202 0.4444423 0.3614195 0.1878249 0.2126803 0.2845931 0.2926346 0.4401747 0.3614195 0.2449989 0.0326912 0.0000000 0.0332929 0.0507085 0.5489099 0.5489099 0.3856182 0.3809202 0.3730741 0.2384226 0.3809202 0.3120640 0.3614195 0.4060773 0.3996773 0.3505562 0.5823687 0.3614195 0.2845931 0.2322262 0.2726054 0.2926346 0.3035532 0.2770288 0.2957733 0.3035532 0.2726054 0.2726054 0.2449989 0.3211283 0.4775841 0.4444423 0.3809202 0.3614195 0.3012041 0.3012041 0.4775841 0.3614195 0.3211283 0.3505562 0.3211283 0.3308066 0.3411692 0.3614195 0.4593149 0.3930448 0.2726054 0.2726054 0.2726054 0.3411692 0.3308066 0.2726054 0.2726054 0.2726054 0.3012041 0.3411692 0.2926232 0.4178994 0.2126803 0.2322262 0.3614195 0.3012041 0.2726054 0.3411692 0.3522971 0.2726054 0.3856182 0.2726054 0.2073094 0.1599341 0.2926346 0.1878249 0.2449989 0.3614195 0.7695339 0.3856182 0.7374741 0.2650694 0.2073094 0.2384226 0.2073094 0.3012041 0.2126803 0.2449989 0.2579834 0.2519943 0.3103601 0.3411692 0.2263753 0.4256791 0.3930448 0.2926346 0.2845931 0.2650694 0.4927182 0.4256791 0.2726054 0.2650694 
XM_036766364_1_PREDICTED_Trichosurus_vulpecula_REV3_like_DNA_directed_polymerase_zeta_catalytic_subunit_REV3L_transcript_variant_X1_mRNA_1                 0.2073094 0.4306087 0.4593149 0.2073094 0.3012041 0.3308066 0.2073094 0.3505562 0.2449982 0.2073094 0.3404013 0.3996773 0.3211283 0.1599341 0.1832180 0.2770288 0.2579834 0.3930448 0.3211283 0.2126803 0.0332929 0.0332929 0.0000000 0.0497692 0.5295391 0.5295391 0.3411692 0.3696064 0.3308066 0.2073094 0.3696064 0.3035532 0.3211283 0.3930448 0.3879618 0.3404013 0.5627326 0.3505562 0.2770288 0.2022282 0.2384226 0.2579834 0.2698980 0.2449982 0.2608434 0.2698980 0.2384226 0.2384226 0.2126803 0.3308066 0.4306087 0.3996773 0.3404013 0.3211283 0.2650694 0.2650694 0.4306087 0.3211283 0.2845931 0.3120640 0.2845931 0.2926346 0.3012041 0.3211283 0.4122177 0.3505562 0.2384226 0.2384226 0.2384226 0.3012041 0.2926346 0.2384226 0.2384226 0.2384226 0.2650694 0.3012041 0.2550483 0.3681234 0.1832180 0.2022282 0.3211283 0.2650694 0.2384226 0.3012041 0.3103601 0.2384226 0.3411692 0.2384226 0.1788511 0.1878249 0.2322262 0.1599341 0.2126803 0.3211283 0.6940246 0.3411692 0.6668977 0.2322262 0.2022282 0.2322262 0.2022282 0.2650694 0.1832180 0.2126803 0.2263753 0.2183684 0.2726054 0.3308066 0.1974121 0.3809202 0.3505562 0.2579834 0.3211283 0.2322262 0.5516004 0.4753561 0.2384226 0.2322262 
XM_027848601_1_PREDICTED_Vombatus_ursinus_REV3_like_DNA_directed_polymerase_zeta_catalytic_subunit_REV3L_transcript_variant_X1_mRNA_1                      0.2579834 0.4950159 0.5295391 0.2579834 0.3614195 0.3308066 0.2579834 0.4122177 0.2955439 0.2579834 0.3404013 0.3996773 0.3809202 0.2073094 0.2322262 0.3308830 0.3120640 0.4593149 0.3809202 0.2650694 0.0871626 0.0507085 0.0497692 0.0000000 0.6035833 0.6035833 0.4060773 0.4306087 0.3930448 0.2579834 0.4306087 0.3590194 0.3809202 0.4593149 0.4482394 0.3696064 0.6336324 0.4122177 0.3308830 0.2513053 0.2926346 0.3120640 0.3219404 0.2955439 0.3152073 0.3219404 0.2926346 0.2926346 0.2650694 0.3308066 0.4306087 0.3996773 0.3404013 0.3211283 0.3211283 0.3211283 0.4306087 0.3211283 0.2845931 0.3120640 0.2845931 0.3505562 0.3614195 0.3809202 0.4122177 0.4122177 0.2926346 0.2926346 0.2926346 0.3012041 0.3505562 0.2926346 0.2926346 0.2926346 0.3211283 0.3012041 0.3137699 0.4392571 0.2322262 0.2513053 0.3809202 0.3211283 0.2926346 0.3614195 0.3730741 0.2926346 0.4060773 0.2926346 0.2263753 0.2384226 0.3120640 0.2073094 0.2650694 0.3809202 0.7819178 0.4060773 0.7503715 0.2845931 0.2263753 0.2579834 0.2263753 0.3211283 0.2322262 0.2650694 0.2770288 0.2726054 0.3308066 0.3930448 0.2449982 0.4444423 0.4122177 0.3120640 0.3809202 0.2845931 0.5516004 0.5489099 0.2926346 0.2845931 
XM_040983897_1_PREDICTED_Ochotona_curzoniae_REV3_like_DNA_directed_polymerase_zeta_catalytic_subunit_REV3L_transcript_variant_X1_mRNA_1                    0.2390316 0.3035532 0.2879895 0.2390316 0.3035532 0.3590194 0.2390316 0.2955439 0.2770288 0.2390316 0.4177040 0.4795585 0.3490887 0.3035532 0.2155938 0.2449982 0.2879895 0.3943114 0.2955439 0.2208395 0.5489099 0.5489099 0.5295391 0.6035833 0.0000000 0.0000010 0.2449982 0.3035532 0.3590194 0.2879895 0.2513053 0.2208395 0.3490887 0.2631616 0.2955439 0.3035532 0.3397499 0.2579834 0.2449982 0.2698980 0.2449982 0.2390316 0.3308830 0.3590194 0.3539200 0.3308830 0.3219404 0.3219404 0.2955439 0.3590194 0.4482394 0.4795585 0.4177040 0.4623920 0.2955439 0.3490887 0.4482394 0.4623920 0.4177040 0.3879618 0.4177040 0.2955439 0.3035532 0.2955439 0.3769873 0.3219404 0.3219404 0.3219404 0.2698980 0.3308830 0.3219404 0.2698980 0.2955439 0.2955439 0.2955439 0.3308830 0.2876084 0.3649092 0.3035532 0.3219404 0.3490887 0.2449982 0.3120640 0.3590194 0.3404013 0.2955439 0.3996773 0.2955439 0.3120640 0.3120640 0.4775841 0.3035532 0.2449982 0.2955439 0.7503715 0.3404013 0.7214423 0.2631616 0.2698980 0.3035532 0.2698980 0.2698980 0.2155938 0.2449982 0.2955439 0.2770288 0.2263753 0.2022282 0.2513053 0.3696064 0.2698980 0.2879895 0.2208395 0.1707616 0.7089000 0.5307591 0.2698980 0.2631616 
XM_004580498_1_PREDICTED_Ochotona_princeps_REV3_like_DNA_directed_polymerase_zeta_catalytic_subunit_REV3L_mRNA_1                                           0.2390316 0.3035532 0.2879895 0.2390316 0.3035532 0.3590194 0.2390316 0.2955439 0.2770288 0.2390316 0.4177040 0.4795585 0.3490887 0.3035532 0.2155938 0.2449982 0.2879895 0.3943114 0.2955439 0.2208395 0.5489099 0.5489099 0.5295391 0.6035833 0.0000010 0.0000000 0.2449982 0.3035532 0.3590194 0.2879895 0.2513053 0.2208395 0.3490887 0.2631616 0.2955439 0.3035532 0.3397499 0.2579834 0.2449982 0.2698980 0.2449982 0.2390316 0.3308830 0.3590194 0.3539200 0.3308830 0.3219404 0.3219404 0.2955439 0.3590194 0.4482394 0.4795585 0.4177040 0.4623920 0.2955439 0.3490887 0.4482394 0.4623920 0.4177040 0.3879618 0.4177040 0.2955439 0.3035532 0.2955439 0.3769873 0.3219404 0.3219404 0.3219404 0.2698980 0.3308830 0.3219404 0.2698980 0.2955439 0.2955439 0.2955439 0.3308830 0.2876084 0.3649092 0.3035532 0.3219404 0.3490887 0.2449982 0.3120640 0.3590194 0.3404013 0.2955439 0.3996773 0.2955439 0.3120640 0.3120640 0.4775841 0.3035532 0.2449982 0.2955439 0.7503715 0.3404013 0.7214423 0.2631616 0.2698980 0.3035532 0.2698980 0.2698980 0.2155938 0.2449982 0.2955439 0.2770288 0.2263753 0.2022282 0.2513053 0.3696064 0.2698980 0.2879895 0.2208395 0.1707616 0.7089000 0.5307591 0.2698980 0.2631616 
XM_008263376_2_PREDICTED_Oryctolagus_cuniculus_REV3_like_DNA_directed_polymerase_zeta_catalytic_subunit_REV3L_transcript_variant_X1_mRNA_1                 0.1527031 0.3696064 0.2208395 0.1527031 0.1832180 0.3120640 0.1527031 0.1562283 0.2579834 0.1527031 0.3404013 0.3996773 0.2513053 0.2073094 0.1313926 0.2263753 0.1974121 0.3404013 0.2022282 0.1562283 0.3856182 0.3856182 0.3411692 0.4060773 0.2449982 0.2449982 0.0000000 0.3696064 0.2073094 0.1527031 0.3120640 0.2513053 0.3035532 0.1747045 0.2770288 0.3404013 0.3490887 0.2926346 0.2263753 0.1788511 0.1788511 0.1107560 0.2322262 0.2579834 0.2757153 0.2322262 0.2263753 0.2263753 0.2022282 0.3120640 0.3696064 0.3996773 0.3404013 0.3211283 0.2513053 0.2022282 0.3696064 0.3211283 0.2845931 0.3120640 0.2845931 0.2022282 0.1832180 0.2022282 0.2770288 0.2263753 0.1788511 0.1788511 0.1343423 0.1832180 0.1562283 0.1343423 0.1562283 0.1562283 0.1562283 0.1832180 0.1659645 0.2550483 0.1832180 0.2263753 0.2513053 0.1562283 0.2126803 0.2579834 0.2650694 0.2022282 0.2513053 0.2513053 0.2126803 0.2384226 0.3614195 0.2073094 0.1562283 0.2022282 0.8273288 0.2650694 0.7934770 0.1747045 0.1788511 0.2073094 0.1788511 0.1788511 0.1313926 0.1562283 0.2022282 0.1599341 0.1599341 0.2322262 0.2073094 0.1788511 0.1131736 0.1974121 0.2513053 0.1313926 0.8436317 0.6353047 0.1788511 0.1747045 
XM_029482641_1_PREDICTED_Mus_caroli_REV3_like_DNA_directed_polymerase_zeta_catalytic_subunit_Rev3l_mRNA_1                                                  0.2390316 0.0326912 0.2022282 0.2390316 0.3035532 0.1788511 0.2390316 0.3769873 0.1084452 0.2390316 0.2631616 0.3135186 0.2449982 0.2390316 0.2155938 0.0871626 0.2390316 0.2513053 0.2955439 0.2698980 0.3809202 0.3809202 0.3696064 0.4306087 0.3035532 0.3035532 0.3696064 0.0000000 0.3035532 0.2390316 0.0326912 0.0686595 0.2698980 0.2022282 0.1258896 0.1285779 0.1928404 0.1107560 0.0871626 0.2208395 0.2208395 0.2631616 0.2390316 0.2631616 0.2799280 0.2390316 0.2208395 0.2208395 0.1974121 0.1788511 0.2879895 0.3135186 0.2631616 0.2449982 0.2449982 0.2449982 0.2879895 0.2449982 0.2155938 0.2390316 0.2155938 0.2955439 0.3035532 0.2955439 0.3219404 0.3219404 0.2698980 0.2698980 0.2698980 0.3308830 0.3219404 0.2698980 0.2698980 0.2698980 0.2955439 0.3308830 0.2349084 0.2757153 0.2155938 0.1461424 0.2449982 0.1974121 0.3120640 0.2770288 0.3120640 0.2698980 0.3696064 0.3219404 0.3120640 0.2449982 0.3035532 0.2390316 0.2449982 0.2955439 0.7081701 0.2579834 0.6812801 0.2155938 0.2698980 0.3035532 0.2698980 0.2449982 0.2155938 0.2449982 0.2567857 0.2770288 0.2263753 0.2513053 0.2631616 0.3696064 0.3696064 0.2879895 0.3219404 0.2155938 0.6102260 0.5295391 0.2698980 0.2631616 
XM_020168699_1_PREDICTED_Castor_canadensis_REV3_like_DNA_directed_polymerase_zeta_catalytic_subunit_Rev3l_mRNA_1                                           0.1084452 0.3035532 0.2022282 0.0700163 0.1131736 0.2022282 0.1084452 0.1527031 0.2022282 0.0700163 0.2022282 0.2513053 0.1527031 0.1562283 0.0889304 0.1747045 0.1084452 0.2263753 0.1747045 0.1313926 0.3730741 0.3730741 0.3308066 0.3930448 0.3590194 0.3590194 0.2073094 0.3035532 0.0000000 0.0700163 0.2513053 0.1974121 0.1747045 0.2022282 0.2449982 0.2263753 0.2631616 0.2322262 0.1747045 0.0907749 0.0907749 0.1285779 0.1562283 0.1788511 0.1901929 0.1562283 0.1313926 0.1313926 0.1107560 0.2022282 0.2770288 0.2513053 0.2022282 0.1832180 0.1527031 0.1313926 0.2770288 0.1832180 0.1562283 0.1788511 0.1562283 0.1313926 0.1131736 0.1313926 0.1527031 0.1527031 0.1527031 0.1527031 0.1107560 0.1562283 0.1107560 0.1107560 0.1313926 0.1313926 0.1313926 0.1562283 0.0738986 0.1425674 0.1285779 0.1313926 0.1527031 0.1527031 0.1599341 0.2513053 0.2579834 0.1974121 0.2579834 0.1974121 0.1599341 0.1832180 0.2126803 0.1562283 0.1527031 0.1747045 0.6265798 0.1313926 0.6035833 0.0889304 0.0907749 0.1131736 0.0907749 0.0686595 0.0889304 0.1107560 0.1527031 0.1562283 0.1562283 0.2263753 0.2022282 0.1832180 0.1832180 0.1493447 0.1974121 0.1285779 0.7562374 0.6940246 0.1313926 0.1285779 
