109
NM_011264_3_Mus_musculus_REV3_like_DNA_directed_polymerase_zeta_catalytic_subunit_Rev3l_mRNA_1                                                             0.0000000 0.0880916 0.1081282 0.0980059 0.0783843 0.1120378 1.1921934 0.1423802 0.0895869 0.0783843 0.1313811 0.1184592 0.1338621 0.0895869 0.0880916 0.0997057 0.0980059 0.1921419 0.0880916 0.0980059 0.1391538 0.0796858 0.1206027 0.1228339 1.2491068 0.1597677 0.0911399 0.1338621 0.1423802 0.0415932 0.0497315 1.1367364 0.1100446 0.1014735 0.0711592 0.0895869 0.0605306 1.2896580 0.1391538 0.0980059 0.0980059 0.0700010 0.1206027 0.1206027 9.0000000 0.1206027 0.1081282 0.1206027 0.1451228 0.1313811 0.1423802 0.1100446 0.1100446 0.1313811 0.1451228 0.1423802 0.1120378 0.1206027 0.1100446 0.0980059 0.1206027 0.1100446 0.1100446 0.0980059 0.1081282 0.1081282 0.0980059 0.1081282 0.0980059 0.1275858 0.1081282 0.1184592 0.1289994 0.0997057 0.1313811 1.2395052 1.2896580 0.0997057 0.0880916 0.1184592 0.1206027 0.0783843 0.1081282 0.1081282 8.9999989 0.0880916 0.0783843 0.1100446 0.1618816 4.2683954 0.0895869 0.1081282 0.1081282 0.1184592 0.1251594 0.1184592 0.1313811 0.1081282 0.1397506 0.1423802 0.1313811 0.1338621 0.1313811 0.1423802 0.1630649 0.2008638 0.1206027 0.0880916 0.1338621 
XM_028847034_1_PREDICTED_Macaca_mulatta_REV3_like_DNA_directed_polymerase_zeta_catalytic_subunit_REV3L_transcript_variant_X1_mRNA_1                        0.0880916 0.0000000 0.0158528 0.0240462 0.0078386 0.0512722 1.0538627 0.0504893 0.0328939 0.0078386 0.0328939 0.0240462 0.0605306 0.0880916 0.0324218 0.0688827 0.0240462 0.1275858 0.0000010 0.0240462 0.0625215 0.0415932 0.0415932 0.0605306 1.0654048 0.0810350 0.0512722 0.0700010 0.0911399 0.0409827 0.0415932 1.1711096 0.0688827 0.1100446 0.0422232 0.0504893 0.0595850 1.1367364 0.0824369 0.0409827 0.0409827 0.0415932 0.0243883 0.0688827 9.0000000 0.0243883 0.0158528 0.0243883 0.0422232 0.0415932 0.0504893 0.0160733 0.0160733 0.0328939 0.0422232 0.0595850 0.0512722 0.0243883 0.0688827 0.0586707 0.0415932 0.0328939 0.0328939 0.0586707 0.0324218 0.0497315 0.0409827 0.0497315 0.0409827 0.0625215 0.0324218 0.0586707 0.0497315 0.0243883 0.0504893 1.0156974 1.0538627 0.0160733 0.0158528 0.0409827 0.0243883 0.0240462 0.0324218 0.0324218 8.9999983 0.0324218 0.0409827 0.0243883 0.0771279 4.3739918 0.0243883 0.0158528 0.0158528 0.0240462 0.0428737 0.0240462 0.0688827 0.0324218 0.0586707 0.0783843 0.0783843 0.0700010 0.0504893 0.0595850 0.1141132 0.1479866 0.0328939 0.0324218 0.0512722 
XM_014118216_3_PREDICTED_Canis_lupus_familiaris_REV3_like_DNA_directed_polymerase_zeta_catalytic_subunit_REV3L_transcript_variant_X1_mRNA_1                0.1081282 0.0158528 0.0000000 0.0078386 0.0240462 0.0333799 1.0538627 0.0328939 0.0328939 0.0240462 0.0160733 0.0240462 0.0796858 0.1081282 0.0324218 0.0688827 0.0409827 0.1052250 0.0158528 0.0078386 0.0625215 0.0595850 0.0415932 0.0605306 1.0654048 0.0615089 0.0605306 0.0512722 0.0810350 0.0586707 0.0595850 1.1711096 0.0688827 0.1313811 0.0605306 0.0504893 0.0783843 1.1367364 0.1033114 0.0409827 0.0409827 0.0595850 0.0079451 0.0880916 9.0000000 0.0079451 0.0000010 0.0079451 0.0247406 0.0243883 0.0328939 0.0160733 0.0160733 0.0160733 0.0247406 0.0415932 0.0333799 0.0079451 0.0504893 0.0409827 0.0243883 0.0160733 0.0160733 0.0409827 0.0158528 0.0324218 0.0240462 0.0324218 0.0240462 0.0625215 0.0158528 0.0409827 0.0324218 0.0243883 0.0328939 1.0156974 1.0538627 0.0328939 0.0158528 0.0409827 0.0243883 0.0240462 0.0497315 0.0324218 8.9999983 0.0324218 0.0409827 0.0415932 0.0771279 4.1902672 0.0415932 0.0324218 0.0324218 0.0409827 0.0615089 0.0240462 0.0688827 0.0324218 0.0409827 0.0595850 0.0595850 0.0512722 0.0328939 0.0415932 0.1141132 0.1251594 0.0160733 0.0158528 0.0333799 
XM_021091238_1_PREDICTED_Sus_scrofa_REV3_like_DNA_directed_polymerase_zeta_catalytic_subunit_REV3L_transcript_variant_X1_mRNA_1                            0.0980059 0.0240462 0.0078386 0.0000000 0.0158528 0.0247406 1.0538627 0.0415932 0.0243883 0.0158528 0.0243883 0.0324218 0.0700010 0.0980059 0.0240462 0.0595850 0.0324218 0.1052250 0.0240462 0.0000010 0.0625215 0.0504893 0.0328939 0.0512722 1.1053348 0.0615089 0.0700010 0.0605306 0.0711592 0.0497315 0.0504893 1.1711096 0.0595850 0.1206027 0.0512722 0.0415932 0.0688827 1.1367364 0.0927531 0.0324218 0.0324218 0.0504893 0.0160733 0.0783843 9.0000000 0.0160733 0.0078386 0.0160733 0.0333799 0.0328939 0.0415932 0.0243883 0.0243883 0.0243883 0.0333799 0.0328939 0.0247406 0.0160733 0.0415932 0.0324218 0.0160733 0.0079451 0.0079451 0.0324218 0.0078386 0.0240462 0.0158528 0.0240462 0.0158528 0.0723608 0.0078386 0.0324218 0.0240462 0.0160733 0.0243883 1.0156974 1.0538627 0.0328939 0.0078386 0.0324218 0.0328939 0.0158528 0.0409827 0.0240462 8.9999983 0.0240462 0.0324218 0.0415932 0.0678013 4.1902672 0.0328939 0.0409827 0.0409827 0.0497315 0.0711592 0.0324218 0.0595850 0.0409827 0.0324218 0.0504893 0.0595850 0.0422232 0.0328939 0.0328939 0.1033114 0.1141132 0.0243883 0.0078386 0.0247406 
NM_001372078_1_Homo_sapiens_REV3_like_DNA_directed_polymerase_zeta_catalytic_subunit_REV3L_transcript_variant_4_mRNA_1                                     0.0783843 0.0078386 0.0240462 0.0158528 0.0000000 0.0422232 1.0538627 0.0595850 0.0243883 0.0000010 0.0415932 0.0324218 0.0512722 0.0783843 0.0240462 0.0595850 0.0158528 0.1275858 0.0078386 0.0158528 0.0625215 0.0328939 0.0328939 0.0512722 1.1053348 0.0810350 0.0605306 0.0796858 0.0810350 0.0324218 0.0328939 1.1711096 0.0595850 0.0997057 0.0333799 0.0415932 0.0504893 1.1367364 0.0723608 0.0324218 0.0324218 0.0328939 0.0328939 0.0595850 9.0000000 0.0328939 0.0240462 0.0328939 0.0512722 0.0504893 0.0595850 0.0243883 0.0243883 0.0415932 0.0512722 0.0504893 0.0422232 0.0328939 0.0595850 0.0497315 0.0328939 0.0243883 0.0243883 0.0497315 0.0240462 0.0409827 0.0324218 0.0409827 0.0324218 0.0723608 0.0240462 0.0497315 0.0409827 0.0160733 0.0415932 1.0156974 1.0538627 0.0160733 0.0078386 0.0324218 0.0328939 0.0158528 0.0240462 0.0240462 8.9999983 0.0240462 0.0324218 0.0243883 0.0678013 4.3739918 0.0160733 0.0240462 0.0240462 0.0324218 0.0520814 0.0324218 0.0595850 0.0409827 0.0497315 0.0688827 0.0783843 0.0605306 0.0504893 0.0504893 0.1033114 0.1364505 0.0415932 0.0240462 0.0422232 
XM_024996589_1_PREDICTED_Bos_taurus_REV3_like_DNA_directed_polymerase_zeta_catalytic_subunit_REV3L_transcript_variant_X1_mRNA_1                            0.1120378 0.0512722 0.0333799 0.0247406 0.0422232 0.0000000 1.1367364 0.0711592 0.0520814 0.0422232 0.0520814 0.0512722 0.0927531 0.0880916 0.0333799 0.0615089 0.0512722 0.1327706 0.0512722 0.0247406 0.0723608 0.0520814 0.0520814 0.0723608 1.1921934 0.0838922 0.1033114 0.0512722 0.0944309 0.0605306 0.0615089 1.2705488 0.0810350 0.1100446 0.0625215 0.0428737 0.0810350 1.1818251 0.1185334 0.0512722 0.0512722 0.0520814 0.0428737 0.1014735 9.0000000 0.0428737 0.0333799 0.0428737 0.0625215 0.0615089 0.0711592 0.0520814 0.0520814 0.0520814 0.0625215 0.0415932 0.0000010 0.0428737 0.0520814 0.0422232 0.0243883 0.0160733 0.0160733 0.0422232 0.0333799 0.0512722 0.0422232 0.0512722 0.0422232 0.0700010 0.0333799 0.0512722 0.0422232 0.0428737 0.0428737 1.0941461 1.1367364 0.0615089 0.0333799 0.0605306 0.0615089 0.0422232 0.0700010 0.0512722 8.9999983 0.0333799 0.0422232 0.0615089 0.0997057 3.8877944 0.0520814 0.0605306 0.0605306 0.0700010 0.0911399 0.0512722 0.0810350 0.0605306 0.0422232 0.0520814 0.0810350 0.0625215 0.0615089 0.0520814 0.1301202 0.1419802 0.0520814 0.0333799 0.0435457 
XM_040758199_1_PREDICTED_Mesocricetus_auratus_REV3_like_DNA_directed_polymerase_zeta_catalytic_subunit_Rev3l_transcript_variant_X1_mRNA_1                  1.1921934 1.0538627 1.0538627 1.0538627 1.0538627 1.1367364 0.0000000 1.1818251 1.1053348 1.0538627 1.0156974 1.0941461 1.0538627 1.2395052 1.0538627 1.1053348 1.0538627 1.1921934 1.0538627 1.0538627 1.3076659 1.1921934 1.1475340 1.1579873 0.0252605 1.2987906 1.2022368 1.2022368 1.1681176 1.1367364 1.1475340 0.1186485 1.0825750 1.3514763 1.1161642 1.1475340 1.0825750 0.0246384 1.0156974 1.0156974 1.0156974 1.1053348 1.1053348 1.0654048 9.0000000 1.1053348 1.0538627 1.0538627 1.1053348 1.1367364 1.1818251 1.1475340 1.1475340 1.0538627 1.1053348 1.1921934 1.1367364 1.0538627 1.1475340 1.1367364 1.1475340 1.1053348 1.1053348 1.1367364 1.0538627 1.0538627 1.0941461 1.0538627 1.0941461 1.2022368 1.0538627 1.1367364 1.0941461 1.0654048 1.0825750 0.0162389 0.0246384 1.0941461 1.0156974 1.0538627 1.0275566 1.0538627 1.1367364 0.9794668 8.2900994 1.0538627 1.0156974 1.0941461 1.2802505 8.9999983 1.0419275 1.0538627 1.0538627 1.0156974 1.2584260 1.0941461 1.1818251 1.1367364 1.1818251 1.2395052 1.0941461 1.1921934 1.1818251 1.2395052 1.3680901 1.2674801 1.0941461 1.0538627 1.1475340 
XM_004753515_2_PREDICTED_Mustela_putorius_furo_REV3_like_polymerase_DNA_directed_zeta_catalytic_subunit_REV3L_transcript_variant_X1_mRNA_1                 0.1423802 0.0504893 0.0328939 0.0415932 0.0595850 0.0711592 1.1818251 0.0000000 0.0700010 0.0595850 0.0324218 0.0595850 0.1228339 0.1313811 0.0688827 0.0895869 0.0783843 0.1251594 0.0504893 0.0415932 0.1052250 0.0895869 0.0700010 0.0911399 1.1921934 0.1033114 0.1014735 0.0911399 0.0927531 0.0980059 0.0895869 1.3247914 0.1100446 0.1566161 0.1014735 0.0796858 0.1206027 1.2802505 0.1391538 0.0783843 0.0783843 0.0997057 0.0333799 0.1313811 9.0000000 0.0333799 0.0328939 0.0240462 0.0415932 0.0240462 0.0000010 0.0422232 0.0422232 0.0324218 0.0415932 0.0700010 0.0711592 0.0240462 0.0895869 0.0783843 0.0605306 0.0512722 0.0512722 0.0783843 0.0504893 0.0688827 0.0595850 0.0688827 0.0595850 0.1052250 0.0504893 0.0783843 0.0688827 0.0605306 0.0700010 1.1367364 1.1818251 0.0700010 0.0504893 0.0415932 0.0605306 0.0595850 0.0688827 0.0688827 8.9999990 0.0688827 0.0783843 0.0796858 0.1184592 3.9463966 0.0796858 0.0688827 0.0688827 0.0783843 0.0927531 0.0595850 0.0866498 0.0688827 0.0783843 0.0997057 0.0997057 0.0688827 0.0333799 0.0796858 0.1509802 0.1630649 0.0158528 0.0504893 0.0504893 
XM_015600069_2_PREDICTED_Pteropus_alecto_REV3_like_DNA_directed_polymerase_zeta_catalytic_subunit_REV3L_transcript_variant_X1_mRNA_1                       0.0895869 0.0328939 0.0328939 0.0243883 0.0243883 0.0520814 1.1053348 0.0700010 0.0000000 0.0243883 0.0512722 0.0415932 0.0810350 0.1100446 0.0328939 0.0700010 0.0415932 0.1141132 0.0328939 0.0243883 0.0711592 0.0605306 0.0422232 0.0615089 1.1579873 0.0700010 0.0711592 0.0688827 0.0927531 0.0415932 0.0605306 1.1367364 0.0700010 0.1228339 0.0615089 0.0512722 0.0796858 1.1921934 0.1052250 0.0415932 0.0415932 0.0605306 0.0422232 0.0895869 9.0000000 0.0422232 0.0328939 0.0422232 0.0615089 0.0605306 0.0700010 0.0512722 0.0512722 0.0512722 0.0615089 0.0605306 0.0520814 0.0422232 0.0700010 0.0595850 0.0422232 0.0333799 0.0333799 0.0595850 0.0328939 0.0504893 0.0415932 0.0504893 0.0415932 0.1052250 0.0328939 0.0415932 0.0504893 0.0078386 0.0512722 1.0654048 1.1053348 0.0422232 0.0160733 0.0415932 0.0422232 0.0079451 0.0504893 0.0328939 8.9999988 0.0328939 0.0415932 0.0512722 0.0980059 3.9463966 0.0422232 0.0504893 0.0504893 0.0595850 0.0824369 0.0415932 0.0700010 0.0504893 0.0595850 0.0796858 0.0895869 0.0711592 0.0605306 0.0605306 0.1391538 0.1509802 0.0512722 0.0328939 0.0520814 
XM_016956167_2_PREDICTED_Pan_troglodytes_REV3_like_DNA_directed_polymerase_zeta_catalytic_subunit_REV3L_transcript_variant_X1_mRNA_1                       0.0783843 0.0078386 0.0240462 0.0158528 0.0000010 0.0422232 1.0538627 0.0595850 0.0243883 0.0000000 0.0415932 0.0324218 0.0512722 0.0783843 0.0240462 0.0595850 0.0158528 0.1275858 0.0078386 0.0158528 0.0625215 0.0328939 0.0328939 0.0512722 1.1053348 0.0810350 0.0605306 0.0796858 0.0810350 0.0324218 0.0328939 1.1711096 0.0595850 0.0997057 0.0333799 0.0415932 0.0504893 1.1367364 0.0723608 0.0324218 0.0324218 0.0328939 0.0328939 0.0595850 9.0000000 0.0328939 0.0240462 0.0328939 0.0512722 0.0504893 0.0595850 0.0243883 0.0243883 0.0415932 0.0512722 0.0504893 0.0422232 0.0328939 0.0595850 0.0497315 0.0328939 0.0243883 0.0243883 0.0497315 0.0240462 0.0409827 0.0324218 0.0409827 0.0324218 0.0723608 0.0240462 0.0497315 0.0409827 0.0160733 0.0415932 1.0156974 1.0538627 0.0160733 0.0078386 0.0324218 0.0328939 0.0158528 0.0240462 0.0240462 8.9999983 0.0240462 0.0324218 0.0243883 0.0678013 4.3739918 0.0160733 0.0240462 0.0240462 0.0324218 0.0520814 0.0324218 0.0595850 0.0409827 0.0497315 0.0688827 0.0783843 0.0605306 0.0504893 0.0504893 0.1033114 0.1364505 0.0415932 0.0240462 0.0422232 
XM_034668992_1_PREDICTED_Ailuropoda_melanoleuca_REV3_like_DNA_directed_polymerase_zeta_catalytic_subunit_REV3L_transcript_variant_X1_mRNA_1                0.1313811 0.0328939 0.0160733 0.0243883 0.0415932 0.0520814 1.0156974 0.0324218 0.0512722 0.0415932 0.0000000 0.0415932 0.0810350 0.1100446 0.0504893 0.0796858 0.0415932 0.0824369 0.0328939 0.0243883 0.0838922 0.0796858 0.0605306 0.0810350 1.0275566 0.0824369 0.0810350 0.0711592 0.0927531 0.0783843 0.0796858 1.1255719 0.0895869 0.1338621 0.0810350 0.0700010 0.0997057 1.0941461 0.1052250 0.0595850 0.0595850 0.0796858 0.0247406 0.0895869 9.0000000 0.0247406 0.0160733 0.0078386 0.0243883 0.0240462 0.0324218 0.0333799 0.0333799 0.0158528 0.0243883 0.0512722 0.0520814 0.0078386 0.0605306 0.0595850 0.0422232 0.0333799 0.0333799 0.0595850 0.0328939 0.0504893 0.0415932 0.0504893 0.0415932 0.0635724 0.0328939 0.0415932 0.0328939 0.0422232 0.0512722 0.9794668 1.0156974 0.0512722 0.0328939 0.0595850 0.0422232 0.0415932 0.0688827 0.0504893 8.9999986 0.0504893 0.0595850 0.0605306 0.0980059 3.7776232 0.0605306 0.0328939 0.0328939 0.0415932 0.0824369 0.0415932 0.0678013 0.0504893 0.0595850 0.0796858 0.0796858 0.0504893 0.0512722 0.0605306 0.1275858 0.1391538 0.0158528 0.0328939 0.0328939 
XM_006157005_3_PREDICTED_Tupaia_chinensis_REV3_like_DNA_directed_polymerase_zeta_catalytic_subunit_REV3L_transcript_variant_X3_mRNA_1                      0.1184592 0.0240462 0.0240462 0.0324218 0.0324218 0.0512722 1.0941461 0.0595850 0.0415932 0.0324218 0.0415932 0.0000000 0.0700010 0.1081282 0.0409827 0.0595850 0.0324218 0.1162764 0.0240462 0.0324218 0.0824369 0.0504893 0.0328939 0.0512722 1.1053348 0.0711592 0.0796858 0.0700010 0.0810350 0.0678013 0.0688827 1.2193758 0.0595850 0.1313811 0.0700010 0.0415932 0.0880916 1.0941461 0.0927531 0.0324218 0.0324218 0.0504893 0.0328939 0.0595850 9.0000000 0.0328939 0.0240462 0.0328939 0.0512722 0.0504893 0.0595850 0.0415932 0.0415932 0.0415932 0.0512722 0.0595850 0.0512722 0.0328939 0.0783843 0.0678013 0.0415932 0.0328939 0.0328939 0.0678013 0.0409827 0.0586707 0.0497315 0.0586707 0.0497315 0.0824369 0.0409827 0.0497315 0.0409827 0.0328939 0.0415932 1.0538627 1.0941461 0.0415932 0.0240462 0.0497315 0.0328939 0.0324218 0.0586707 0.0409827 8.9999984 0.0409827 0.0497315 0.0328939 0.1062848 4.1902672 0.0504893 0.0240462 0.0240462 0.0324218 0.0615089 0.0158528 0.0595850 0.0240462 0.0497315 0.0688827 0.0688827 0.0605306 0.0595850 0.0504893 0.1033114 0.1141132 0.0415932 0.0409827 0.0422232 
XM_013069186_2_PREDICTED_Heterocephalus_glaber_REV3_like_DNA_directed_polymerase_zeta_catalytic_subunit_Rev3l_transcript_variant_X1_mRNA_1                 0.1338621 0.0605306 0.0796858 0.0700010 0.0512722 0.0927531 1.0538627 0.1228339 0.0810350 0.0512722 0.0810350 0.0700010 0.0000000 0.1120378 0.0796858 0.0711592 0.0333799 0.1449391 0.0605306 0.0700010 0.1072195 0.0711592 0.0711592 0.0927531 1.1053348 0.1162764 0.1251594 0.1364505 0.1275858 0.0895869 0.0911399 1.1711096 0.0810350 0.1364505 0.0796858 0.0810350 0.1120378 1.0538627 0.0333799 0.0700010 0.0700010 0.0595850 0.0911399 0.0415932 9.0000000 0.0911399 0.0796858 0.0911399 0.1141132 0.1120378 0.1228339 0.0810350 0.0810350 0.1014735 0.1141132 0.0810350 0.0927531 0.0911399 0.1120378 0.1100446 0.0615089 0.0711592 0.0711592 0.1100446 0.0605306 0.0796858 0.0700010 0.0796858 0.0700010 0.0927531 0.0605306 0.0700010 0.0605306 0.0711592 0.0615089 1.0156974 1.0538627 0.0711592 0.0605306 0.0895869 0.0911399 0.0700010 0.0796858 0.0796858 8.9999988 0.0796858 0.0796858 0.0615089 0.1313811 3.8877944 0.0711592 0.0422232 0.0422232 0.0512722 0.0944309 0.0700010 0.1014735 0.0796858 0.0895869 0.1120378 0.1120378 0.1033114 0.1120378 0.0911399 0.1185334 0.1541132 0.1014735 0.0796858 0.0824369 
XM_006256524_2_PREDICTED_Rattus_norvegicus_REV3_like_DNA_directed_polymerase_zeta_catalytic_subunit_Rev3l_transcript_variant_X1_mRNA_1                     0.0895869 0.0880916 0.1081282 0.0980059 0.0783843 0.0880916 1.2395052 0.1313811 0.1100446 0.0783843 0.1100446 0.1081282 0.1120378 0.0000000 0.0880916 0.0895869 0.0688827 0.1791949 0.0880916 0.0980059 0.1120378 0.0700010 0.0895869 0.1120378 1.2491068 0.1479866 0.1014735 0.1081282 0.1479866 0.0595850 0.0605306 1.2802505 0.1206027 0.0160733 0.0810350 0.0796858 0.0605306 1.2896580 0.1162764 0.0880916 0.0880916 0.0700010 0.1206027 0.0997057 9.0000000 0.1206027 0.1081282 0.1206027 0.1451228 0.1423802 0.1313811 0.1100446 0.1100446 0.1313811 0.1451228 0.1163997 0.0880916 0.1206027 0.0997057 0.0980059 0.0963684 0.0866498 0.0866498 0.0980059 0.1081282 0.1081282 0.0980059 0.1081282 0.0980059 0.1120378 0.1081282 0.1081282 0.0980059 0.0997057 0.1206027 1.2896580 1.2395052 0.0796858 0.0880916 0.0980059 0.1206027 0.0980059 0.0688827 0.1081282 8.9999987 0.0880916 0.0980059 0.0997057 0.1618816 3.7776232 0.0997057 0.0783843 0.0783843 0.0880916 0.1100446 0.1081282 0.1206027 0.1184592 0.1289994 0.0997057 0.1206027 0.1120378 0.1423802 0.1206027 0.1630649 0.2008638 0.1313811 0.0880916 0.1120378 
XM_005883745_2_PREDICTED_Myotis_brandtii_REV3_like_polymerase_DNA_directed_zeta_catalytic_subunit_REV3L_transcript_variant_X1_mRNA_1                       0.0880916 0.0324218 0.0324218 0.0240462 0.0240462 0.0333799 1.0538627 0.0688827 0.0328939 0.0240462 0.0504893 0.0409827 0.0796858 0.0880916 0.0000000 0.0504893 0.0409827 0.1391538 0.0324218 0.0240462 0.0927531 0.0415932 0.0415932 0.0605306 1.1053348 0.0911399 0.0895869 0.0700010 0.0911399 0.0409827 0.0415932 1.1711096 0.0688827 0.1100446 0.0422232 0.0328939 0.0595850 1.1367364 0.1033114 0.0409827 0.0409827 0.0415932 0.0415932 0.0880916 9.0000000 0.0415932 0.0324218 0.0415932 0.0605306 0.0595850 0.0688827 0.0504893 0.0504893 0.0504893 0.0605306 0.0595850 0.0333799 0.0415932 0.0504893 0.0409827 0.0415932 0.0328939 0.0328939 0.0409827 0.0324218 0.0497315 0.0409827 0.0497315 0.0409827 0.1033114 0.0324218 0.0586707 0.0497315 0.0243883 0.0504893 1.0156974 1.0538627 0.0415932 0.0158528 0.0409827 0.0415932 0.0240462 0.0497315 0.0158528 8.9999983 0.0000010 0.0078386 0.0504893 0.0963684 4.5602940 0.0415932 0.0497315 0.0497315 0.0586707 0.0810350 0.0409827 0.0688827 0.0497315 0.0586707 0.0595850 0.0880916 0.0700010 0.0595850 0.0595850 0.1364505 0.1479866 0.0504893 0.0324218 0.0512722 
XM_008852401_2_PREDICTED_Nannospalax_galili_REV3_like_DNA_directed_polymerase_zeta_catalytic_subunit_Rev3l_transcript_variant_X1_mRNA_1                    0.0997057 0.0688827 0.0688827 0.0595850 0.0595850 0.0615089 1.1053348 0.0895869 0.0700010 0.0595850 0.0796858 0.0595850 0.0711592 0.0895869 0.0504893 0.0000000 0.0504893 0.1541132 0.0688827 0.0595850 0.1275858 0.0605306 0.0605306 0.0615089 1.1579873 0.1141132 0.1120378 0.1014735 0.0824369 0.0595850 0.0512722 1.2296018 0.0512722 0.1120378 0.0615089 0.0512722 0.0796858 1.1053348 0.0736070 0.0415932 0.0415932 0.0422232 0.0796858 0.0605306 9.0000000 0.0796858 0.0688827 0.0796858 0.1014735 0.0796858 0.0895869 0.0895869 0.0895869 0.0895869 0.1014735 0.0895869 0.0615089 0.0796858 0.0771279 0.0783843 0.0700010 0.0605306 0.0605306 0.0783843 0.0504893 0.0688827 0.0595850 0.0688827 0.0595850 0.1275858 0.0504893 0.0688827 0.0595850 0.0605306 0.0512722 1.1475340 1.1921934 0.0796858 0.0504893 0.0783843 0.0796858 0.0595850 0.0880916 0.0688827 8.9999983 0.0504893 0.0595850 0.0700010 0.1397506 4.8556048 0.0796858 0.0595850 0.0595850 0.0688827 0.1141132 0.0595850 0.0895869 0.0688827 0.0783843 0.0796858 0.0895869 0.0911399 0.0796858 0.0796858 0.1451228 0.1451228 0.0700010 0.0688827 0.0711592 
XM_035296530_1_PREDICTED_Callithrix_jacchus_REV3_like_DNA_directed_polymerase_zeta_catalytic_subunit_REV3L_transcript_variant_X1_mRNA_1                    0.0980059 0.0240462 0.0409827 0.0324218 0.0158528 0.0512722 1.0538627 0.0783843 0.0415932 0.0158528 0.0415932 0.0324218 0.0333799 0.0688827 0.0409827 0.0504893 0.0000000 0.1052250 0.0240462 0.0324218 0.0723608 0.0328939 0.0328939 0.0512722 1.1053348 0.0810350 0.0796858 0.0895869 0.0810350 0.0497315 0.0504893 1.1711096 0.0595850 0.0895869 0.0512722 0.0415932 0.0688827 1.0538627 0.0529182 0.0324218 0.0324218 0.0328939 0.0504893 0.0415932 9.0000000 0.0504893 0.0409827 0.0504893 0.0700010 0.0688827 0.0783843 0.0415932 0.0415932 0.0595850 0.0700010 0.0595850 0.0512722 0.0504893 0.0688827 0.0678013 0.0415932 0.0328939 0.0328939 0.0678013 0.0409827 0.0586707 0.0497315 0.0586707 0.0497315 0.0625215 0.0409827 0.0324218 0.0240462 0.0328939 0.0415932 1.0156974 1.0538627 0.0328939 0.0240462 0.0497315 0.0504893 0.0324218 0.0409827 0.0409827 8.9999983 0.0409827 0.0497315 0.0243883 0.0866498 4.1902672 0.0328939 0.0078386 0.0078386 0.0158528 0.0615089 0.0324218 0.0595850 0.0409827 0.0497315 0.0688827 0.0783843 0.0605306 0.0688827 0.0504893 0.0927531 0.1251594 0.0595850 0.0409827 0.0422232 
XM_031964400_1_PREDICTED_Sarcophilus_harrisii_REV3_like_DNA_directed_polymerase_zeta_catalytic_subunit_REV3L_transcript_variant_X1_mRNA_1                  0.1921419 0.1275858 0.1052250 0.1052250 0.1275858 0.1327706 1.1921934 0.1251594 0.1141132 0.1275858 0.0824369 0.1162764 0.1449391 0.1791949 0.1391538 0.1541132 0.1052250 0.0000000 0.1275858 0.1052250 0.0615089 0.1301202 0.1301202 0.1573960 1.2584260 0.0512722 0.1964852 0.0944309 0.1739442 0.1754072 0.1791949 1.2296018 0.1479866 0.2100826 0.1831699 0.1185334 0.1479866 1.1053348 0.1917446 0.1162764 0.1162764 0.1541132 0.1185334 0.1665184 8.9999987 0.1185334 0.1052250 0.0927531 0.1162764 0.1141132 0.1251594 0.1301202 0.1301202 0.1033114 0.1162764 0.1185334 0.1327706 0.0927531 0.1541132 0.1509802 0.1072195 0.1072195 0.1072195 0.1509802 0.1162764 0.1391538 0.1275858 0.1391538 0.1275858 0.1644601 0.1162764 0.1052250 0.0944309 0.1033114 0.1185334 1.1475340 1.1921934 0.1364505 0.1162764 0.1509802 0.1419802 0.1275858 0.1630649 0.1391538 7.3467341 0.1391538 0.1509802 0.1141132 0.1754072 3.3767923 0.1419802 0.1052250 0.1052250 0.1162764 0.1301202 0.1162764 0.0927531 0.1275858 0.1052250 0.1541132 0.1141132 0.0944309 0.1251594 0.1301202 0.1208911 0.1327706 0.1033114 0.0944309 0.0944309 
XM_015448392_1_PREDICTED_Macaca_fascicularis_REV3_like_DNA_directed_polymerase_zeta_catalytic_subunit_REV3L_transcript_variant_X1_mRNA_1                   0.0880916 0.0000010 0.0158528 0.0240462 0.0078386 0.0512722 1.0538627 0.0504893 0.0328939 0.0078386 0.0328939 0.0240462 0.0605306 0.0880916 0.0324218 0.0688827 0.0240462 0.1275858 0.0000000 0.0240462 0.0625215 0.0415932 0.0415932 0.0605306 1.0654048 0.0810350 0.0512722 0.0700010 0.0911399 0.0409827 0.0415932 1.1711096 0.0688827 0.1100446 0.0422232 0.0504893 0.0595850 1.1367364 0.0824369 0.0409827 0.0409827 0.0415932 0.0243883 0.0688827 9.0000000 0.0243883 0.0158528 0.0243883 0.0422232 0.0415932 0.0504893 0.0160733 0.0160733 0.0328939 0.0422232 0.0595850 0.0512722 0.0243883 0.0688827 0.0586707 0.0415932 0.0328939 0.0328939 0.0586707 0.0324218 0.0497315 0.0409827 0.0497315 0.0409827 0.0625215 0.0324218 0.0586707 0.0497315 0.0243883 0.0504893 1.0156974 1.0538627 0.0160733 0.0158528 0.0409827 0.0243883 0.0240462 0.0324218 0.0324218 8.9999983 0.0324218 0.0409827 0.0243883 0.0771279 4.3739918 0.0243883 0.0158528 0.0158528 0.0240462 0.0428737 0.0240462 0.0688827 0.0324218 0.0586707 0.0783843 0.0783843 0.0700010 0.0504893 0.0595850 0.1141132 0.1479866 0.0328939 0.0324218 0.0512722 
XM_023650934_1_PREDICTED_Equus_caballus_REV3_like_DNA_directed_polymerase_zeta_catalytic_subunit_REV3L_transcript_variant_X1_mRNA_1                        0.0980059 0.0240462 0.0078386 0.0000010 0.0158528 0.0247406 1.0538627 0.0415932 0.0243883 0.0158528 0.0243883 0.0324218 0.0700010 0.0980059 0.0240462 0.0595850 0.0324218 0.1052250 0.0240462 0.0000000 0.0625215 0.0504893 0.0328939 0.0512722 1.1053348 0.0615089 0.0700010 0.0605306 0.0711592 0.0497315 0.0504893 1.1711096 0.0595850 0.1206027 0.0512722 0.0415932 0.0688827 1.1367364 0.0927531 0.0324218 0.0324218 0.0504893 0.0160733 0.0783843 9.0000000 0.0160733 0.0078386 0.0160733 0.0333799 0.0328939 0.0415932 0.0243883 0.0243883 0.0243883 0.0333799 0.0328939 0.0247406 0.0160733 0.0415932 0.0324218 0.0160733 0.0079451 0.0079451 0.0324218 0.0078386 0.0240462 0.0158528 0.0240462 0.0158528 0.0723608 0.0078386 0.0324218 0.0240462 0.0160733 0.0243883 1.0156974 1.0538627 0.0328939 0.0078386 0.0324218 0.0328939 0.0158528 0.0409827 0.0240462 8.9999983 0.0240462 0.0324218 0.0415932 0.0678013 4.1902672 0.0328939 0.0409827 0.0409827 0.0497315 0.0711592 0.0324218 0.0595850 0.0409827 0.0324218 0.0504893 0.0595850 0.0422232 0.0328939 0.0328939 0.1033114 0.1141132 0.0243883 0.0078386 0.0247406 
XM_036766364_1_PREDICTED_Trichosurus_vulpecula_REV3_like_DNA_directed_polymerase_zeta_catalytic_subunit_REV3L_transcript_variant_X1_mRNA_1                 0.1391538 0.0625215 0.0625215 0.0625215 0.0625215 0.0723608 1.3076659 0.1052250 0.0711592 0.0625215 0.0838922 0.0824369 0.1072195 0.1120378 0.0927531 0.1275858 0.0723608 0.0615089 0.0625215 0.0625215 0.0000000 0.0736070 0.0944309 0.1185334 1.3760868 0.0243883 0.1185334 0.0422232 0.1449391 0.1033114 0.1052250 1.3514763 0.1275858 0.1364505 0.1072195 0.0838922 0.1275858 1.3598909 0.1480405 0.0927531 0.0927531 0.0944309 0.0736070 0.1275858 9.0000000 0.0736070 0.0625215 0.0736070 0.0961774 0.0944309 0.1052250 0.0635724 0.0635724 0.0838922 0.0961774 0.0711592 0.0723608 0.0736070 0.1162764 0.1033114 0.0520814 0.0520814 0.0520814 0.1033114 0.0723608 0.0927531 0.0824369 0.0927531 0.0824369 0.1072195 0.0723608 0.0927531 0.0824369 0.0615089 0.0838922 1.2584260 1.3076659 0.0711592 0.0723608 0.1033114 0.0944309 0.0824369 0.0927531 0.0927531 8.9999981 0.0927531 0.1033114 0.0615089 0.1251594 3.8877944 0.0838922 0.0723608 0.0723608 0.0824369 0.0615089 0.0824369 0.1052250 0.0927531 0.0927531 0.1162764 0.1120378 0.0854054 0.0810350 0.0944309 0.0854054 0.1185334 0.0838922 0.0529182 0.0854054 
XM_040983897_1_PREDICTED_Ochotona_curzoniae_REV3_like_DNA_directed_polymerase_zeta_catalytic_subunit_REV3L_transcript_variant_X1_mRNA_1                    0.0796858 0.0415932 0.0595850 0.0504893 0.0328939 0.0520814 1.1921934 0.0895869 0.0605306 0.0328939 0.0796858 0.0504893 0.0711592 0.0700010 0.0415932 0.0605306 0.0328939 0.1301202 0.0415932 0.0504893 0.0736070 0.0000000 0.0324218 0.0504893 1.2491068 0.0824369 0.1014735 0.0711592 0.0796858 0.0504893 0.0512722 1.3339429 0.0796858 0.0911399 0.0520814 0.0078386 0.0700010 1.1921934 0.0810350 0.0504893 0.0504893 0.0333799 0.0586707 0.0796858 9.0000000 0.0586707 0.0595850 0.0700010 0.0911399 0.0895869 0.0895869 0.0409827 0.0497315 0.0796858 0.0911399 0.0796858 0.0520814 0.0700010 0.0796858 0.0688827 0.0605306 0.0512722 0.0512722 0.0688827 0.0595850 0.0783843 0.0688827 0.0783843 0.0688827 0.1052250 0.0595850 0.0688827 0.0595850 0.0512722 0.0605306 1.1475340 1.1921934 0.0512722 0.0415932 0.0595850 0.0700010 0.0504893 0.0595850 0.0595850 8.9999986 0.0415932 0.0504893 0.0422232 0.1081282 4.4615697 0.0512722 0.0415932 0.0415932 0.0504893 0.0422232 0.0504893 0.0605306 0.0595850 0.0688827 0.0700010 0.0997057 0.0615089 0.0796858 0.0700010 0.0911399 0.1228339 0.0796858 0.0415932 0.0615089 
XM_008263376_2_PREDICTED_Oryctolagus_cuniculus_REV3_like_DNA_directed_polymerase_zeta_catalytic_subunit_REV3L_transcript_variant_X1_mRNA_1                 0.1206027 0.0415932 0.0415932 0.0328939 0.0328939 0.0520814 1.1475340 0.0700010 0.0422232 0.0328939 0.0605306 0.0328939 0.0711592 0.0895869 0.0415932 0.0605306 0.0328939 0.1301202 0.0415932 0.0328939 0.0944309 0.0324218 0.0000000 0.0328939 1.2022368 0.0824369 0.1014735 0.0911399 0.0605306 0.0688827 0.0700010 1.2802505 0.0605306 0.1120378 0.0711592 0.0240462 0.0700010 1.1475340 0.0810350 0.0328939 0.0328939 0.0512722 0.0409827 0.0796858 8.9999982 0.0409827 0.0415932 0.0512722 0.0711592 0.0700010 0.0700010 0.0409827 0.0497315 0.0605306 0.0711592 0.0605306 0.0520814 0.0512722 0.0796858 0.0688827 0.0422232 0.0333799 0.0333799 0.0688827 0.0415932 0.0595850 0.0504893 0.0595850 0.0504893 0.1052250 0.0415932 0.0504893 0.0415932 0.0333799 0.0422232 1.1053348 1.1475340 0.0512722 0.0243883 0.0415932 0.0512722 0.0328939 0.0595850 0.0415932 8.9999985 0.0415932 0.0504893 0.0422232 0.1081282 4.0789408 0.0512722 0.0415932 0.0415932 0.0504893 0.0605306 0.0328939 0.0605306 0.0415932 0.0504893 0.0605306 0.0796858 0.0615089 0.0605306 0.0422232 0.1120378 0.1228339 0.0605306 0.0415932 0.0428737 
XM_020168699_1_PREDICTED_Castor_canadensis_REV3_like_DNA_directed_polymerase_zeta_catalytic_subunit_Rev3l_mRNA_1                                           0.1228339 0.0605306 0.0605306 0.0512722 0.0512722 0.0723608 1.1579873 0.0911399 0.0615089 0.0512722 0.0810350 0.0512722 0.0927531 0.1120378 0.0605306 0.0615089 0.0512722 0.1573960 0.0605306 0.0512722 0.1185334 0.0504893 0.0328939 0.0000000 1.1681176 0.1052250 0.1033114 0.1141132 0.0615089 0.0700010 0.0711592 1.2395052 0.0615089 0.1364505 0.0625215 0.0415932 0.0911399 1.1579873 0.0824369 0.0333799 0.0333799 0.0520814 0.0595850 0.0810350 9.0000000 0.0595850 0.0605306 0.0711592 0.0927531 0.0911399 0.0911399 0.0595850 0.0688827 0.0810350 0.0927531 0.0810350 0.0723608 0.0711592 0.1014735 0.0895869 0.0615089 0.0520814 0.0520814 0.0895869 0.0605306 0.0796858 0.0700010 0.0796858 0.0700010 0.1301202 0.0605306 0.0700010 0.0605306 0.0520814 0.0615089 1.2022368 1.2491068 0.0711592 0.0422232 0.0605306 0.0711592 0.0512722 0.0796858 0.0605306 8.9999989 0.0605306 0.0700010 0.0615089 0.1313811 4.3739918 0.0711592 0.0605306 0.0605306 0.0700010 0.0810350 0.0333799 0.0615089 0.0422232 0.0700010 0.0911399 0.0810350 0.0824369 0.0810350 0.0520814 0.1364505 0.1479866 0.0810350 0.0605306 0.0625215 
XM_027402162_2_PREDICTED_Cricetulus_griseus_REV3_like_DNA_directed_polymerase_zeta_catalytic_subunit_Rev3l_transcript_variant_X5_mRNA_1                    1.2491068 1.0654048 1.0654048 1.1053348 1.1053348 1.1921934 0.0252605 1.1921934 1.1579873 1.1053348 1.0275566 1.1053348 1.1053348 1.2491068 1.1053348 1.1579873 1.1053348 1.2584260 1.0654048 1.1053348 1.3760868 1.2491068 1.2022368 1.1681176 0.0000000 1.3680901 1.1579873 1.2119758 1.2214289 1.1921934 1.2022368 0.1222530 1.1367364 1.3598909 1.1161642 1.2022368 1.1367364 0.0523281 1.0654048 1.0654048 1.0654048 1.1579873 1.1161642 1.1161642 9.0000000 1.1161642 1.0654048 1.0654048 1.1161642 1.1475340 1.1921934 1.1579873 1.1579873 1.0654048 1.1161642 1.2491068 1.1921934 1.0654048 1.2022368 1.1921934 1.2022368 1.1579873 1.1579873 1.1921934 1.1053348 1.1053348 1.1475340 1.1053348 1.1475340 1.2119758 1.1053348 1.1921934 1.1475340 1.1161642 1.1367364 0.0430992 0.0430992 1.1161642 1.0654048 1.1053348 1.0390374 1.1053348 1.1475340 1.0275566 7.8437283 1.1053348 1.0654048 1.1579873 1.3428322 8.9999986 1.0941461 1.0654048 1.0654048 1.0275566 1.2674801 1.0654048 1.1921934 1.1053348 1.2395052 1.2491068 1.1161642 1.1921934 1.2491068 1.2491068 1.4306325 1.3247070 1.1053348 1.1053348 1.1475340 
XM_027848601_1_PREDICTED_Vombatus_ursinus_REV3_like_DNA_directed_polymerase_zeta_catalytic_subunit_REV3L_transcript_variant_X1_mRNA_1                      0.1597677 0.0810350 0.0615089 0.0615089 0.0810350 0.0838922 1.2987906 0.1033114 0.0700010 0.0810350 0.0824369 0.0711592 0.1162764 0.1479866 0.0911399 0.1141132 0.0810350 0.0512722 0.0810350 0.0615089 0.0243883 0.0824369 0.0824369 0.1052250 1.3680901 0.0000000 0.1391538 0.0520814 0.1301202 0.1228339 0.1251594 1.3428322 0.0927531 0.1754072 0.1275858 0.0723608 0.1479866 1.2987906 0.1573960 0.0810350 0.0810350 0.1033114 0.0723608 0.1364505 8.9999982 0.0723608 0.0615089 0.0723608 0.0944309 0.0927531 0.1033114 0.0824369 0.0824369 0.0824369 0.0944309 0.0824369 0.0838922 0.0723608 0.1141132 0.1014735 0.0625215 0.0625215 0.0625215 0.1014735 0.0711592 0.0911399 0.0810350 0.0911399 0.0810350 0.1327706 0.0711592 0.0810350 0.0711592 0.0605306 0.0723608 1.2491068 1.2987906 0.0895869 0.0711592 0.1014735 0.0927531 0.0810350 0.1120378 0.0911399 8.2475854 0.0911399 0.1014735 0.0700010 0.1451228 4.1187486 0.1033114 0.0810350 0.0810350 0.0911399 0.0824369 0.0711592 0.0927531 0.0810350 0.0810350 0.1033114 0.0997057 0.0736070 0.0605306 0.0625215 0.0944309 0.1052250 0.0824369 0.0520814 0.0736070 
XM_016002785_1_PREDICTED_Peromyscus_maniculatus_bairdii_REV3_like_DNA_directed_polymerase_zeta_catalytic_subunit_Rev3l_transcript_variant_X1_mRNA_1        0.0911399 0.0512722 0.0605306 0.0700010 0.0605306 0.1033114 1.2022368 0.1014735 0.0711592 0.0605306 0.0810350 0.0796858 0.1251594 0.1014735 0.0895869 0.1120378 0.0796858 0.1964852 0.0512722 0.0700010 0.1185334 0.1014735 0.1014735 0.1033114 1.1579873 0.1391538 0.0000000 0.1251594 0.1120378 0.0422232 0.0615089 1.1475340 0.1120378 0.1141132 0.0824369 0.1120378 0.0810350 1.2987906 0.1301202 0.0796858 0.0796858 0.0810350 0.0711592 0.0911399 9.0000000 0.0711592 0.0605306 0.0711592 0.0723608 0.0911399 0.1014735 0.0615089 0.0615089 0.0810350 0.0723608 0.1120378 0.1033114 0.0711592 0.1014735 0.0895869 0.0911399 0.0810350 0.0810350 0.0895869 0.0796858 0.0796858 0.0700010 0.0796858 0.0700010 0.0961774 0.0796858 0.0895869 0.0997057 0.0810350 0.1014735 1.2491068 1.2491068 0.0615089 0.0700010 0.0997057 0.0810350 0.0605306 0.0796858 0.0895869 8.9999985 0.0895869 0.0997057 0.0810350 0.1313811 4.0529204 0.0810350 0.0700010 0.0700010 0.0796858 0.1052250 0.0796858 0.1338621 0.0895869 0.1100446 0.1228339 0.1014735 0.1100446 0.1014735 0.1120378 0.1791949 0.2188467 0.0810350 0.0796858 0.0895869 
XM_007484437_2_PREDICTED_Monodelphis_domestica_REV3_like_DNA_directed_polymerase_zeta_catalytic_subunit_REV3L_transcript_variant_X1_mRNA_1                 0.1338621 0.0700010 0.0512722 0.0605306 0.0796858 0.0512722 1.2022368 0.0911399 0.0688827 0.0796858 0.0711592 0.0700010 0.1364505 0.1081282 0.0700010 0.1014735 0.0895869 0.0944309 0.0700010 0.0605306 0.0422232 0.0711592 0.0911399 0.1141132 1.2119758 0.0520814 0.1251594 0.0000000 0.1391538 0.0997057 0.1014735 1.2896580 0.1228339 0.1313811 0.1033114 0.0615089 0.1228339 1.2491068 0.1665184 0.0895869 0.0895869 0.0911399 0.0615089 0.1451228 9.0000000 0.0615089 0.0512722 0.0615089 0.0824369 0.0810350 0.0911399 0.0711592 0.0711592 0.0711592 0.0824369 0.0783843 0.0512722 0.0615089 0.0911399 0.0796858 0.0595850 0.0504893 0.0504893 0.0796858 0.0700010 0.0895869 0.0796858 0.0895869 0.0796858 0.1141132 0.0700010 0.0895869 0.0796858 0.0595850 0.0810350 1.1579873 1.2022368 0.0911399 0.0700010 0.0796858 0.0810350 0.0796858 0.1100446 0.0895869 8.9999983 0.0700010 0.0796858 0.0911399 0.1423802 3.7258826 0.1014735 0.0796858 0.0796858 0.0895869 0.0911399 0.0700010 0.1014735 0.0796858 0.0895869 0.0911399 0.1120378 0.0824369 0.0911399 0.0911399 0.1301202 0.1419802 0.0711592 0.0512722 0.0824369 
XM_013032823_1_PREDICTED_Dipodomys_ordii_REV3_like_polymerase_DNA_directed_zeta_catalytic_subunit_Rev3l_mRNA_1                                             0.1423802 0.0911399 0.0810350 0.0711592 0.0810350 0.0944309 1.1681176 0.0927531 0.0927531 0.0810350 0.0927531 0.0810350 0.1275858 0.1479866 0.0911399 0.0824369 0.0810350 0.1739442 0.0911399 0.0711592 0.1449391 0.0796858 0.0605306 0.0615089 1.2214289 0.1301202 0.1120378 0.1391538 0.0000000 0.1014735 0.0796858 1.2987906 0.0927531 0.1509802 0.1052250 0.0700010 0.1251594 1.1681176 0.1162764 0.0615089 0.0615089 0.0824369 0.0796858 0.1141132 9.0000000 0.0796858 0.0810350 0.0824369 0.1052250 0.0723608 0.0927531 0.0796858 0.0895869 0.0927531 0.1052250 0.0824369 0.0944309 0.0824369 0.1033114 0.0911399 0.0824369 0.0723608 0.0723608 0.0911399 0.0810350 0.0810350 0.0911399 0.0810350 0.0911399 0.1573960 0.0810350 0.0911399 0.0810350 0.0824369 0.0824369 1.2119758 1.2584260 0.1033114 0.0711592 0.0911399 0.0824369 0.0810350 0.1120378 0.0711592 8.9999986 0.0911399 0.1014735 0.0927531 0.1338621 4.6576094 0.1033114 0.0911399 0.0911399 0.0810350 0.1141132 0.0810350 0.0824369 0.0911399 0.0911399 0.0927531 0.1033114 0.0944309 0.0927531 0.0927531 0.1630649 0.1509802 0.0824369 0.0810350 0.0736070 
XM_029542499_1_PREDICTED_Mus_pahari_REV3_like_DNA_directed_polymerase_zeta_catalytic_subunit_Rev3l_transcript_variant_X1_mRNA_1                            0.0415932 0.0409827 0.0586707 0.0497315 0.0324218 0.0605306 1.1367364 0.0980059 0.0415932 0.0324218 0.0783843 0.0678013 0.0895869 0.0595850 0.0409827 0.0595850 0.0497315 0.1754072 0.0409827 0.0497315 0.1033114 0.0504893 0.0688827 0.0700010 1.1921934 0.1228339 0.0422232 0.0997057 0.1014735 0.0000000 0.0160733 1.0825750 0.0783843 0.0700010 0.0333799 0.0595850 0.0328939 1.2296018 0.0927531 0.0497315 0.0497315 0.0328939 0.0688827 0.0783843 9.0000000 0.0688827 0.0586707 0.0688827 0.0895869 0.0880916 0.0980059 0.0595850 0.0595850 0.0783843 0.0895869 0.0880916 0.0605306 0.0688827 0.0595850 0.0497315 0.0688827 0.0595850 0.0595850 0.0497315 0.0586707 0.0586707 0.0497315 0.0586707 0.0497315 0.0927531 0.0586707 0.0678013 0.0771279 0.0504893 0.0783843 1.1818251 1.2296018 0.0504893 0.0409827 0.0678013 0.0688827 0.0324218 0.0586707 0.0586707 8.9999985 0.0409827 0.0497315 0.0595850 0.1062848 4.3739918 0.0504893 0.0586707 0.0586707 0.0678013 0.0911399 0.0678013 0.0980059 0.0771279 0.0866498 0.0880916 0.0980059 0.0997057 0.0880916 0.0880916 0.1479866 0.1840642 0.0783843 0.0586707 0.0796858 
XM_028768990_1_PREDICTED_Grammomys_surdaster_REV3_like_DNA_directed_polymerase_zeta_catalytic_subunit_Rev3l_mRNA_1                                         0.0497315 0.0415932 0.0595850 0.0504893 0.0328939 0.0615089 1.1475340 0.0895869 0.0605306 0.0328939 0.0796858 0.0688827 0.0911399 0.0605306 0.0415932 0.0512722 0.0504893 0.1791949 0.0415932 0.0504893 0.1052250 0.0512722 0.0700010 0.0711592 1.2022368 0.1251594 0.0615089 0.1014735 0.0796858 0.0160733 0.0000000 1.1818251 0.0796858 0.0810350 0.0338825 0.0605306 0.0333799 1.2395052 0.0944309 0.0504893 0.0504893 0.0333799 0.0700010 0.0796858 9.0000000 0.0700010 0.0595850 0.0700010 0.0911399 0.0796858 0.0895869 0.0605306 0.0605306 0.0796858 0.0911399 0.0895869 0.0615089 0.0700010 0.0605306 0.0504893 0.0700010 0.0605306 0.0605306 0.0504893 0.0595850 0.0595850 0.0504893 0.0595850 0.0504893 0.0944309 0.0595850 0.0880916 0.0783843 0.0512722 0.0796858 1.1921934 1.2395052 0.0512722 0.0415932 0.0688827 0.0700010 0.0504893 0.0595850 0.0595850 8.9999987 0.0415932 0.0504893 0.0605306 0.1081282 4.8556048 0.0512722 0.0595850 0.0595850 0.0688827 0.0927531 0.0688827 0.0997057 0.0783843 0.0880916 0.0895869 0.0997057 0.1014735 0.0796858 0.0895869 0.1509802 0.1880068 0.0700010 0.0595850 0.0810350 
XM_031347764_1_PREDICTED_Mastomys_coucha_REV3_like_DNA_directed_polymerase_zeta_catalytic_subunit_Rev3l_transcript_variant_X1_mRNA_1                       1.1367364 1.1711096 1.1711096 1.1711096 1.1711096 1.2705488 0.1186485 1.3247914 1.1367364 1.1711096 1.1255719 1.2193758 1.1711096 1.2802505 1.1711096 1.2296018 1.1711096 1.2296018 1.1711096 1.1711096 1.3514763 1.3339429 1.2802505 1.2395052 0.1222530 1.3428322 1.1475340 1.2896580 1.2987906 1.0825750 1.1818251 0.0000000 1.2088039 1.3428322 1.2395052 1.2802505 1.1140153 0.1539510 1.1255719 1.1255719 1.1255719 1.2296018 1.2296018 1.1818251 9.0000000 1.2296018 1.1711096 1.1711096 1.2296018 1.2705488 1.3247914 1.2802505 1.2802505 1.1711096 1.2296018 1.3339429 1.2705488 1.1711096 1.1818251 1.1711096 1.2802505 1.2296018 1.2296018 1.1711096 1.1711096 1.0825750 1.1255719 1.0825750 1.1255719 1.2395052 1.1711096 1.1711096 1.2193758 1.1818251 1.2802505 0.1419258 0.1539510 1.2193758 1.1255719 1.2193758 1.1367364 1.0825750 1.2705488 1.0825750 8.9999986 1.1711096 1.1255719 1.2193758 1.4430214 6.1285932 1.1600226 1.1711096 1.1711096 1.1255719 1.4073417 1.2193758 1.3247914 1.2705488 1.3247914 1.3908333 1.2193758 1.3339429 1.3247914 1.3908333 1.4152893 1.3076659 1.2193758 1.1711096 1.2802505 
