146
NM_001372078_1_Homo_sapiens_REV3_like_DNA_directed_polymerase_zeta_catalytic_subunit_REV3L_transcript_variant_4_mRNA_1                                     0.0000000 0.1456571 0.1737553 0.0153356 0.0644704 0.0807940 0.0024928 0.0785862 0.1138043 0.0153356 0.1000496 0.0795248 0.0640589 0.0843794 0.0593213 0.1178115 0.0984742 0.1078802 0.0708052 0.2540736 0.0262656 0.2456914 0.2071567 0.2243218 0.1283555 0.2114903 0.0863158 0.1095228 0.0641482 8.9999986 0.1340058 0.1280445 0.1341743 0.1711910 0.1362152 0.1656302 0.1345228 0.1556641 0.1251522 0.1228270 0.1058672 0.1121170 0.1071062 0.0739456 0.0738273 0.0690845 0.0688241 0.0822285 0.0787072 0.0835132 0.0803273 0.0803273 0.0810938 0.0644704 0.0810891 0.1013600 0.1036641 0.0613099 0.1000834 0.0957840 0.0827330 0.0627312 0.0613359 0.0628501 0.0660411 0.1193014 0.0661883 0.0660520 0.0826987 0.0823927 0.0807940 0.0808457 0.0812039 0.0781029 0.0863627 0.0713703 0.0789661 0.0789661 0.0758050 0.0680070 0.0665543 0.0633031 0.0694509 0.0709014 0.0694509 0.0711665 0.0680070 0.0646164 0.0661770 0.0729478 0.0662454 0.1361560 0.0976245 0.0954875 0.0757431 0.0640589 0.0622822 0.0917076 0.0921657 0.0822672 0.0942911 0.0880825 0.0789460 0.0928547 0.1004247 0.1236369 0.0843406 0.0839929 0.0899162 0.0582416 0.0692277 0.1849771 0.0677100 0.2182723 0.0192694 0.0180242 0.0166444 0.0140268 0.0140268 0.0179516 0.0179453 0.0578712 0.0075533 0.0037472 0.0140343 0.0088147 0.0088266 0.0231609 9.0000000 0.0286966 0.0258853 0.1476725 0.0474489 0.0489240 0.0777127 0.0793876 0.1389112 0.1030801 0.0726198 0.0710101 0.0710258 0.2970557 0.3045508 0.0504626 0.0910885 0.0711762 
NM_011264_3_Mus_musculus_REV3_like_DNA_directed_polymerase_zeta_catalytic_subunit_Rev3l_mRNA_1                                                             0.1456571 0.0000000 0.0840680 0.1485469 0.1302876 0.1517865 0.1413642 0.1518728 0.0838826 0.1485469 0.1783753 0.1545968 0.1351983 0.1563021 0.1387657 0.0736095 0.1365733 0.1172108 0.1439227 0.2845605 0.1523651 0.2979508 0.2677200 0.2800081 0.1837064 0.2526891 0.1402996 0.1365222 0.1226829 4.5415632 0.0246041 0.0844219 0.1476317 0.0822636 0.0472615 0.0648584 0.0502512 0.1185546 0.0815157 0.0817072 0.1553384 0.1597830 0.1461553 0.1285049 0.1340124 0.1321179 0.1248804 0.1402735 0.1320354 0.1339517 0.1339517 0.1339517 0.1431199 0.1302876 0.1507257 0.1832705 0.1785708 0.1335282 0.1693401 0.1507259 0.1487048 0.1315160 0.1335995 0.1354448 0.1356956 0.2025368 0.1311162 0.1320178 0.1489194 0.1537057 0.1517865 0.1559381 0.1569070 0.1539876 0.1519770 0.1397864 0.1510441 0.1510441 0.1472051 0.1443162 0.1366749 0.1401266 0.1376375 0.1359347 0.1376375 0.1404729 0.1443162 0.1359347 0.1339827 0.1363405 0.1376375 0.1833820 0.1994979 0.1773449 0.1450035 0.1351983 0.1346991 0.1699391 0.1516406 0.1588333 0.1704318 0.1494488 0.1618575 0.1610527 0.1633349 0.1986700 0.1585056 0.1616785 0.1635039 0.1392027 0.1458922 0.2332987 0.1449054 0.2593921 0.1427565 0.1531373 0.1426781 0.1465560 0.1465560 0.1446533 0.1445736 0.1880246 0.1496023 0.1394189 0.1503136 0.1394189 0.1419695 0.1473576 9.0000000 0.1587572 0.1500660 0.2061419 0.1179002 0.1274463 0.1443850 0.1386379 0.1792259 0.1543289 0.1403862 0.1548792 0.1342574 0.3793639 0.3816201 0.1424668 0.1619181 0.1296730 
XM_006256524_2_PREDICTED_Rattus_norvegicus_REV3_like_DNA_directed_polymerase_zeta_catalytic_subunit_Rev3l_transcript_variant_X1_mRNA_1                     0.1737553 0.0840680 0.0000000 0.1840309 0.1720341 0.1737391 0.1784804 0.1763969 0.1079876 0.1840309 0.1946278 0.1893123 0.1688472 0.1689828 0.1630037 0.1016486 0.1793999 0.1402331 0.1669081 0.3597836 0.1881473 0.3671138 0.3267424 0.3456841 0.2152480 0.3086851 0.1702779 0.1743757 0.1551743 4.5415632 0.0726075 0.0938970 0.1524079 0.0037484 0.0758901 0.1012952 0.0727865 0.1482550 0.1036436 0.1015280 0.1915405 0.1964192 0.1857489 0.1364325 0.1419665 0.1361967 0.1326716 0.1814997 0.1762795 0.1784171 0.1784171 0.1784171 0.1849295 0.1720341 0.1870879 0.1886053 0.1892607 0.1720384 0.2027036 0.1791307 0.1848728 0.1698195 0.1721388 0.1741558 0.1680722 0.2059034 0.1629322 0.1640947 0.1646693 0.1757519 0.1737391 0.1729618 0.1793146 0.1761208 0.1758059 0.1663055 0.1715461 0.1715461 0.1675511 0.1739803 0.1684216 0.1694392 0.1625331 0.1607500 0.1625331 0.1656678 0.1739803 0.1649223 0.1628317 0.1654600 0.1667171 0.2136984 0.2276488 0.1932078 0.1835788 0.1688472 0.1681214 0.1887042 0.1656626 0.1766709 0.1800193 0.1763403 0.1704751 0.1772936 0.1873309 0.2027294 0.1712818 0.1713153 0.1765734 0.1650722 0.1648384 0.2384453 0.1869539 0.2724583 0.1752000 0.1891526 0.1793817 0.1818633 0.1818633 0.1815374 0.1814297 0.2335466 0.1789727 0.1763494 0.1757507 0.1780566 0.1810140 0.1758273 9.0000000 0.1857839 0.1788671 0.2026652 0.1383141 0.1486463 0.1744976 0.1749325 0.2043523 0.1932628 0.1682556 0.1924203 0.1739456 0.3858997 0.3936764 0.1686051 0.1826140 0.1635658 
XM_028847034_1_PREDICTED_Macaca_mulatta_REV3_like_DNA_directed_polymerase_zeta_catalytic_subunit_REV3L_transcript_variant_X1_mRNA_1                        0.0153356 0.1485469 0.1840309 0.0000000 0.0664527 0.0914083 0.0153113 0.0825790 0.1163113 0.0000010 0.1024864 0.0768101 0.0705081 0.0880836 0.0625695 0.1239771 0.1008923 0.1119665 0.0773730 0.2654483 0.0319029 0.2592227 0.2170210 0.2395244 0.1359055 0.2131460 0.0967009 0.1155035 0.0706047 8.9999986 0.1367658 0.1344361 0.1427993 0.1813577 0.1426908 0.1727208 0.1409856 0.1668669 0.1351229 0.1327054 0.1134015 0.1198493 0.1130926 0.0792197 0.0790936 0.0774721 0.0771002 0.0844263 0.0808569 0.0857174 0.0824960 0.0824960 0.0847566 0.0664527 0.0783750 0.1077062 0.1061466 0.0632548 0.1059467 0.0947203 0.0800168 0.0646892 0.0632819 0.0648126 0.0649571 0.1202658 0.0651024 0.0680547 0.0900160 0.0930604 0.0914083 0.0914768 0.0904050 0.0872209 0.0923262 0.0748939 0.0858782 0.0858782 0.0826505 0.0749848 0.0717547 0.0701432 0.0764537 0.0779361 0.0764537 0.0743965 0.0749848 0.0714724 0.0698753 0.0762054 0.0731512 0.1405266 0.1090125 0.1026869 0.0793107 0.0705081 0.0686666 0.0989064 0.0958714 0.0859249 0.0981350 0.0884667 0.0824796 0.1000481 0.1028697 0.1316580 0.0880425 0.0875951 0.0937205 0.0645917 0.0757629 0.1882138 0.0697031 0.2218967 0.0087953 0.0075496 0.0037403 0.0012419 0.0012419 0.0075250 0.0075225 0.0508453 0.0153328 0.0140047 0.0220286 0.0140143 0.0140339 0.0286435 9.0000000 0.0343212 0.0314332 0.1444509 0.0564867 0.0580122 0.0845468 0.0830195 0.1395801 0.1035474 0.0761409 0.0713066 0.0776901 0.2955671 0.3100038 0.0566159 0.0934037 0.0746871 
XM_014118216_3_PREDICTED_Canis_lupus_familiaris_REV3_like_DNA_directed_polymerase_zeta_catalytic_subunit_REV3L_transcript_variant_X1_mRNA_1                0.0644704 0.1302876 0.1720341 0.0664527 0.0000000 0.0728982 0.0643453 0.0725584 0.1160863 0.0664527 0.0595791 0.0361681 0.0520496 0.0664236 0.0687792 0.1202049 0.0922414 0.0912037 0.0722545 0.2397837 0.0709856 0.2607247 0.1985715 0.2152868 0.1423711 0.2246033 0.0900165 0.1061239 0.0656343 8.9999986 0.1250804 0.1323991 0.1323118 0.1694989 0.1309767 0.1696620 0.1293073 0.1681174 0.1231083 0.1234485 0.1029507 0.1081033 0.1039157 0.0804574 0.0802580 0.0786412 0.0783340 0.0517603 0.0486612 0.0500860 0.0472019 0.0472019 0.0535015 0.0000010 0.0375642 0.0674471 0.0627208 0.0193127 0.0641018 0.0609419 0.0389945 0.0219767 0.0193196 0.0206457 0.0260559 0.0667600 0.0247999 0.0247590 0.0765051 0.0744691 0.0728982 0.0746862 0.0750153 0.0751787 0.0800881 0.0634210 0.0741243 0.0741243 0.0710034 0.0649543 0.0543836 0.0558631 0.0588207 0.0571750 0.0588207 0.0604703 0.0649543 0.0571750 0.0587080 0.0653141 0.0557559 0.1302934 0.1016218 0.0816621 0.0615808 0.0520496 0.0503785 0.0847940 0.0955572 0.0860072 0.0858719 0.0783429 0.0851566 0.0859472 0.0866222 0.1022601 0.0663949 0.0732313 0.0715689 0.0566300 0.0706744 0.1623850 0.0644321 0.1945292 0.0648307 0.0698360 0.0649147 0.0648866 0.0648866 0.0664239 0.0663951 0.1142423 0.0675768 0.0658968 0.0694256 0.0597816 0.0584688 0.0677400 9.0000000 0.0744776 0.0724418 0.1475842 0.0577653 0.0578885 0.0742575 0.0668098 0.1302771 0.0977789 0.0679243 0.0601704 0.0601898 0.2915556 0.2937707 0.0505207 0.0520771 0.0682201 
XM_024996589_1_PREDICTED_Bos_taurus_REV3_like_DNA_directed_polymerase_zeta_catalytic_subunit_REV3L_transcript_variant_X1_mRNA_1                            0.0807940 0.1517865 0.1737391 0.0914083 0.0728982 0.0000000 0.0809487 0.0698396 0.1316849 0.0914083 0.1064375 0.0875605 0.0725206 0.0968927 0.0773726 0.1365822 0.1123750 0.1243098 0.0762910 0.2495032 0.0767883 0.2768296 0.2142072 0.2314312 0.1491481 0.2313150 0.0995175 0.1180685 0.0920883 9.0000000 0.1454265 0.1478344 0.1418005 0.1711741 0.1476386 0.1790347 0.1441703 0.1723039 0.1409273 0.1421715 0.1203692 0.1176579 0.1194510 0.0876685 0.0907914 0.0891170 0.0854445 0.0831687 0.0795295 0.0810934 0.0778990 0.0778990 0.0820254 0.0728982 0.0857877 0.1132415 0.1065694 0.0679526 0.1044798 0.0901510 0.0841052 0.0693994 0.0679822 0.0695311 0.0728100 0.1297569 0.0729766 0.0666000 0.0273973 0.0012419 0.0000010 0.0037474 0.0140174 0.0140391 0.0179865 0.0664178 0.0771069 0.0771069 0.0739724 0.0502597 0.0489131 0.0457398 0.0485585 0.0471912 0.0485585 0.0502916 0.0502597 0.0442947 0.0457398 0.0489721 0.0485198 0.1517388 0.1085595 0.0982231 0.0828249 0.0725206 0.0689773 0.0993420 0.0899649 0.0955799 0.1003919 0.0892317 0.0948347 0.0970180 0.1141729 0.1380364 0.0968462 0.1003076 0.1027285 0.0659910 0.0779144 0.1716129 0.0778725 0.2056001 0.0863653 0.0918086 0.0864055 0.0897198 0.0897198 0.0913653 0.0913222 0.1445284 0.0877270 0.0825891 0.0849518 0.0825891 0.0845600 0.0748435 9.0000000 0.0866228 0.0796901 0.1562331 0.0644376 0.0645801 0.0897390 0.0919091 0.1329087 0.1091498 0.0830119 0.0864149 0.0806262 0.2975186 0.3137176 0.0662734 0.0976081 0.0822286 
XM_016956167_2_PREDICTED_Pan_troglodytes_REV3_like_DNA_directed_polymerase_zeta_catalytic_subunit_REV3L_transcript_variant_X1_mRNA_1                       0.0024928 0.1413642 0.1784804 0.0153113 0.0643453 0.0809487 0.0000000 0.0820479 0.1099410 0.0153113 0.0998276 0.0793606 0.0639355 0.0842026 0.0561958 0.1138837 0.0948248 0.1040987 0.0675244 0.2549775 0.0234939 0.2465747 0.2078171 0.2250657 0.1242543 0.2054605 0.0828208 0.1057851 0.0640244 8.9999986 0.1298563 0.1277302 0.1301111 0.1758691 0.1320851 0.1610946 0.1304021 0.1511844 0.1211417 0.1188568 0.1021185 0.1082652 0.1033641 0.0740826 0.0739640 0.0723722 0.0689484 0.0820583 0.0785466 0.0833402 0.0801625 0.0801625 0.0809255 0.0643453 0.0776640 0.1050697 0.1034312 0.0611923 0.0998612 0.0921988 0.0792889 0.0626104 0.0612182 0.0627289 0.0659121 0.1224104 0.0660587 0.0659230 0.0861731 0.0825514 0.0809487 0.0810008 0.0813605 0.0782522 0.0865330 0.0712279 0.0788045 0.0788045 0.0756513 0.0681310 0.0649836 0.0634162 0.0695779 0.0710317 0.0695779 0.0712969 0.0681310 0.0647313 0.0662952 0.0730830 0.0663641 0.1320115 0.0939509 0.0919128 0.0723948 0.0639355 0.0621634 0.0881366 0.0886288 0.0820968 0.0907139 0.0845580 0.0787844 0.0892855 0.0967473 0.1233376 0.0841639 0.0838178 0.0897232 0.0581311 0.0690910 0.1801730 0.0644597 0.2129946 0.0192384 0.0179952 0.0166178 0.0140047 0.0140047 0.0179228 0.0179166 0.0577440 0.0075427 0.0012419 0.0140121 0.0088011 0.0088130 0.0231232 9.0000000 0.0286487 0.0231566 0.1433898 0.0473629 0.0459109 0.0775536 0.0759848 0.1347151 0.0993375 0.0693096 0.0708685 0.0677319 0.2958799 0.3033159 0.0503699 0.0908931 0.0678729 
XM_021091238_1_PREDICTED_Sus_scrofa_REV3_like_DNA_directed_polymerase_zeta_catalytic_subunit_REV3L_transcript_variant_X1_mRNA_1                            0.0785862 0.1518728 0.1763969 0.0825790 0.0725584 0.0698396 0.0820479 0.0000000 0.1342663 0.0825790 0.1073050 0.0858722 0.0702659 0.0803731 0.0806062 0.1359907 0.1029374 0.1305431 0.0792054 0.2597835 0.0911716 0.2898015 0.2157013 0.2457149 0.1524177 0.2348272 0.1111115 0.1240306 0.0904617 8.9999986 0.1436100 0.1492128 0.1434141 0.1754718 0.1435480 0.1742546 0.1478711 0.1851462 0.1437192 0.1449961 0.1161037 0.1211127 0.1117825 0.0994479 0.0992937 0.0975538 0.0970437 0.0829960 0.0793712 0.0843154 0.0810374 0.0810374 0.0818336 0.0725584 0.0909820 0.1099687 0.1110616 0.0612516 0.1069295 0.0920997 0.0927290 0.0627048 0.0612781 0.0628265 0.0660902 0.1035648 0.0662410 0.0661014 0.0783640 0.0714000 0.0698396 0.0747553 0.0750843 0.0720111 0.0783645 0.0673180 0.0736531 0.0736531 0.0704895 0.0635777 0.0546421 0.0559231 0.0603111 0.0588829 0.0603111 0.0622071 0.0635777 0.0558154 0.0573461 0.0639290 0.0541883 0.1454355 0.1184608 0.0977580 0.0829310 0.0702659 0.0639558 0.0944447 0.0972359 0.0921574 0.1010211 0.0895178 0.0894017 0.0956198 0.1042270 0.1213552 0.0803355 0.0855026 0.0841107 0.0671999 0.0775502 0.2023022 0.0763013 0.2321387 0.0841799 0.0862425 0.0809447 0.0809071 0.0809071 0.0859057 0.0858653 0.1379618 0.0855580 0.0837146 0.0860841 0.0804628 0.0791133 0.0857555 9.0000000 0.0912436 0.0908135 0.1603324 0.0673878 0.0706908 0.0861138 0.0764268 0.1441415 0.1015583 0.0848558 0.0779422 0.0828106 0.2998906 0.3110956 0.0643135 0.1018126 0.0803925 
XM_040758199_1_PREDICTED_Mesocricetus_auratus_REV3_like_DNA_directed_polymerase_zeta_catalytic_subunit_Rev3l_transcript_variant_X1_mRNA_1                  0.1138043 0.0838826 0.1079876 0.1163113 0.1160863 0.1316849 0.1099410 0.1342663 0.0000000 0.1163113 0.1501573 0.1335303 0.1094039 0.1417336 0.1079206 0.0220327 0.1147774 0.0949467 0.1228087 0.3031055 0.1198522 0.2834145 0.2651881 0.2872921 0.1603473 0.2405014 0.1092904 0.1062372 0.0862946 8.9999986 0.0710824 0.0639179 0.1159335 0.1059822 0.0721571 0.1006129 0.0737384 0.0786574 0.0522991 0.0506367 0.1214496 0.1304747 0.1351599 0.0990377 0.1057829 0.1074445 0.0966480 0.1307755 0.1264150 0.1319092 0.1282846 0.1282846 0.1334755 0.1160863 0.1314574 0.1567680 0.1541870 0.1190611 0.1591881 0.1370815 0.1295370 0.1171340 0.1191221 0.1208977 0.1211082 0.1691968 0.1214452 0.1175706 0.1295612 0.1335030 0.1316849 0.1360572 0.1389775 0.1326192 0.1345228 0.1282743 0.1332157 0.1332157 0.1295589 0.1295930 0.1223111 0.1239942 0.1275194 0.1254038 0.1275194 0.1297130 0.1295930 0.1216710 0.1198171 0.1292667 0.1237639 0.1831867 0.1623342 0.1428081 0.1290402 0.1094039 0.1090524 0.1491042 0.1236487 0.1338314 0.1508105 0.1288868 0.1301678 0.1364060 0.1523023 0.1805499 0.1400633 0.1417234 0.1485720 0.1140007 0.1246591 0.2097202 0.1266404 0.2531492 0.1215930 0.1204269 0.1144250 0.1144833 0.1144833 0.1181863 0.1197454 0.1700470 0.1174286 0.1081542 0.1181033 0.1116236 0.1138856 0.1134812 9.0000000 0.1220253 0.1158204 0.1850238 0.0951768 0.0953256 0.1270426 0.1340626 0.1749107 0.1431254 0.1175604 0.1346810 0.1243820 0.3395499 0.3393913 0.1106735 0.1387296 0.1154862 
XM_015448392_1_PREDICTED_Macaca_fascicularis_REV3_like_DNA_directed_polymerase_zeta_catalytic_subunit_REV3L_transcript_variant_X1_mRNA_1                   0.0153356 0.1485469 0.1840309 0.0000010 0.0664527 0.0914083 0.0153113 0.0825790 0.1163113 0.0000000 0.1024864 0.0768101 0.0705081 0.0880836 0.0625695 0.1239771 0.1008923 0.1119665 0.0773730 0.2654483 0.0319029 0.2592227 0.2170210 0.2395244 0.1359055 0.2131460 0.0967009 0.1155035 0.0706047 8.9999986 0.1367658 0.1344361 0.1427993 0.1813577 0.1426908 0.1727208 0.1409856 0.1668669 0.1351229 0.1327054 0.1134015 0.1198493 0.1130926 0.0792197 0.0790936 0.0774721 0.0771002 0.0844263 0.0808569 0.0857174 0.0824960 0.0824960 0.0847566 0.0664527 0.0783750 0.1077062 0.1061466 0.0632548 0.1059467 0.0947203 0.0800168 0.0646892 0.0632819 0.0648126 0.0649571 0.1202658 0.0651024 0.0680547 0.0900160 0.0930604 0.0914083 0.0914768 0.0904050 0.0872209 0.0923262 0.0748939 0.0858782 0.0858782 0.0826505 0.0749848 0.0717547 0.0701432 0.0764537 0.0779361 0.0764537 0.0743965 0.0749848 0.0714724 0.0698753 0.0762054 0.0731512 0.1405266 0.1090125 0.1026869 0.0793107 0.0705081 0.0686666 0.0989064 0.0958714 0.0859249 0.0981350 0.0884667 0.0824796 0.1000481 0.1028697 0.1316580 0.0880425 0.0875951 0.0937205 0.0645917 0.0757629 0.1882138 0.0697031 0.2218967 0.0087953 0.0075496 0.0037403 0.0012419 0.0012419 0.0075250 0.0075225 0.0508453 0.0153328 0.0140047 0.0220286 0.0140143 0.0140339 0.0286435 9.0000000 0.0343212 0.0314332 0.1444509 0.0564867 0.0580122 0.0845468 0.0830195 0.1395801 0.1035474 0.0761409 0.0713066 0.0776901 0.2955671 0.3100038 0.0566159 0.0934037 0.0746871 
XM_004753515_2_PREDICTED_Mustela_putorius_furo_REV3_like_polymerase_DNA_directed_zeta_catalytic_subunit_REV3L_transcript_variant_X1_mRNA_1                 0.1000496 0.1783753 0.1946278 0.1024864 0.0595791 0.1064375 0.0998276 0.1073050 0.1501573 0.1024864 0.0000000 0.0753374 0.0912614 0.0924671 0.1028896 0.1565308 0.1376863 0.1365514 0.1033959 0.2728564 0.1044278 0.2803802 0.2444344 0.2577483 0.1800450 0.2710400 0.1100997 0.1411585 0.1065575 8.9999985 0.1675119 0.1683306 0.1558414 0.1876365 0.1665618 0.2011971 0.1727793 0.2180068 0.1499902 0.1504520 0.1445810 0.1483583 0.1444935 0.1053210 0.1051612 0.1033102 0.1062443 0.0824372 0.0820872 0.0836489 0.0804565 0.0804565 0.0845315 0.0595791 0.0768996 0.0304908 0.0075617 0.0567882 0.0996834 0.0856647 0.0785371 0.0598104 0.0568119 0.0583084 0.0628501 0.1073947 0.0615864 0.0584443 0.0980574 0.1081683 0.1064375 0.1044897 0.1090389 0.1077137 0.1095246 0.0992902 0.1110986 0.1110986 0.1076382 0.0994519 0.0960524 0.0942919 0.1010809 0.1026490 0.1010809 0.1030616 0.0994519 0.0956614 0.0973962 0.1035597 0.0974863 0.1370988 0.1386728 0.1092473 0.1041431 0.0912614 0.0940263 0.1167994 0.1097197 0.1143725 0.1125032 0.0993222 0.0989192 0.1112862 0.1035494 0.1262289 0.0924236 0.0966242 0.0947306 0.0883466 0.1016530 0.1577124 0.1035211 0.1860281 0.1006356 0.1029476 0.1007830 0.1007338 0.1007338 0.1024362 0.1023860 0.1541514 0.1035211 0.1015618 0.1006997 0.0947616 0.0934208 0.0953438 9.0000000 0.1064301 0.1015742 0.1594810 0.0857107 0.0888084 0.1077880 0.1066588 0.1442679 0.1367595 0.1006786 0.1024593 0.1102970 0.3259539 0.3426042 0.0843544 0.0155917 0.0997239 
XM_034668992_1_PREDICTED_Ailuropoda_melanoleuca_REV3_like_DNA_directed_polymerase_zeta_catalytic_subunit_REV3L_transcript_variant_X1_mRNA_1                0.0795248 0.1545968 0.1893123 0.0768101 0.0361681 0.0875605 0.0793606 0.0858722 0.1335303 0.0768101 0.0753374 0.0000000 0.0701163 0.0858029 0.0765007 0.1380576 0.1101249 0.1228289 0.0849512 0.2677245 0.0850133 0.2797365 0.2298045 0.2476996 0.1476041 0.2333742 0.1074770 0.1214690 0.0846944 8.9999986 0.1472923 0.1489574 0.1383177 0.1865521 0.1511056 0.1911264 0.1493676 0.1874789 0.1301587 0.1305351 0.1330700 0.1318931 0.1262801 0.0951299 0.0983249 0.0966044 0.0961051 0.0635810 0.0633194 0.0648221 0.0617678 0.0617678 0.0654796 0.0361681 0.0063044 0.0802354 0.0787104 0.0349184 0.0699233 0.0701691 0.0075817 0.0377620 0.0349318 0.0363443 0.0420831 0.0672989 0.0408082 0.0393007 0.0913599 0.0892182 0.0875605 0.0894973 0.0915426 0.0934943 0.1022869 0.0792928 0.0906172 0.0906172 0.0873075 0.0775510 0.0665040 0.0679889 0.0743514 0.0725758 0.0743514 0.0761401 0.0775510 0.0693347 0.0709515 0.0813458 0.0679174 0.1577674 0.1233276 0.0967437 0.0868315 0.0701163 0.0746339 0.0916319 0.1065236 0.0964611 0.0962163 0.0988578 0.0905549 0.0966324 0.0987270 0.1210209 0.0857627 0.0932622 0.0914506 0.0718855 0.0832888 0.1737231 0.0737313 0.2097543 0.0798648 0.0803611 0.0752151 0.0751813 0.0751813 0.0767753 0.0800168 0.1378609 0.0827958 0.0809946 0.0833361 0.0745690 0.0732376 0.0797702 9.0000000 0.0815457 0.0814528 0.1555032 0.0698065 0.0716671 0.0890632 0.0842352 0.1425084 0.1200470 0.0822014 0.0786752 0.0852637 0.3013457 0.3081685 0.0633420 0.0687706 0.0804519 
XM_015600069_2_PREDICTED_Pteropus_alecto_REV3_like_DNA_directed_polymerase_zeta_catalytic_subunit_REV3L_transcript_variant_X1_mRNA_1                       0.0640589 0.1351983 0.1688472 0.0705081 0.0520496 0.0725206 0.0639355 0.0702659 0.1094039 0.0705081 0.0912614 0.0701163 0.0000000 0.0679112 0.0639687 0.1134386 0.0931033 0.1107934 0.0580957 0.2494072 0.0646087 0.2657548 0.2130367 0.2349167 0.1373687 0.2262428 0.0848509 0.1039265 0.0669109 8.9999986 0.1291431 0.1251938 0.1346625 0.1680972 0.1276957 0.1664044 0.1296230 0.1542797 0.1297930 0.1274449 0.0989563 0.1078712 0.1051000 0.0721877 0.0720720 0.0673613 0.0701674 0.0656995 0.0624136 0.0669776 0.0639473 0.0639473 0.0645310 0.0520496 0.0716528 0.0962749 0.0928973 0.0477023 0.0879290 0.0791338 0.0732585 0.0490844 0.0477215 0.0491781 0.0520177 0.1108169 0.0523261 0.0522253 0.0697669 0.0740831 0.0725206 0.0742988 0.0746231 0.0715669 0.0829602 0.0599584 0.0673799 0.0673799 0.0643283 0.0614914 0.0570762 0.0555531 0.0584936 0.0568581 0.0584936 0.0601330 0.0614914 0.0538309 0.0553410 0.0604199 0.0584444 0.1137551 0.0933237 0.0773310 0.0582563 0.0000010 0.0167116 0.0742980 0.0754489 0.0757993 0.0789023 0.0708678 0.0739668 0.0646829 0.0881967 0.1048516 0.0678817 0.0710258 0.0730832 0.0461820 0.0565830 0.1726341 0.0656601 0.2168107 0.0688774 0.0708010 0.0658444 0.0689371 0.0689371 0.0704774 0.0704467 0.1198247 0.0671439 0.0654763 0.0658552 0.0593539 0.0610956 0.0597909 9.0000000 0.0677270 0.0643728 0.1480853 0.0428585 0.0444538 0.0658516 0.0635534 0.1253917 0.0960247 0.0661113 0.0628605 0.0675806 0.2900774 0.2945571 0.0417202 0.0809521 0.0620981 
XM_005883745_2_PREDICTED_Myotis_brandtii_REV3_like_polymerase_DNA_directed_zeta_catalytic_subunit_REV3L_transcript_variant_X1_mRNA_1                       0.0843794 0.1563021 0.1689828 0.0880836 0.0664236 0.0968927 0.0842026 0.0803731 0.1417336 0.0880836 0.0924671 0.0858029 0.0679112 0.0000000 0.0841763 0.1385211 0.1097497 0.1328300 0.0856336 0.2720731 0.0932682 0.2790884 0.2335071 0.2537195 0.1489568 0.2262151 0.1120493 0.1253494 0.0905872 8.9999985 0.1491404 0.1424706 0.1554339 0.1664603 0.1531577 0.1838050 0.1520024 0.1918728 0.1508779 0.1535829 0.1194946 0.1231614 0.1201346 0.0975282 0.0996937 0.0945573 0.0974674 0.0759904 0.0693711 0.0740707 0.0709524 0.0709524 0.0733622 0.0664236 0.0874093 0.0963951 0.0896398 0.0618778 0.0984662 0.0926039 0.0857226 0.0633111 0.0619043 0.0634320 0.0633303 0.1054930 0.0620324 0.0635835 0.0954916 0.0985702 0.0968927 0.0988846 0.1028447 0.0980209 0.1068463 0.0740176 0.0818204 0.0818204 0.0785966 0.0802756 0.0659726 0.0707146 0.0770772 0.0752968 0.0770772 0.0788723 0.0802756 0.0720535 0.0736714 0.0807425 0.0673740 0.1444529 0.1331312 0.0951492 0.0763194 0.0679112 0.0630324 0.0774388 0.0830467 0.0812641 0.0779379 0.0751328 0.0661198 0.0753390 0.0289191 0.0334476 0.0024906 0.0088453 0.0037631 0.0580272 0.0839873 0.1564931 0.0861865 0.1941287 0.0863293 0.0917681 0.0864497 0.0864095 0.0864095 0.0880425 0.0880014 0.1409946 0.0876900 0.0858564 0.0897370 0.0826315 0.0812997 0.0845592 9.0000000 0.0951819 0.0906261 0.1425601 0.0693157 0.0711590 0.0953134 0.0848979 0.1273387 0.1109155 0.0772994 0.0780800 0.0878512 0.3007841 0.3041851 0.0582712 0.0837889 0.0735299 
XM_006157005_3_PREDICTED_Tupaia_chinensis_REV3_like_DNA_directed_polymerase_zeta_catalytic_subunit_REV3L_transcript_variant_X3_mRNA_1                      0.0593213 0.1387657 0.1630037 0.0625695 0.0687792 0.0773726 0.0561958 0.0806062 0.1079206 0.0625695 0.1028896 0.0765007 0.0639687 0.0841763 0.0000000 0.1154550 0.0902932 0.1022710 0.0688788 0.2467555 0.0653455 0.2633901 0.2147170 0.2318461 0.1242199 0.2151487 0.0815553 0.0911008 0.0656689 8.9999986 0.1252385 0.1231466 0.1316540 0.1605219 0.1221635 0.1522218 0.1204980 0.1472871 0.1133677 0.1111548 0.1080944 0.1081258 0.1019439 0.0644142 0.0674204 0.0689865 0.0624805 0.0773828 0.0721951 0.0737186 0.0706137 0.0706137 0.0777105 0.0687792 0.0748118 0.1100315 0.1030162 0.0623339 0.0970480 0.0903251 0.0731992 0.0656771 0.0642785 0.0658011 0.0690169 0.1387738 0.0691723 0.0690282 0.0828327 0.0789565 0.0773726 0.0777127 0.0748734 0.0815153 0.0831720 0.0723515 0.0831372 0.0831372 0.0799700 0.0712233 0.0681097 0.0633949 0.0695551 0.0678451 0.0695551 0.0712736 0.0712233 0.0647097 0.0662742 0.0748472 0.0694942 0.1321862 0.1036091 0.0888788 0.0737930 0.0639687 0.0621951 0.0820166 0.0854491 0.0923827 0.0922829 0.0846879 0.0852861 0.0846341 0.1021005 0.1216730 0.0841377 0.0874443 0.0896956 0.0581114 0.0704476 0.1809349 0.0675255 0.2186310 0.0670932 0.0658684 0.0640817 0.0610371 0.0610371 0.0655711 0.0686501 0.1146236 0.0623584 0.0576991 0.0655146 0.0607259 0.0594234 0.0654789 9.0000000 0.0735122 0.0701063 0.1330011 0.0486945 0.0458754 0.0726337 0.0759605 0.1279922 0.0943725 0.0707010 0.0705451 0.0688305 0.2880525 0.2912040 0.0578788 0.0942697 0.0730207 
XM_027402162_2_PREDICTED_Cricetulus_griseus_REV3_like_DNA_directed_polymerase_zeta_catalytic_subunit_Rev3l_transcript_variant_X5_mRNA_1                    0.1178115 0.0736095 0.1016486 0.1239771 0.1202049 0.1365822 0.1138837 0.1359907 0.0220327 0.1239771 0.1565308 0.1380576 0.1134386 0.1385211 0.1154550 0.0000000 0.1131060 0.0915727 0.1306939 0.3168631 0.1203570 0.3052253 0.2758708 0.2985067 0.1672548 0.2495688 0.1113107 0.1102299 0.0932612 8.9999986 0.0612317 0.0542086 0.1231413 0.1030765 0.0658969 0.0951757 0.0677035 0.0799738 0.0446583 0.0430645 0.1289328 0.1332344 0.1263357 0.0994076 0.1022133 0.1038640 0.0970028 0.1351852 0.1307365 0.1363137 0.1326359 0.1326359 0.1379543 0.1202049 0.1359470 0.1638893 0.1606299 0.1232646 0.1646793 0.1421298 0.1339944 0.1213070 0.1233287 0.1251300 0.1253525 0.1783295 0.1235994 0.1217637 0.1339097 0.1384327 0.1365822 0.1405404 0.1451580 0.1386602 0.1405985 0.1326721 0.1376687 0.1376687 0.1339574 0.1303073 0.1229661 0.1246621 0.1282150 0.1260807 0.1282150 0.1304292 0.1303073 0.1223171 0.1204481 0.1299767 0.1244281 0.1778065 0.1732453 0.1474276 0.1334268 0.1134386 0.1130645 0.1538818 0.1300351 0.1382517 0.1532760 0.1250794 0.1227221 0.1409605 0.1473608 0.1772500 0.1368494 0.1385071 0.1453323 0.1124326 0.1325871 0.2136686 0.1273235 0.2549346 0.1257226 0.1245616 0.1184585 0.1221089 0.1221089 0.1222740 0.1238485 0.1730366 0.1214872 0.1120718 0.1221895 0.1155858 0.1178943 0.1139415 9.0000000 0.1225467 0.1146816 0.1946485 0.0956158 0.0991419 0.1313813 0.1385536 0.1695471 0.1478164 0.1237755 0.1352901 0.1250440 0.3582355 0.3615276 0.1167333 0.1448191 0.1133159 
XM_013069186_2_PREDICTED_Heterocephalus_glaber_REV3_like_DNA_directed_polymerase_zeta_catalytic_subunit_Rev3l_transcript_variant_X1_mRNA_1                 0.0984742 0.1365733 0.1793999 0.1008923 0.0922414 0.1123750 0.0948248 0.1029374 0.1147774 0.1008923 0.1376863 0.1101249 0.0931033 0.1097497 0.0902932 0.1131060 0.0000000 0.0957951 0.1026879 0.2895384 0.1047490 0.3055802 0.2450104 0.2637818 0.1630776 0.2604906 0.1228760 0.1024670 0.0714053 8.9999985 0.1229827 0.1298872 0.1334070 0.1767387 0.1256008 0.1640784 0.1240421 0.1507415 0.1245441 0.1222065 0.0572708 0.0687180 0.0417071 0.0848885 0.0844101 0.0827571 0.0794735 0.1067066 0.1027921 0.1045574 0.1045574 0.1045574 0.1075206 0.0922414 0.1118396 0.1458458 0.1417586 0.0887893 0.1327105 0.1159119 0.1136747 0.0870138 0.0888313 0.0904884 0.0873129 0.1314846 0.0875292 0.0906424 0.1187034 0.1141355 0.1123750 0.1145213 0.1135066 0.1116940 0.1193066 0.1016432 0.1099636 0.1099636 0.1099636 0.1107653 0.0968091 0.1054285 0.1072200 0.1052288 0.1072200 0.1092581 0.1107653 0.1032524 0.1050296 0.1130241 0.0982527 0.1764433 0.1428770 0.1206648 0.1083200 0.0931033 0.0928747 0.1223170 0.1177287 0.1219242 0.1255476 0.1170942 0.1124246 0.1072283 0.1258109 0.1467235 0.1132872 0.1117143 0.1142867 0.0870104 0.1044490 0.2041582 0.0938805 0.2445802 0.0923296 0.0978428 0.0957239 0.0991466 0.0991466 0.1008430 0.1007939 0.1521358 0.1019321 0.0965369 0.1040221 0.0931203 0.0951970 0.1035545 9.0000000 0.1112690 0.1037724 0.1941752 0.0764843 0.0797929 0.1044648 0.1023368 0.1646275 0.1344752 0.1060251 0.1081420 0.1049146 0.3529113 0.3540705 0.0875815 0.1297900 0.0998280 
XM_008852401_2_PREDICTED_Nannospalax_galili_REV3_like_DNA_directed_polymerase_zeta_catalytic_subunit_Rev3l_transcript_variant_X1_mRNA_1                    0.1078802 0.1172108 0.1402331 0.1119665 0.0912037 0.1243098 0.1040987 0.1305431 0.0949467 0.1119665 0.1365514 0.1228289 0.1107934 0.1328300 0.1022710 0.0915727 0.0957951 0.0000000 0.1224523 0.2837961 0.1107147 0.2831487 0.2442352 0.2519789 0.1748509 0.2601064 0.1266964 0.0984995 0.0795238 8.9999986 0.1044851 0.1140300 0.1164351 0.1379720 0.1082005 0.1431350 0.1031924 0.1420008 0.0964790 0.0944305 0.1088552 0.1067850 0.1097303 0.0938457 0.0913921 0.0882322 0.0882322 0.1192183 0.1151457 0.1169645 0.1169645 0.1169645 0.1217753 0.0912037 0.1172326 0.1531007 0.1443297 0.0971263 0.1464099 0.1279150 0.1190896 0.0990465 0.0971732 0.0988600 0.0955505 0.1564866 0.0957926 0.0955650 0.1287078 0.1225235 0.1243098 0.1265401 0.1235368 0.1237386 0.1293872 0.1148391 0.1269985 0.1269985 0.1233947 0.1181261 0.1090072 0.1106614 0.1161274 0.1140828 0.1161274 0.1182305 0.1181261 0.1104538 0.1122642 0.1204597 0.1104538 0.1876842 0.1544355 0.1306674 0.1170829 0.1107934 0.1050070 0.1454790 0.1343301 0.1348253 0.1419906 0.1285161 0.1260585 0.1351436 0.1479795 0.1738951 0.1327595 0.1387404 0.1395179 0.1034284 0.1242982 0.2361477 0.1148761 0.2708022 0.1101642 0.1144565 0.1086275 0.1101642 0.1101642 0.1119101 0.1118537 0.1526238 0.1114415 0.1058621 0.1156512 0.1023933 0.1026092 0.1115592 9.0000000 0.1143174 0.1137629 0.1923236 0.0983251 0.0984805 0.1147820 0.1122545 0.1629124 0.1254508 0.1059962 0.1134294 0.1008491 0.3509022 0.3509008 0.1000388 0.1328475 0.1029955 
XM_023650934_1_PREDICTED_Equus_caballus_REV3_like_DNA_directed_polymerase_zeta_catalytic_subunit_REV3L_transcript_variant_X1_mRNA_1                        0.0708052 0.1439227 0.1669081 0.0773730 0.0722545 0.0762910 0.0675244 0.0792054 0.1228087 0.0773730 0.1033959 0.0849512 0.0580957 0.0856336 0.0688788 0.1306939 0.1026879 0.1224523 0.0000000 0.2543649 0.0759277 0.2628877 0.2122706 0.2294504 0.1267501 0.2203167 0.1004312 0.1187587 0.0831934 8.9999986 0.1414269 0.1333690 0.1417204 0.1677690 0.1382125 0.1694047 0.1402135 0.1658634 0.1327413 0.1303556 0.1093704 0.1163532 0.1130358 0.0822816 0.0821519 0.0805231 0.0738591 0.0888571 0.0852578 0.0869046 0.0869046 0.0869046 0.0877443 0.0722545 0.0850335 0.1046029 0.1008264 0.0645553 0.0886334 0.0752450 0.0867044 0.0643115 0.0629133 0.0644332 0.0693413 0.1216037 0.0694981 0.0693526 0.0813718 0.0778793 0.0762910 0.0781095 0.0751925 0.0753567 0.0835962 0.0630378 0.0704460 0.0704460 0.0673749 0.0698595 0.0653287 0.0637540 0.0667743 0.0650749 0.0667743 0.0684814 0.0698595 0.0619527 0.0604022 0.0702520 0.0667161 0.1231028 0.1020514 0.0922983 0.0776079 0.0580957 0.0564183 0.0808919 0.0853753 0.0957506 0.0936501 0.0893325 0.0921707 0.0790886 0.1059690 0.1274514 0.0855943 0.0855871 0.0911605 0.0644862 0.0012419 0.1660007 0.0724509 0.2070182 0.0694548 0.0777002 0.0725963 0.0757629 0.0757629 0.0741929 0.0741600 0.1184716 0.0739696 0.0659647 0.0757413 0.0721820 0.0740435 0.0772158 9.0000000 0.0856264 0.0787932 0.1424107 0.0564511 0.0519957 0.0792957 0.0749759 0.1200806 0.0982899 0.0774619 0.0758709 0.0743536 0.2970172 0.3107125 0.0463031 0.0947394 0.0751914 
XM_007484437_2_PREDICTED_Monodelphis_domestica_REV3_like_DNA_directed_polymerase_zeta_catalytic_subunit_REV3L_transcript_variant_X1_mRNA_1                 0.2540736 0.2845605 0.3597836 0.2654483 0.2397837 0.2495032 0.2549775 0.2597835 0.3031055 0.2654483 0.2728564 0.2677245 0.2494072 0.2720731 0.2467555 0.3168631 0.2895384 0.2837961 0.2543649 0.0000000 0.2557610 0.0876926 0.0594233 0.0618901 0.3283660 0.4310487 0.2717459 0.2711437 0.2529339 9.0000000 0.2905018 0.3351446 0.3152264 0.3494346 0.3098628 0.3541678 0.3070912 0.3732765 0.3164220 0.3179279 0.3260535 0.3327023 0.3077655 0.2689408 0.2686486 0.2680056 0.2657099 0.2521120 0.2405010 0.2402329 0.2430965 0.2430965 0.2517433 0.2397837 0.2723422 0.2798665 0.2731211 0.2430024 0.2810445 0.2627098 0.2696058 0.2430024 0.2410195 0.2386099 0.2437454 0.3347697 0.2447662 0.2495216 0.2606708 0.2519776 0.2495032 0.2541618 0.2632264 0.2566451 0.2539644 0.2598921 0.2639219 0.2639219 0.2589599 0.2340095 0.2265694 0.2328301 0.2278748 0.2277216 0.2278748 0.2339893 0.2340095 0.2277216 0.2302434 0.2312171 0.2220454 0.3176902 0.2937773 0.2624797 0.2310414 0.2494072 0.2419897 0.2869656 0.2766715 0.2699158 0.2839345 0.2678439 0.2985317 0.2812287 0.2733806 0.3376075 0.2688939 0.2809140 0.2773510 0.2601060 0.2569830 0.3798939 0.2328802 0.4316341 0.2594112 0.2710397 0.2627444 0.2627444 0.2627444 0.2622830 0.2620995 0.3332043 0.2666007 0.2576254 0.2687399 0.2526885 0.2535895 0.2509460 9.0000000 0.2667688 0.2578817 0.3330931 0.2441464 0.2494991 0.2564236 0.2500253 0.2897994 0.2719596 0.2646104 0.2659568 0.2593446 0.2597540 0.2600967 0.2395384 0.2754160 0.2604050 
XM_035296530_1_PREDICTED_Callithrix_jacchus_REV3_like_DNA_directed_polymerase_zeta_catalytic_subunit_REV3L_transcript_variant_X1_mRNA_1                    0.0262656 0.1523651 0.1881473 0.0319029 0.0709856 0.0767883 0.0234939 0.0911716 0.1198522 0.0319029 0.1044278 0.0850133 0.0646087 0.0932682 0.0653455 0.1203570 0.1047490 0.1107147 0.0759277 0.2557610 0.0000000 0.2553913 0.2160732 0.2383745 0.1342732 0.2143061 0.0879952 0.1138521 0.0691811 8.9999986 0.1404969 0.1420440 0.1434913 0.1854433 0.1443582 0.1767033 0.1426531 0.1668475 0.1389544 0.1365037 0.1037388 0.1059662 0.1115755 0.0744995 0.0726396 0.0727773 0.0724333 0.0826045 0.0808442 0.0857041 0.0824831 0.0824831 0.0832775 0.0709856 0.0832713 0.1122983 0.1081118 0.0658119 0.1059312 0.0895378 0.0849345 0.0709076 0.0694878 0.0710420 0.0722878 0.1317647 0.0724528 0.0722995 0.0886066 0.0783885 0.0767883 0.0768350 0.0837305 0.0805838 0.0889852 0.0728122 0.0836763 0.0836763 0.0804855 0.0734614 0.0734616 0.0718398 0.0749285 0.0764068 0.0749285 0.0766982 0.0734614 0.0699666 0.0715656 0.0785401 0.0748612 0.1294855 0.1017495 0.0892571 0.0778530 0.0646087 0.0627879 0.0913234 0.0913362 0.0880306 0.0931616 0.0887889 0.0843875 0.0891044 0.1062862 0.1338725 0.0932240 0.0951082 0.0990183 0.0662932 0.0775413 0.1938063 0.0696610 0.2329518 0.0332825 0.0320258 0.0277361 0.0305043 0.0305043 0.0318909 0.0318788 0.0754297 0.0276893 0.0248548 0.0304984 0.0248548 0.0276361 0.0141872 9.0000000 0.0209215 0.0154980 0.1545358 0.0532867 0.0518109 0.0830741 0.0814724 0.1330001 0.1038744 0.0778246 0.0773605 0.0794172 0.2997178 0.3161321 0.0552717 0.0968160 0.0749265 
XM_031964400_1_PREDICTED_Sarcophilus_harrisii_REV3_like_DNA_directed_polymerase_zeta_catalytic_subunit_REV3L_transcript_variant_X1_mRNA_1                  0.2456914 0.2979508 0.3671138 0.2592227 0.2607247 0.2768296 0.2465747 0.2898015 0.2834145 0.2592227 0.2803802 0.2797365 0.2657548 0.2790884 0.2633901 0.3052253 0.3055802 0.2831487 0.2628877 0.0876926 0.2553913 0.0000000 0.0643530 0.0668839 0.3238277 0.4217219 0.2707318 0.2752089 0.2489617 5.9899382 0.2940895 0.3432531 0.3130724 0.3564981 0.3102175 0.3420542 0.3060513 0.3724244 0.3112951 0.3163338 0.3308684 0.3389487 0.3254271 0.2665496 0.2714506 0.2707861 0.2613263 0.2794874 0.2671131 0.2677734 0.2698556 0.2698556 0.2739001 0.2607247 0.2798231 0.2925883 0.2859417 0.2608303 0.2946295 0.2804977 0.2769963 0.2608303 0.2587581 0.2562270 0.2616988 0.3445515 0.2596406 0.2677863 0.2727945 0.2794529 0.2768296 0.2784074 0.2837811 0.2736157 0.2764462 0.2795533 0.2813774 0.2813774 0.2761735 0.2653817 0.2551413 0.2611530 0.2661834 0.2638999 0.2661834 0.2709254 0.2653817 0.2584169 0.2611530 0.2676801 0.2543083 0.3401523 0.3035238 0.2877418 0.2496648 0.2657548 0.2633886 0.2934794 0.2973719 0.2968870 0.3062878 0.2948636 0.2965750 0.2885961 0.2736605 0.3424693 0.2821965 0.2906303 0.2903606 0.2731085 0.2656125 0.3886130 0.2588436 0.4527567 0.2543767 0.2627813 0.2543767 0.2564709 0.2564709 0.2516420 0.2537303 0.3215777 0.2583407 0.2492618 0.2656373 0.2492618 0.2501681 0.2450733 9.0000000 0.2643823 0.2598427 0.3301307 0.2528003 0.2475321 0.2874534 0.2625451 0.3128071 0.2783801 0.2645613 0.2817359 0.2753701 0.2469933 0.2438094 0.2502446 0.2857338 0.2692913 
XM_036766364_1_PREDICTED_Trichosurus_vulpecula_REV3_like_DNA_directed_polymerase_zeta_catalytic_subunit_REV3L_transcript_variant_X1_mRNA_1                 0.2071567 0.2677200 0.3267424 0.2170210 0.1985715 0.2142072 0.2078171 0.2157013 0.2651881 0.2170210 0.2444344 0.2298045 0.2130367 0.2335071 0.2147170 0.2758708 0.2450104 0.2442352 0.2122706 0.0594233 0.2160732 0.0643530 0.0000000 0.0302483 0.2811718 0.3761335 0.2371567 0.2434744 0.2032031 9.0000000 0.2569885 0.2922974 0.2645192 0.3279144 0.2712608 0.3012691 0.2684866 0.3209769 0.2769371 0.2728473 0.2742076 0.2847269 0.2600695 0.2307740 0.2304952 0.2280004 0.2261865 0.2214015 0.2104673 0.2110022 0.2129359 0.2129359 0.2210818 0.1985715 0.2299132 0.2433642 0.2446883 0.2011864 0.2438688 0.2248146 0.2273451 0.2011864 0.1992890 0.1970196 0.2017072 0.2977722 0.2024823 0.2070950 0.2186657 0.2165399 0.2142072 0.2203267 0.2219441 0.2160003 0.2185008 0.2199176 0.2217858 0.2217858 0.2171270 0.1975517 0.1904697 0.1941667 0.1985577 0.1965439 0.1985577 0.2023474 0.1975517 0.1918003 0.1941667 0.2010904 0.1883663 0.2871374 0.2591450 0.2364720 0.2069549 0.2130367 0.2060585 0.2445354 0.2423563 0.2346267 0.2443297 0.2266646 0.2517393 0.2438452 0.2368429 0.2965408 0.2333477 0.2390343 0.2434213 0.2193441 0.2146975 0.3485131 0.2000402 0.3919295 0.2095928 0.2201004 0.2125965 0.2145340 0.2145340 0.2121995 0.2120579 0.2761032 0.2183362 0.2102523 0.2200575 0.2056625 0.2063188 0.2115665 9.0000000 0.2212824 0.2178630 0.2943465 0.2062131 0.2013148 0.2239968 0.2130654 0.2584017 0.2384463 0.2197953 0.2196859 0.2143225 0.2241711 0.2351585 0.1973289 0.2423366 0.2142936 
XM_027848601_1_PREDICTED_Vombatus_ursinus_REV3_like_DNA_directed_polymerase_zeta_catalytic_subunit_REV3L_transcript_variant_X1_mRNA_1                      0.2243218 0.2800081 0.3456841 0.2395244 0.2152868 0.2314312 0.2250657 0.2457149 0.2872921 0.2395244 0.2577483 0.2476996 0.2349167 0.2537195 0.2318461 0.2985067 0.2637818 0.2519789 0.2294504 0.0618901 0.2383745 0.0668839 0.0302483 0.0000000 0.3017129 0.3960311 0.2480781 0.2559824 0.2275916 9.0000000 0.2730926 0.3155081 0.2891202 0.3355499 0.2849991 0.3302129 0.2821739 0.3510085 0.2888997 0.2846976 0.2902694 0.3008470 0.2756971 0.2513125 0.2529996 0.2504226 0.2436137 0.2391045 0.2277946 0.2224891 0.2252664 0.2252664 0.2387569 0.2152868 0.2478007 0.2548755 0.2580072 0.2229877 0.2497855 0.2405172 0.2451639 0.2229877 0.2210465 0.2187038 0.2236203 0.3056101 0.2245204 0.2292128 0.2359108 0.2338179 0.2314312 0.2377937 0.2395623 0.2385294 0.2359499 0.2453677 0.2471985 0.2471985 0.2423800 0.2195525 0.2101805 0.2159386 0.2204872 0.2184097 0.2204872 0.2245371 0.2195525 0.2134781 0.2159386 0.2233835 0.2098577 0.3117118 0.2828259 0.2567837 0.2216423 0.2349167 0.2277186 0.2649220 0.2572140 0.2441974 0.2551512 0.2410401 0.2774943 0.2623429 0.2491316 0.3226659 0.2535440 0.2592761 0.2640968 0.2365218 0.2319468 0.3418098 0.2231876 0.4040799 0.2318258 0.2427893 0.2349665 0.2369476 0.2369476 0.2345410 0.2343814 0.2900166 0.2359572 0.2275725 0.2426685 0.2275725 0.2283355 0.2337200 9.0000000 0.2439760 0.2403394 0.3076348 0.2178158 0.2182342 0.2417892 0.2293002 0.2629100 0.2564543 0.2290751 0.2390916 0.2269836 0.2305383 0.2390607 0.2179671 0.2556036 0.2337752 
