148
NM_001372078_1_Homo_sapiens_REV3_like_DNA_directed_polymerase_zeta_catalytic_subunit_REV3L_transcript_variant_4_mRNA_1                                     0.0000000 0.1545487 0.1633206 0.0151586 0.0630320 0.0804936 0.0033076 0.0736509 0.1198795 0.0134363 0.0803768 0.0671795 0.0790900 0.0690039 0.0694424 0.1158175 0.0704312 0.1007415 0.0729659 0.0330183 0.2304742 0.2423674 0.2119436 0.2161830 0.0964299 0.0891436 0.0825190 0.1599381 0.0664517 0.0977492 0.1496276 0.1423873 0.1137132 0.1705093 0.1698142 0.1594902 0.1629043 0.1188147 0.1140512 0.1166927 0.0922277 0.0734604 0.0664104 0.0633935 0.0670987 0.0670661 0.0651902 0.0700171 0.0657920 0.0678053 0.0680547 0.0657920 0.0679904 0.0804936 0.0712758 0.0675539 0.0758954 0.0650867 0.0746077 0.0853612 0.0802110 0.0759533 0.0712758 0.0717989 0.0718642 0.0718642 0.0653796 0.0673240 0.0672887 0.0652035 0.0606927 0.0630320 0.0610035 0.0573810 0.0568742 0.0629693 0.0587330 0.0566019 0.0782190 0.0702400 0.0702400 0.0626273 0.0645425 0.0666895 0.0690338 0.0686145 0.0666301 0.0666301 0.0666301 0.0648080 0.0668524 0.0647215 0.0685883 0.1196445 0.1194404 0.0853326 0.0695736 0.0770251 0.0788199 0.0769282 0.0631800 0.0711138 0.0644014 0.0671271 0.0671334 0.1853036 0.0736569 0.0689449 0.0732921 0.0712734 0.0690039 0.0724647 0.0749822 0.1454388 0.0585996 0.1443686 0.0100129 0.0134093 0.0134084 0.0151457 0.0134033 0.0134033 0.0134498 0.0134207 0.0100337 0.0016439 0.0049768 0.0049569 0.0016439 0.0275853 0.0293394 0.0293394 0.0313705 0.0745797 0.0371349 0.0533879 0.0706364 0.0939224 0.1218785 0.0934507 0.0949113 0.0834331 0.0724877 0.2905181 0.2740283 0.0654879 0.0686420 0.0743549 
NM_011264_3_Mus_musculus_REV3_like_DNA_directed_polymerase_zeta_catalytic_subunit_Rev3l_mRNA_1                                                             0.1545487 0.0000000 0.0687379 0.1614165 0.1646336 0.1909751 0.1521311 0.1734515 0.0794820 0.1588624 0.1853143 0.1667333 0.1644705 0.1695361 0.1486899 0.0736320 0.1638772 0.1477007 0.1732337 0.1569208 0.3362555 0.3203946 0.2852900 0.3011306 0.1995030 0.1859283 0.1763440 0.0065013 0.1279199 0.1730850 0.0217738 0.0981975 0.1586822 0.0694176 0.0589300 0.0604893 0.0529863 0.0835381 0.0947950 0.0951543 0.1948680 0.1631077 0.1615574 0.1545732 0.1537497 0.1510090 0.1516213 0.1828609 0.1772655 0.1797621 0.1805353 0.1772655 0.1803467 0.1909751 0.1617358 0.1815124 0.1858683 0.1727589 0.1919459 0.1869890 0.1902026 0.1847633 0.1617358 0.1822069 0.1823941 0.1823941 0.1735805 0.1783245 0.1782279 0.1730275 0.1552479 0.1646336 0.1620582 0.1611623 0.1512285 0.1558282 0.1562657 0.1533141 0.1771313 0.1652349 0.1652349 0.1687762 0.1684194 0.1637938 0.1722831 0.1661108 0.1686952 0.1686952 0.1686952 0.1718664 0.1744878 0.1689473 0.1735228 0.2037858 0.2228630 0.1844384 0.1763612 0.1670559 0.1749140 0.1738313 0.1553833 0.1597647 0.1497104 0.1624909 0.1650056 0.3242784 0.1838539 0.1769544 0.1751841 0.1778305 0.1695361 0.1820759 0.1732337 0.2479009 0.1472073 0.2454806 0.1536315 0.1584540 0.1584469 0.1588624 0.1583721 0.1583721 0.1566767 0.1512834 0.1540318 0.1517060 0.1546596 0.1517060 0.1517060 0.1519682 0.1517885 0.1517885 0.1579848 0.1734702 0.1403072 0.1574706 0.1999434 0.1889548 0.2108143 0.1816930 0.1933986 0.1888414 0.1916957 0.3571821 0.3499481 0.1803090 0.1796764 0.1791766 
XM_006256524_2_PREDICTED_Rattus_norvegicus_REV3_like_DNA_directed_polymerase_zeta_catalytic_subunit_Rev3l_transcript_variant_X1_mRNA_1                     0.1633206 0.0687379 0.0000000 0.1729494 0.1633417 0.2034910 0.1608488 0.1829172 0.0861773 0.1703194 0.1978500 0.1757720 0.1761235 0.1812442 0.1511369 0.0843553 0.1649191 0.1464709 0.1772171 0.1606413 0.3619952 0.3625761 0.3315940 0.3482174 0.2078239 0.1939488 0.1857749 0.0728739 0.1429550 0.1704278 0.0670589 0.1115472 0.1600012 0.0115267 0.0814370 0.0874444 0.0749777 0.1057103 0.0996618 0.1000431 0.1879638 0.1641529 0.1625807 0.1609205 0.1600468 0.1572431 0.1578907 0.1870249 0.1813368 0.1838686 0.1846699 0.1813368 0.1844751 0.2034910 0.1706599 0.1884541 0.1984600 0.1767250 0.1962752 0.1995759 0.2026482 0.2025398 0.1706599 0.1863477 0.1865412 0.1865412 0.1800807 0.1823798 0.1770054 0.1770024 0.1624252 0.1633417 0.1607533 0.1572470 0.1602871 0.1595098 0.1599636 0.1569591 0.1814584 0.1745175 0.1745175 0.1701253 0.1647331 0.1702144 0.1788956 0.1725701 0.1752060 0.1752060 0.1752060 0.1732513 0.1759001 0.1754708 0.1698441 0.2044192 0.2250017 0.1869694 0.1788227 0.1787861 0.1893086 0.1830089 0.1566617 0.1712108 0.1583953 0.1689125 0.1791842 0.3570441 0.1907364 0.1941982 0.1870864 0.1845686 0.1812442 0.1995962 0.1772171 0.2590283 0.1511242 0.2535272 0.1649183 0.1698696 0.1698630 0.1703194 0.1697808 0.1697808 0.1680896 0.1625089 0.1653586 0.1603896 0.1634399 0.1629747 0.1603896 0.1606703 0.1604766 0.1604766 0.1693452 0.1837207 0.1427085 0.1523572 0.1998101 0.1963377 0.2047086 0.1924742 0.2006468 0.2010107 0.1932150 0.3770723 0.3474730 0.1846620 0.1917568 0.1860874 
XM_028847034_1_PREDICTED_Macaca_mulatta_REV3_like_DNA_directed_polymerase_zeta_catalytic_subunit_REV3L_transcript_variant_X1_mRNA_1                        0.0151586 0.1614165 0.1729494 0.0000000 0.0729635 0.0780377 0.0151828 0.0796523 0.1310067 0.0016374 0.0843627 0.0669848 0.0856172 0.0729008 0.0795442 0.1269130 0.0850704 0.1137549 0.0747186 0.0384002 0.2384791 0.2503319 0.2196960 0.2239162 0.1093606 0.1018188 0.0886476 0.1668693 0.0763664 0.1063100 0.1564525 0.1527034 0.1224151 0.1803451 0.1740189 0.1714226 0.1698803 0.1356416 0.1204902 0.1278813 0.1036296 0.0883988 0.0809077 0.0692571 0.0771136 0.0770759 0.0710539 0.0759892 0.0717109 0.0737423 0.0740144 0.0717109 0.0739444 0.0780377 0.0751712 0.0692949 0.0845708 0.0730459 0.0785851 0.0894079 0.0799727 0.0757291 0.0751712 0.0757227 0.0757916 0.0757916 0.0692506 0.0712021 0.0711648 0.0690637 0.0705245 0.0729635 0.0708906 0.0672513 0.0666518 0.0728888 0.0685308 0.0663313 0.0862686 0.0781839 0.0781839 0.0681017 0.0700198 0.0721884 0.0745681 0.0741161 0.0721243 0.0721243 0.0721243 0.0703079 0.0723649 0.0702132 0.0740876 0.1146896 0.1285893 0.0910480 0.0755337 0.0835172 0.0853216 0.0850293 0.0670518 0.0750276 0.0661804 0.0710199 0.0751248 0.1979844 0.0796580 0.0748507 0.0772266 0.0751967 0.0729008 0.0809506 0.0767348 0.1447431 0.0688772 0.1462649 0.0082961 0.0066212 0.0049498 0.0066264 0.0049480 0.0049480 0.0117006 0.0116754 0.0083132 0.0134147 0.0169171 0.0134147 0.0134147 0.0329030 0.0346696 0.0346696 0.0329440 0.0763699 0.0464000 0.0631689 0.0729518 0.0930486 0.1332173 0.1065655 0.1055355 0.0852736 0.0827818 0.2984371 0.2884127 0.0693651 0.0748270 0.0866983 
XM_024996589_1_PREDICTED_Bos_taurus_REV3_like_DNA_directed_polymerase_zeta_catalytic_subunit_REV3L_transcript_variant_X1_mRNA_1                            0.0630320 0.1646336 0.1633417 0.0729635 0.0000000 0.0776423 0.0586345 0.0565106 0.1244772 0.0708881 0.0817380 0.0685967 0.0788186 0.0723566 0.0793987 0.1203963 0.0873844 0.1089828 0.0686310 0.0690736 0.2263552 0.2537100 0.2167327 0.2361048 0.1142308 0.1111526 0.0956231 0.1701455 0.0766597 0.1131543 0.1570680 0.1617245 0.1251324 0.1756986 0.1865699 0.1696673 0.1652462 0.1468154 0.1270511 0.1297774 0.1076601 0.0930611 0.0748748 0.0690882 0.0671848 0.0671521 0.0693401 0.0612927 0.0591601 0.0571460 0.0613498 0.0591601 0.0593186 0.0776423 0.0726726 0.0709783 0.0819377 0.0585339 0.0718297 0.0698623 0.0773727 0.0773348 0.0726726 0.0610252 0.0650960 0.0650960 0.0587933 0.0606998 0.0606685 0.0586375 0.0204718 0.0000010 0.0016416 0.0000010 0.0117555 0.0204366 0.0168817 0.0151182 0.0595797 0.0597432 0.0597432 0.0408674 0.0389483 0.0446729 0.0467857 0.0465106 0.0446342 0.0446342 0.0446342 0.0428636 0.0447777 0.0428264 0.0427110 0.1229623 0.1158378 0.0908432 0.0791391 0.0767612 0.0785503 0.0741764 0.0605879 0.0724811 0.0559364 0.0645035 0.0685495 0.1950576 0.0729606 0.0742918 0.0766465 0.0746326 0.0723566 0.0738404 0.0706229 0.1475725 0.0668716 0.1462779 0.0667163 0.0707317 0.0707264 0.0708881 0.0706974 0.0706974 0.0709691 0.0707976 0.0668682 0.0608950 0.0606391 0.0648994 0.0608950 0.0670195 0.0689449 0.0689449 0.0731421 0.0976966 0.0448030 0.0614849 0.0945482 0.1070484 0.1252542 0.1013867 0.0961295 0.0829544 0.0646033 0.2989261 0.2823853 0.0689132 0.0658133 0.0798335 
XM_014118216_3_PREDICTED_Canis_lupus_familiaris_REV3_like_DNA_directed_polymerase_zeta_catalytic_subunit_REV3L_transcript_variant_X1_mRNA_1                0.0804936 0.1909751 0.2034910 0.0780377 0.0776423 0.0000000 0.0784008 0.0838507 0.1479187 0.0759130 0.0499499 0.0384861 0.0906113 0.0733205 0.1007017 0.1460533 0.1063174 0.1364070 0.0800245 0.0933947 0.2258403 0.2440439 0.2179976 0.2314448 0.1275806 0.1242975 0.1056377 0.1846115 0.0970061 0.1372848 0.1894931 0.1707987 0.1330169 0.2096109 0.1988795 0.1986947 0.1942784 0.1642989 0.1495061 0.1524698 0.1281851 0.1102347 0.1018943 0.0938827 0.0936126 0.0935656 0.0893075 0.0331088 0.0294334 0.0312258 0.0313323 0.0294334 0.0313048 0.0000010 0.0384821 0.0442658 0.0500637 0.0366001 0.0388816 0.0445792 0.0033010 0.0032995 0.0384821 0.0443334 0.0443716 0.0443716 0.0330841 0.0348665 0.0348494 0.0330006 0.0772663 0.0776423 0.0755326 0.0741431 0.0753483 0.0797131 0.0793750 0.0770764 0.0805529 0.0787996 0.0787996 0.0690228 0.0709671 0.0772925 0.0732428 0.0751228 0.0731028 0.0731028 0.0731028 0.0712630 0.0692524 0.0711924 0.0709697 0.1297741 0.1237676 0.1011535 0.0824366 0.0884737 0.0902942 0.0836397 0.0716852 0.0840248 0.0686434 0.0757460 0.0735719 0.2041119 0.0801224 0.0752819 0.0776741 0.0756319 0.0733205 0.0711373 0.0820893 0.1600768 0.0845906 0.1501006 0.0695248 0.0736350 0.0777823 0.0779636 0.0777498 0.0757053 0.0760480 0.0778619 0.0738392 0.0782065 0.0805452 0.0782065 0.0782065 0.0911935 0.0932145 0.0932145 0.0940174 0.1028055 0.0650219 0.0832393 0.1034109 0.1131872 0.1265981 0.1085772 0.1021391 0.0885272 0.0768999 0.2980778 0.2814074 0.0423734 0.0733061 0.0849080 
XM_016956167_2_PREDICTED_Pan_troglodytes_REV3_like_DNA_directed_polymerase_zeta_catalytic_subunit_REV3L_transcript_variant_X1_mRNA_1                       0.0033076 0.1521311 0.1608488 0.0151828 0.0586345 0.0784008 0.0000000 0.0690547 0.1176238 0.0134578 0.0782872 0.0651670 0.0770357 0.0669893 0.0674146 0.1135701 0.0684265 0.0985469 0.0709372 0.0330713 0.2275227 0.2394127 0.2091110 0.2133513 0.0964030 0.0891189 0.0804196 0.1574931 0.0644624 0.0955819 0.1472295 0.1400181 0.1136819 0.1679808 0.1673325 0.1570523 0.1604411 0.1165427 0.1118018 0.1144263 0.0923841 0.0735821 0.0644230 0.0589681 0.0650891 0.0650575 0.0631858 0.0679712 0.0637682 0.0657735 0.0660149 0.0637682 0.0659526 0.0784008 0.0692449 0.0655301 0.0738324 0.0630854 0.0725300 0.0832333 0.0781260 0.0738884 0.0692449 0.0697526 0.0698159 0.0698159 0.0633687 0.0653070 0.0652729 0.0631984 0.0583406 0.0586345 0.0566408 0.0530531 0.0525900 0.0585775 0.0544261 0.0523406 0.0761890 0.0682401 0.0682401 0.0606496 0.0625588 0.0646925 0.0670179 0.0666116 0.0646350 0.0646350 0.0646350 0.0628155 0.0648501 0.0627322 0.0665863 0.1173151 0.1171146 0.0853088 0.0695542 0.0749796 0.0767732 0.0748859 0.0611845 0.0690882 0.0643836 0.0651166 0.0651230 0.1852440 0.0736364 0.0689257 0.0712536 0.0692427 0.0669893 0.0704504 0.0729457 0.1453991 0.0564391 0.1443295 0.0100289 0.0134307 0.0134298 0.0151699 0.0134247 0.0134247 0.0134713 0.0134421 0.0100497 0.0016465 0.0016400 0.0049648 0.0016465 0.0276296 0.0293864 0.0293864 0.0314212 0.0725542 0.0371952 0.0534763 0.0707834 0.0938962 0.1218446 0.0934242 0.0948851 0.0834102 0.0698815 0.2904329 0.2739471 0.0634737 0.0685175 0.0743340 
XM_021091238_1_PREDICTED_Sus_scrofa_REV3_like_DNA_directed_polymerase_zeta_catalytic_subunit_REV3L_transcript_variant_X1_mRNA_1                            0.0736509 0.1734515 0.1829172 0.0796523 0.0565106 0.0838507 0.0690547 0.0000000 0.1493861 0.0775315 0.0886102 0.0835181 0.0898727 0.0831709 0.0975815 0.1451825 0.1004122 0.1281479 0.0899787 0.0905757 0.2433151 0.2776657 0.2393880 0.2497923 0.1165775 0.1157969 0.0984546 0.1791005 0.0918855 0.1360087 0.1720056 0.1733540 0.1344054 0.1932118 0.1988825 0.1889715 0.1822087 0.1580477 0.1508306 0.1537819 0.1249643 0.1062751 0.0918164 0.0841303 0.0842523 0.0842106 0.0844444 0.0775633 0.0732934 0.0753189 0.0755957 0.0732934 0.0755245 0.0838507 0.0877587 0.0818098 0.0888301 0.0730645 0.0865598 0.0867157 0.0835582 0.0793081 0.0877587 0.0757704 0.0800178 0.0800178 0.0775332 0.0773947 0.0731989 0.0773218 0.0562291 0.0565106 0.0545330 0.0530568 0.0505186 0.0545287 0.0543040 0.0522242 0.0698868 0.0660526 0.0660526 0.0584875 0.0564520 0.0585155 0.0585719 0.0604084 0.0584639 0.0584639 0.0584639 0.0606301 0.0626471 0.0566077 0.0584101 0.1432168 0.1381756 0.1017804 0.0896793 0.0835037 0.0875387 0.0892169 0.0710845 0.0791175 0.0661738 0.0792747 0.0834534 0.2113680 0.0774796 0.0851505 0.0876185 0.0855490 0.0831709 0.0851092 0.0920696 0.1535627 0.0815737 0.1594725 0.0732631 0.0773580 0.0773522 0.0775315 0.0773201 0.0773201 0.0776214 0.0774309 0.0734322 0.0714274 0.0711236 0.0714274 0.0714274 0.0841190 0.0840298 0.0840298 0.0889402 0.1086594 0.0646309 0.0827189 0.0999754 0.1169284 0.1379160 0.1058880 0.1144553 0.0964168 0.0801124 0.2931402 0.2831640 0.0796801 0.0846402 0.0953442 
XM_040758199_1_PREDICTED_Mesocricetus_auratus_REV3_like_DNA_directed_polymerase_zeta_catalytic_subunit_Rev3l_transcript_variant_X1_mRNA_1                  0.1198795 0.0794820 0.0861773 0.1310067 0.1244772 0.1479187 0.1176238 0.1493861 0.0000000 0.1286209 0.1432705 0.1312006 0.1315279 0.1359210 0.1199372 0.0150208 0.1285550 0.1027335 0.1297284 0.1174969 0.3042053 0.3050027 0.2671783 0.2925037 0.1558473 0.1438844 0.1284944 0.0837781 0.0891507 0.1319764 0.0757964 0.0539974 0.1146016 0.0912722 0.1026938 0.1053092 0.0833424 0.0445429 0.0439169 0.0459275 0.1533306 0.1259843 0.1193361 0.1152283 0.1146581 0.1121911 0.1126232 0.1358483 0.1308340 0.1331329 0.1336683 0.1308340 0.1335336 0.1479187 0.1194344 0.1374048 0.1436657 0.1268804 0.1389561 0.1444378 0.1473567 0.1472803 0.1194344 0.1377041 0.1378389 0.1378389 0.1274470 0.1295914 0.1295212 0.1270711 0.1260604 0.1244772 0.1221194 0.1186204 0.1193342 0.1258064 0.1215541 0.1189091 0.1412778 0.1347801 0.1347801 0.1284193 0.1281696 0.1309948 0.1340051 0.1284868 0.1308693 0.1308693 0.1308693 0.1311475 0.1335491 0.1332526 0.1328618 0.1737589 0.1713549 0.1490681 0.1301671 0.1292017 0.1339294 0.1194169 0.1193823 0.1260944 0.1188048 0.1214801 0.1269728 0.2784149 0.1442069 0.1428740 0.1410876 0.1387818 0.1359210 0.1454040 0.1320065 0.2053638 0.1126383 0.2144226 0.1237688 0.1236587 0.1283014 0.1286209 0.1282440 0.1282440 0.1287784 0.1284355 0.1240752 0.1173151 0.1199610 0.1218747 0.1173151 0.1175129 0.1195987 0.1195987 0.1252795 0.1436713 0.0959823 0.1064346 0.1287074 0.1660871 0.1687122 0.1450268 0.1633586 0.1517173 0.1414182 0.3511019 0.3299130 0.1365565 0.1454458 0.1448238 
XM_015448392_1_PREDICTED_Macaca_fascicularis_REV3_like_DNA_directed_polymerase_zeta_catalytic_subunit_REV3L_transcript_variant_X1_mRNA_1                   0.0134363 0.1588624 0.1703194 0.0016374 0.0708881 0.0759130 0.0134578 0.0775315 0.1286209 0.0000000 0.0822061 0.0689802 0.0834731 0.0708276 0.0774268 0.1245380 0.0829424 0.1114351 0.0767348 0.0365512 0.2353123 0.2471561 0.2166674 0.2208866 0.1070600 0.0995714 0.0864690 0.1642832 0.0742913 0.1040395 0.1539219 0.1501733 0.1200604 0.1776499 0.1714042 0.1688214 0.1672731 0.1331963 0.1181375 0.1254852 0.1013379 0.0862268 0.0788004 0.0671908 0.0750168 0.0749802 0.0689849 0.0738744 0.0696215 0.0716433 0.0719070 0.0696215 0.0718391 0.0759130 0.0730807 0.0672272 0.0824081 0.0709680 0.0764441 0.0872086 0.0778423 0.0736219 0.0730807 0.0736160 0.0736828 0.0736828 0.0671842 0.0691283 0.0690921 0.0670034 0.0684724 0.0708881 0.0688265 0.0651942 0.0646147 0.0708160 0.0664877 0.0643046 0.0841538 0.0761050 0.0761050 0.0660724 0.0679834 0.0701371 0.0724960 0.0720576 0.0700749 0.0700749 0.0700749 0.0682622 0.0703079 0.0681708 0.0720301 0.1169691 0.1261378 0.0888532 0.0775724 0.0813835 0.0831858 0.0829022 0.0650017 0.0729419 0.0641585 0.0689521 0.0730365 0.1948219 0.0775373 0.0727703 0.0751262 0.0731056 0.0708276 0.0788413 0.0787583 0.1470586 0.0627396 0.1485716 0.0066183 0.0049520 0.0032906 0.0049559 0.0032894 0.0032894 0.0100009 0.0099794 0.0066319 0.0117048 0.0151825 0.0117048 0.0117048 0.0310832 0.0328432 0.0328432 0.0311220 0.0742944 0.0444887 0.0611344 0.0703416 0.0908454 0.1307834 0.1042446 0.1032823 0.0831402 0.0806205 0.2949678 0.2849856 0.0672952 0.0727469 0.0845250 
XM_004753515_2_PREDICTED_Mustela_putorius_furo_REV3_like_polymerase_DNA_directed_zeta_catalytic_subunit_REV3L_transcript_variant_X1_mRNA_1                 0.0803768 0.1853143 0.1978500 0.0843627 0.0817380 0.0499499 0.0782872 0.0886102 0.1432705 0.0822061 0.0000000 0.0366161 0.0904795 0.0815079 0.1005121 0.1390556 0.1017778 0.1220289 0.0820802 0.1020537 0.2402726 0.2492920 0.2227353 0.2363559 0.1290102 0.1257311 0.1094410 0.1842330 0.0882593 0.1345399 0.1839038 0.1479779 0.1329288 0.2038984 0.2046556 0.1799254 0.1943747 0.1541244 0.1300932 0.1329022 0.1185053 0.1100693 0.1017848 0.0873710 0.0848550 0.0848126 0.0828740 0.0482648 0.0444015 0.0462674 0.0464286 0.0444015 0.0463869 0.0499499 0.0421397 0.0221445 0.0066521 0.0439614 0.0485351 0.0501475 0.0497842 0.0459708 0.0421397 0.0480612 0.0481026 0.0481026 0.0441334 0.0459518 0.0459290 0.0440207 0.0730404 0.0817380 0.0796097 0.0782430 0.0752407 0.0774795 0.0813056 0.0789961 0.0804689 0.0745826 0.0745826 0.0813281 0.0791420 0.0813681 0.0838640 0.0833454 0.0812943 0.0812943 0.0812943 0.0836625 0.0858110 0.0752222 0.0791448 0.1383319 0.1356654 0.1033262 0.0887766 0.0883452 0.0859114 0.0726948 0.0757149 0.0818070 0.0727384 0.0777524 0.0715148 0.2032443 0.0884780 0.0834920 0.0859568 0.0838838 0.0815079 0.0876986 0.0841523 0.1600834 0.0916587 0.1587241 0.0799170 0.0798807 0.0840847 0.0842822 0.0840493 0.0819794 0.0843812 0.0841710 0.0801039 0.0780934 0.0804282 0.0823025 0.0780934 0.0953970 0.0974269 0.0974269 0.0982686 0.1139008 0.0689981 0.0874436 0.1148399 0.1085081 0.1211052 0.1167565 0.0968841 0.0991860 0.0831494 0.3145856 0.2905665 0.0239011 0.0773278 0.0830196 
XM_034668992_1_PREDICTED_Ailuropoda_melanoleuca_REV3_like_DNA_directed_polymerase_zeta_catalytic_subunit_REV3L_transcript_variant_X1_mRNA_1                0.0671795 0.1667333 0.1757720 0.0669848 0.0685967 0.0384861 0.0651670 0.0835181 0.1312006 0.0689802 0.0366161 0.0000000 0.0765794 0.0684082 0.0907771 0.1271014 0.1007188 0.1115362 0.0668261 0.0880227 0.2295101 0.2431935 0.2232295 0.2338698 0.1214087 0.1182362 0.0973221 0.1657931 0.0789679 0.1183731 0.1652743 0.1560901 0.1214934 0.1814456 0.1939460 0.1689977 0.1749346 0.1413786 0.1254727 0.1282006 0.1219054 0.1044319 0.0920556 0.0779877 0.0755827 0.0755455 0.0736445 0.0329869 0.0293255 0.0311113 0.0312170 0.0293255 0.0311897 0.0384861 0.0133163 0.0327904 0.0366976 0.0326112 0.0368339 0.0424721 0.0383598 0.0346782 0.0133163 0.0364823 0.0365132 0.0365132 0.0291508 0.0309021 0.0308873 0.0290782 0.0662138 0.0685967 0.0665537 0.0651328 0.0623841 0.0685277 0.0682424 0.0660535 0.0755997 0.0698128 0.0698128 0.0682615 0.0661731 0.0723585 0.0747447 0.0742906 0.0722940 0.0722940 0.0722940 0.0704736 0.0725357 0.0623696 0.0661754 0.1162525 0.1199545 0.0911818 0.0690791 0.0745369 0.0808381 0.0764523 0.0668092 0.0747532 0.0659684 0.0667159 0.0667222 0.1885478 0.0750314 0.0703334 0.0726551 0.0706548 0.0684082 0.0703243 0.0688160 0.1529940 0.0767097 0.1421574 0.0668051 0.0667754 0.0708208 0.0709829 0.0707917 0.0707917 0.0710642 0.0708922 0.0669574 0.0650102 0.0672211 0.0690590 0.0650102 0.0816274 0.0835997 0.0835997 0.0800835 0.1067627 0.0563918 0.0694019 0.0998532 0.1050534 0.1158469 0.1085057 0.0921458 0.0832891 0.0739124 0.3104243 0.2934033 0.0309751 0.0643878 0.0779636 
XM_015600069_2_PREDICTED_Pteropus_alecto_REV3_like_DNA_directed_polymerase_zeta_catalytic_subunit_REV3L_transcript_variant_X1_mRNA_1                       0.0790900 0.1644705 0.1761235 0.0856172 0.0788186 0.0906113 0.0770357 0.0898727 0.1315279 0.0834731 0.0904795 0.0765794 0.0000000 0.0619637 0.1039324 0.1321512 0.1088940 0.1117485 0.0807706 0.0987914 0.2197790 0.2549613 0.2266800 0.2341320 0.1217648 0.1115681 0.1039966 0.1699754 0.0851689 0.1323588 0.1630009 0.1581101 0.1295390 0.1861534 0.1916108 0.1796585 0.1726473 0.1458960 0.1350477 0.1378537 0.1293108 0.1099736 0.0957822 0.0907386 0.0839385 0.0881702 0.0862426 0.0884263 0.0840207 0.0860971 0.0864187 0.0840207 0.0863361 0.0906113 0.0807220 0.0836272 0.0880536 0.0667042 0.0847815 0.0979191 0.0902921 0.0859576 0.0807220 0.0734162 0.0693507 0.0693507 0.0710692 0.0730209 0.0729827 0.0708775 0.0722557 0.0788186 0.0767239 0.0753544 0.0724291 0.0746002 0.0784067 0.0761398 0.0880081 0.0840726 0.0840726 0.0784283 0.0762788 0.0784664 0.0851145 0.0845921 0.0825538 0.0825538 0.0825538 0.0807193 0.0828336 0.0743394 0.0804159 0.1258885 0.1353574 0.1067144 0.0856968 0.0049644 0.0205291 0.0578974 0.0583639 0.0618424 0.0634893 0.0582826 0.0661470 0.1805129 0.0643989 0.0599196 0.0661055 0.0641442 0.0619637 0.0694408 0.0828080 0.1653517 0.0859749 0.1639356 0.0811950 0.0769819 0.0853371 0.0855362 0.0853014 0.0853014 0.0856359 0.0812040 0.0813835 0.0768481 0.0791398 0.0768481 0.0768481 0.0922410 0.0899627 0.0899627 0.0950479 0.1224498 0.0683626 0.0819338 0.1104973 0.1026780 0.1202467 0.1013115 0.1052185 0.0887867 0.0812271 0.3037126 0.2906194 0.0814944 0.0787814 0.0844096 
XM_005883745_2_PREDICTED_Myotis_brandtii_REV3_like_polymerase_DNA_directed_zeta_catalytic_subunit_REV3L_transcript_variant_X1_mRNA_1                       0.0690039 0.1695361 0.1812442 0.0729008 0.0723566 0.0733205 0.0669893 0.0831709 0.1359210 0.0708276 0.0815079 0.0684082 0.0619637 0.0000000 0.0840208 0.1365665 0.0981755 0.1125223 0.0726987 0.0814358 0.2211095 0.2571139 0.2205763 0.2338469 0.1085557 0.1131320 0.1018733 0.1751002 0.0827023 0.1232559 0.1707984 0.1565405 0.1273144 0.1884644 0.1916636 0.1848511 0.1777969 0.1466675 0.1372629 0.1400830 0.1271824 0.1107172 0.0916335 0.0882372 0.0857457 0.0857034 0.0837881 0.0753478 0.0711094 0.0731226 0.0733903 0.0711094 0.0733213 0.0733205 0.0724719 0.0707818 0.0817064 0.0603941 0.0757661 0.0822156 0.0730673 0.0689271 0.0724719 0.0623754 0.0624306 0.0624306 0.0646496 0.0665716 0.0665371 0.0644774 0.0699425 0.0723566 0.0703025 0.0668529 0.0661028 0.0722832 0.0679411 0.0657632 0.0733343 0.0695058 0.0695058 0.0720026 0.0698998 0.0761214 0.0785348 0.0780578 0.0760536 0.0760536 0.0760536 0.0742350 0.0763082 0.0679875 0.0739597 0.1253032 0.1202289 0.1039100 0.0811076 0.0600003 0.0617590 0.0634937 0.0408496 0.0482930 0.0440836 0.0407923 0.0389142 0.1783591 0.0256369 0.0150647 0.0033007 0.0049650 0.0000010 0.0405541 0.0747067 0.1511180 0.0763612 0.1546220 0.0686452 0.0645705 0.0726664 0.0728327 0.0726366 0.0726366 0.0688442 0.0686785 0.0688016 0.0668282 0.0690467 0.0668282 0.0668282 0.0792916 0.0771010 0.0771010 0.0777459 0.1063498 0.0600768 0.0751812 0.1067738 0.1135855 0.1251770 0.1103518 0.1026421 0.0801100 0.0703631 0.2883874 0.2792531 0.0687229 0.0681175 0.0860405 
XM_006157005_3_PREDICTED_Tupaia_chinensis_REV3_like_DNA_directed_polymerase_zeta_catalytic_subunit_REV3L_transcript_variant_X3_mRNA_1                      0.0694424 0.1486899 0.1511369 0.0795442 0.0793987 0.1007017 0.0674146 0.0975815 0.1199372 0.0774268 0.1005121 0.0907771 0.1039324 0.0840208 0.0000000 0.1180322 0.1030321 0.1074163 0.0930240 0.0904500 0.2763796 0.2826121 0.2451175 0.2606219 0.1074779 0.1087177 0.0931990 0.1491033 0.0807786 0.0982589 0.1412481 0.1517035 0.1243290 0.1603486 0.1704660 0.1367353 0.1595811 0.1371260 0.1210509 0.1284781 0.1269312 0.1060553 0.0943212 0.0883901 0.0858940 0.0858516 0.0839335 0.0940403 0.0895172 0.0916419 0.0919907 0.0895172 0.0919013 0.1007017 0.0907672 0.0934167 0.1007686 0.0864418 0.0966898 0.1059120 0.1003393 0.0958505 0.0907672 0.0937010 0.0937886 0.0937886 0.0889461 0.0909769 0.0909282 0.0886979 0.0815161 0.0793987 0.0772881 0.0759130 0.0729598 0.0751480 0.0748318 0.0725790 0.0913507 0.0811211 0.0811211 0.0815355 0.0835218 0.0857819 0.0798703 0.0835583 0.0815014 0.0815014 0.0815014 0.0838771 0.0860317 0.0837576 0.0877754 0.1371572 0.1266388 0.1125061 0.1019254 0.1017307 0.1012159 0.0879271 0.0774613 0.0813865 0.0745101 0.0773529 0.0863917 0.2067014 0.0998273 0.0946103 0.0885206 0.0864281 0.0840208 0.0940699 0.0908223 0.1829440 0.0716688 0.1891319 0.0731652 0.0772538 0.0772480 0.0774268 0.0772160 0.0772160 0.0775165 0.0773265 0.0733338 0.0672514 0.0694858 0.0713320 0.0672514 0.0840036 0.0839147 0.0839147 0.0845444 0.1049129 0.0565509 0.0740979 0.0946358 0.1340490 0.1464480 0.1235250 0.1196365 0.1094260 0.0943312 0.3172733 0.2841398 0.0912094 0.0861288 0.1047458 
XM_027402162_2_PREDICTED_Cricetulus_griseus_REV3_like_DNA_directed_polymerase_zeta_catalytic_subunit_Rev3l_transcript_variant_X5_mRNA_1                    0.1158175 0.0736320 0.0843553 0.1269130 0.1203963 0.1460533 0.1135701 0.1451825 0.0150208 0.1245380 0.1390556 0.1271014 0.1321512 0.1365665 0.1180322 0.0000000 0.1266522 0.1052890 0.1256094 0.1134491 0.2992650 0.3068785 0.2716519 0.2971783 0.1589451 0.1468374 0.1312907 0.0778722 0.0915770 0.1348248 0.0699567 0.0483865 0.1172743 0.0894281 0.0986804 0.0991676 0.0774653 0.0372034 0.0421775 0.0441799 0.1513489 0.1240548 0.1174397 0.1087776 0.1082434 0.1058111 0.1062172 0.1316674 0.1266807 0.1289724 0.1294905 0.1266807 0.1293599 0.1460533 0.1199922 0.1332404 0.1394380 0.1227870 0.1396316 0.1401887 0.1405988 0.1454221 0.1199922 0.1335306 0.1336613 0.1336613 0.1233347 0.1254770 0.1254087 0.1229717 0.1219952 0.1203963 0.1180496 0.1145333 0.1152910 0.1239107 0.1175036 0.1148810 0.1371848 0.1306978 0.1306978 0.1243429 0.1241020 0.1269022 0.1298834 0.1244088 0.1267806 0.1267806 0.1267806 0.1270485 0.1294394 0.1291532 0.1287749 0.1693689 0.1722262 0.1398702 0.1355245 0.1298127 0.1345660 0.1199742 0.1199394 0.1266857 0.1193565 0.1220473 0.1297704 0.2731958 0.1449021 0.1435564 0.1417629 0.1394450 0.1365665 0.1461006 0.1278804 0.2092525 0.1028498 0.2126041 0.1197125 0.1242369 0.1242293 0.1245380 0.1241738 0.1241738 0.1246906 0.1243595 0.1200083 0.1132728 0.1113131 0.1132728 0.1132728 0.1134642 0.1155475 0.1155475 0.1211733 0.1417771 0.0941255 0.1090102 0.1380575 0.1617801 0.1718561 0.1431366 0.1591217 0.1476293 0.1420445 0.3454770 0.3243056 0.1324193 0.1412920 0.1380897 
XM_013069186_2_PREDICTED_Heterocephalus_glaber_REV3_like_DNA_directed_polymerase_zeta_catalytic_subunit_Rev3l_transcript_variant_X1_mRNA_1                 0.0704312 0.1638772 0.1649191 0.0850704 0.0873844 0.1063174 0.0684265 0.1004122 0.1285550 0.0829424 0.1017778 0.1007188 0.1088940 0.0981755 0.1030321 0.1266522 0.0000000 0.0936273 0.1007682 0.0832761 0.2460332 0.2372516 0.2277852 0.2438349 0.1106697 0.1076678 0.1037074 0.1669299 0.0722063 0.1134290 0.1597652 0.1469594 0.1047487 0.1745872 0.1913147 0.1689597 0.1672556 0.1325804 0.1227237 0.1254214 0.0607091 0.0441921 0.0308852 0.0725515 0.0742837 0.0742479 0.0723793 0.0996766 0.0951299 0.0972587 0.0976281 0.0951299 0.0975336 0.1063174 0.1051241 0.0946787 0.0970240 0.0855842 0.1047371 0.1071134 0.1059362 0.1058830 0.1051241 0.0927581 0.0928440 0.0928440 0.0902328 0.0922501 0.0922011 0.0899827 0.0848250 0.0873844 0.0852425 0.0839151 0.0850322 0.0808968 0.0869554 0.0846175 0.1032473 0.1035508 0.1035508 0.0870304 0.0890163 0.0871063 0.0939063 0.0933236 0.0912449 0.0912449 0.0912449 0.0893948 0.0915587 0.0935451 0.0932853 0.1482251 0.1385209 0.1018512 0.0897374 0.1067017 0.1041404 0.0978357 0.0878395 0.0983828 0.0866797 0.0941921 0.0812640 0.2326259 0.1076378 0.1002023 0.1028134 0.1006812 0.0981755 0.0973438 0.1029022 0.1656620 0.0782298 0.1641660 0.0745241 0.0827572 0.0827511 0.0829424 0.0827169 0.0827169 0.0830383 0.0828349 0.0788357 0.0682629 0.0704746 0.0722972 0.0682629 0.0833346 0.0873136 0.0873136 0.0901367 0.1059863 0.0599445 0.0755095 0.0967404 0.1310073 0.1300314 0.1178634 0.1210940 0.1044329 0.0979510 0.3107760 0.2942437 0.0924841 0.1068668 0.1041528 
XM_008852401_2_PREDICTED_Nannospalax_galili_REV3_like_DNA_directed_polymerase_zeta_catalytic_subunit_Rev3l_transcript_variant_X1_mRNA_1                    0.1007415 0.1477007 0.1464709 0.1137549 0.1089828 0.1364070 0.0985469 0.1281479 0.1027335 0.1114351 0.1220289 0.1115362 0.1117485 0.1125223 0.1074163 0.1052890 0.0936273 0.0000000 0.1175321 0.1164588 0.2719369 0.2460200 0.2412400 0.2535739 0.1229433 0.1098645 0.1079683 0.1529409 0.0752274 0.1104018 0.1485292 0.1378769 0.1116454 0.1605425 0.1757871 0.1658743 0.1576194 0.1261985 0.1036406 0.1106761 0.1252602 0.1108753 0.0870375 0.0829145 0.0825216 0.0802490 0.0805514 0.1244852 0.1195854 0.1218466 0.1223312 0.1195854 0.1222085 0.1364070 0.1206997 0.1189977 0.1201504 0.1092639 0.1227096 0.1374216 0.1310863 0.1310186 0.1206997 0.1171223 0.1172351 0.1172351 0.1165655 0.1186909 0.1186263 0.1162254 0.1037787 0.1089828 0.1066951 0.1031729 0.1040421 0.1020299 0.1083200 0.1057750 0.1208414 0.1166351 0.1166351 0.1083060 0.1081021 0.1128859 0.1111941 0.1149764 0.1127794 0.1127794 0.1127794 0.1108778 0.1131847 0.1084156 0.1126186 0.1639587 0.1643585 0.1300712 0.1212336 0.1094929 0.1135487 0.1174756 0.0966280 0.1060131 0.1056265 0.1016285 0.1023554 0.2629751 0.1201572 0.1191250 0.1173810 0.1151726 0.1125223 0.1246220 0.1197512 0.2044045 0.0771967 0.2000139 0.1067349 0.1066416 0.1111626 0.1114351 0.1111137 0.1111137 0.1115707 0.1112791 0.1069952 0.0982934 0.0963460 0.1027223 0.0982934 0.1074161 0.1116350 0.1116350 0.1079635 0.1333268 0.0798182 0.0939120 0.1309620 0.1460664 0.1780808 0.1405580 0.1416782 0.1284389 0.1202879 0.3180955 0.3016142 0.1166484 0.1221694 0.1157779 
XM_023650934_1_PREDICTED_Equus_caballus_REV3_like_DNA_directed_polymerase_zeta_catalytic_subunit_REV3L_transcript_variant_X1_mRNA_1                        0.0729659 0.1732337 0.1772171 0.0747186 0.0686310 0.0800245 0.0709372 0.0899787 0.1297284 0.0767348 0.0820802 0.0668261 0.0807706 0.0726987 0.0930240 0.1256094 0.1007682 0.1175321 0.0000000 0.0833198 0.2345677 0.2343944 0.2158935 0.2291842 0.1264340 0.1207012 0.1114058 0.1788790 0.0873996 0.1206706 0.1630097 0.1531175 0.1374480 0.1873395 0.1903754 0.1743756 0.1660860 0.1385228 0.1227170 0.1279368 0.1301425 0.1023139 0.0921010 0.0929962 0.0861827 0.0861400 0.0884706 0.0717055 0.0694931 0.0674199 0.0696822 0.0694931 0.0696822 0.0800245 0.0668186 0.0726660 0.0822816 0.0627504 0.0783604 0.0848561 0.0797452 0.0797059 0.0668186 0.0693746 0.0694372 0.0694372 0.0690592 0.0710046 0.0709675 0.0688734 0.0702882 0.0686310 0.0665871 0.0629719 0.0664293 0.0726427 0.0723393 0.0701177 0.0798538 0.0759649 0.0759649 0.0682956 0.0662061 0.0723944 0.0747819 0.0702744 0.0723299 0.0723299 0.0723299 0.0705088 0.0725718 0.0664136 0.0702476 0.1330427 0.1269817 0.0971690 0.0789390 0.0787081 0.0850784 0.0806045 0.0664046 0.0739509 0.0680278 0.0663124 0.0749152 0.2202694 0.0794324 0.0746426 0.0770099 0.0749866 0.0726987 0.0807226 0.0016321 0.1421088 0.0744863 0.1469215 0.0766740 0.0766397 0.0744507 0.0766632 0.0744480 0.0785453 0.0810373 0.0808391 0.0768501 0.0707658 0.0730114 0.0748495 0.0707658 0.0833287 0.0811165 0.0811165 0.0860147 0.1089019 0.0603496 0.0780939 0.0972288 0.1069736 0.1187867 0.1034586 0.1008773 0.0846567 0.0781219 0.3106855 0.3004617 0.0753180 0.0599420 0.0801682 
XM_035296530_1_PREDICTED_Callithrix_jacchus_REV3_like_DNA_directed_polymerase_zeta_catalytic_subunit_REV3L_transcript_variant_X1_mRNA_1                    0.0330183 0.1569208 0.1606413 0.0384002 0.0690736 0.0933947 0.0330713 0.0905757 0.1174969 0.0365512 0.1020537 0.0880227 0.0987914 0.0814358 0.0904500 0.1134491 0.0832761 0.1164588 0.0833198 0.0000000 0.2397703 0.2462673 0.2158331 0.2259422 0.1166428 0.1067490 0.0955003 0.1623328 0.0828664 0.1111760 0.1519840 0.1457106 0.1205631 0.1728953 0.1773243 0.1668727 0.1602350 0.1312641 0.1185157 0.1211889 0.1039624 0.0908662 0.0832822 0.0841298 0.0879097 0.0878663 0.0859461 0.0868792 0.0824648 0.0845473 0.0848643 0.0824648 0.0847829 0.0933947 0.0923192 0.0885190 0.1023133 0.0815699 0.0917429 0.0940489 0.0930630 0.0930165 0.0923192 0.0886660 0.0887479 0.0887479 0.0819438 0.0839407 0.0838962 0.0817186 0.0707400 0.0690736 0.0670155 0.0633779 0.0668556 0.0772333 0.0687401 0.0665331 0.0949527 0.0909516 0.0909516 0.0789104 0.0808770 0.0831379 0.0856428 0.0851140 0.0830626 0.0830626 0.0830626 0.0812176 0.0833459 0.0853160 0.0850800 0.1292328 0.1266826 0.1049598 0.0904987 0.0966265 0.0984436 0.0937643 0.0713384 0.0836172 0.0744954 0.0795311 0.0837251 0.2190525 0.0904943 0.0834180 0.0858799 0.0838090 0.0814358 0.0896444 0.0853774 0.1575936 0.0603330 0.1466695 0.0328583 0.0364758 0.0364731 0.0365512 0.0364590 0.0364590 0.0365898 0.0365077 0.0329284 0.0311405 0.0349099 0.0311405 0.0311405 0.0117272 0.0134167 0.0134167 0.0187167 0.0828402 0.0523071 0.0654155 0.0890699 0.1162861 0.1407706 0.1138613 0.1148546 0.0983412 0.0894465 0.2807482 0.2709817 0.0863481 0.0918865 0.1000556 
XM_007484437_2_PREDICTED_Monodelphis_domestica_REV3_like_DNA_directed_polymerase_zeta_catalytic_subunit_REV3L_transcript_variant_X1_mRNA_1                 0.2304742 0.3362555 0.3619952 0.2384791 0.2263552 0.2258403 0.2275227 0.2433151 0.3042053 0.2353123 0.2402726 0.2295101 0.2197790 0.2211095 0.2763796 0.2992650 0.2460332 0.2719369 0.2345677 0.2397703 0.0000000 0.0938754 0.0753229 0.0764688 0.2802562 0.2620573 0.2492637 0.3411868 0.2587796 0.2653153 0.3364738 0.3489007 0.2826048 0.3790855 0.3762157 0.3308436 0.3519782 0.3207979 0.3047641 0.3094029 0.2745560 0.2423965 0.2399470 0.2611231 0.2470933 0.2533255 0.2538710 0.2175124 0.2217215 0.2217215 0.2225485 0.2217215 0.2205936 0.2258403 0.2296378 0.2383174 0.2411231 0.2248779 0.2284316 0.2413805 0.2221143 0.2280437 0.2296378 0.2303930 0.2245158 0.2245158 0.2262231 0.2168982 0.2226729 0.2253861 0.2176485 0.2263552 0.2232492 0.2157846 0.2218656 0.2349020 0.2336289 0.2297232 0.2338933 0.2348242 0.2348242 0.2262467 0.2303693 0.2263741 0.2336701 0.2290708 0.2321640 0.2321640 0.2262463 0.2301095 0.2272693 0.2313550 0.2244380 0.3116713 0.3040287 0.2547238 0.2312939 0.2201501 0.2341612 0.2338064 0.2157536 0.2328977 0.2056291 0.2137877 0.2269437 0.4574155 0.2256397 0.2176973 0.2218553 0.2190372 0.2211095 0.2339573 0.2374497 0.3062754 0.2726599 0.3031777 0.2253301 0.2284352 0.2345631 0.2382072 0.2344297 0.2344297 0.2356455 0.2286945 0.2294181 0.2267416 0.2245216 0.2327551 0.2267416 0.2490685 0.2516608 0.2516608 0.2575052 0.2622481 0.1993438 0.2223572 0.2406931 0.2522692 0.2723366 0.2471823 0.2579755 0.2537581 0.2355913 0.3085752 0.2924590 0.2351579 0.2448535 0.2231327 
XM_031964400_1_PREDICTED_Sarcophilus_harrisii_REV3_like_DNA_directed_polymerase_zeta_catalytic_subunit_REV3L_transcript_variant_X1_mRNA_1                  0.2423674 0.3203946 0.3625761 0.2503319 0.2537100 0.2440439 0.2394127 0.2776657 0.3050027 0.2471561 0.2492920 0.2431935 0.2549613 0.2571139 0.2826121 0.3068785 0.2372516 0.2460200 0.2343944 0.2462673 0.0938754 0.0000000 0.0579597 0.0554346 0.2865505 0.2746514 0.2511525 0.3251420 0.2552093 0.2665439 0.3204492 0.3326164 0.2934435 0.3868158 0.3500332 0.3384301 0.3452010 0.3258681 0.2987833 0.3033306 0.2869375 0.2426576 0.2463815 0.2516552 0.2409223 0.2470221 0.2446161 0.2284741 0.2278865 0.2307331 0.2287331 0.2278865 0.2315933 0.2440439 0.2433344 0.2472677 0.2501753 0.2370175 0.2407668 0.2536473 0.2402062 0.2462094 0.2433344 0.2426818 0.2367834 0.2367834 0.2383010 0.2289112 0.2347047 0.2374160 0.2355968 0.2537100 0.2505177 0.2429758 0.2489500 0.2500290 0.2609736 0.2568687 0.2550442 0.2560770 0.2560770 0.2518986 0.2483595 0.2520392 0.2596654 0.2547915 0.2579792 0.2579792 0.2519002 0.2559747 0.2530669 0.2494357 0.2423646 0.3178797 0.3275460 0.2640596 0.2404721 0.2553931 0.2489139 0.2431042 0.2337172 0.2450212 0.2263741 0.2275764 0.2359390 0.4633252 0.2625003 0.2473603 0.2642901 0.2613697 0.2571139 0.2553657 0.2372375 0.3171296 0.2616567 0.3127339 0.2371050 0.2402200 0.2463672 0.2500498 0.2462273 0.2462273 0.2475020 0.2404896 0.2412556 0.2385872 0.2364031 0.2446122 0.2385872 0.2548159 0.2573800 0.2573800 0.2662217 0.2501499 0.2026392 0.2237869 0.2556915 0.2633579 0.2782168 0.2536197 0.2513992 0.2631289 0.2480154 0.3151636 0.2956013 0.2415027 0.2599075 0.2231146 
XM_036766364_1_PREDICTED_Trichosurus_vulpecula_REV3_like_DNA_directed_polymerase_zeta_catalytic_subunit_REV3L_transcript_variant_X1_mRNA_1                 0.2119436 0.2852900 0.3315940 0.2196960 0.2167327 0.2179976 0.2091110 0.2393880 0.2671783 0.2166674 0.2227353 0.2232295 0.2266800 0.2205763 0.2451175 0.2716519 0.2277852 0.2412400 0.2158935 0.2158331 0.0753229 0.0579597 0.0000000 0.0329214 0.2642995 0.2469206 0.2300645 0.2897219 0.2201866 0.2367223 0.2851794 0.3022074 0.2588910 0.3476192 0.3305249 0.3083397 0.3081215 0.2890698 0.2830584 0.2843656 0.2604180 0.2065222 0.2220582 0.2275138 0.2233006 0.2231734 0.2207759 0.2085975 0.2080787 0.2108666 0.2088336 0.2080787 0.2116343 0.2179976 0.2233508 0.2209797 0.2234940 0.2170869 0.2072704 0.2208984 0.2203093 0.2201853 0.2233508 0.2224172 0.2226684 0.2226684 0.2183639 0.2092348 0.2149022 0.2175713 0.2059274 0.2167327 0.2137220 0.2064381 0.2124289 0.2190884 0.2238532 0.2200986 0.2331590 0.2281046 0.2281046 0.2181225 0.2148302 0.2182442 0.2253495 0.2208914 0.2239177 0.2239177 0.2181216 0.2218737 0.2190888 0.2157138 0.2091212 0.2926808 0.2886574 0.2352908 0.2130319 0.2270601 0.2270057 0.2213727 0.2037927 0.2204073 0.1997274 0.2092387 0.2145389 0.4326889 0.2254051 0.2113906 0.2272575 0.2244625 0.2205763 0.2332132 0.2186641 0.2945992 0.2320653 0.2966335 0.2071713 0.2101435 0.2160064 0.2194507 0.2158882 0.2158882 0.2169678 0.2103770 0.2110109 0.2084245 0.2121173 0.2141890 0.2084245 0.2237282 0.2262343 0.2262343 0.2315411 0.2222527 0.1770759 0.2057395 0.2202970 0.2279701 0.2558407 0.2240028 0.2279241 0.2300322 0.2228489 0.2628159 0.2510520 0.2212303 0.2349166 0.2007486 
XM_027848601_1_PREDICTED_Vombatus_ursinus_REV3_like_DNA_directed_polymerase_zeta_catalytic_subunit_REV3L_transcript_variant_X1_mRNA_1                      0.2161830 0.3011306 0.3482174 0.2239162 0.2361048 0.2314448 0.2133513 0.2497923 0.2925037 0.2208866 0.2363559 0.2338698 0.2341320 0.2338469 0.2606219 0.2971783 0.2438349 0.2535739 0.2291842 0.2259422 0.0764688 0.0554346 0.0329214 0.0000000 0.2768187 0.2591518 0.2422668 0.3056643 0.2378937 0.2494131 0.3009963 0.3286540 0.2776185 0.3645819 0.3430466 0.3244933 0.3246329 0.3121146 0.2797130 0.2746148 0.2739883 0.2255494 0.2321245 0.2369680 0.2266223 0.2325539 0.2301736 0.2220424 0.2214787 0.2243008 0.2222936 0.2214787 0.2251289 0.2314448 0.2368411 0.2344700 0.2371750 0.2304635 0.2280964 0.2407244 0.2337471 0.2336163 0.2368411 0.2360039 0.2301625 0.2301625 0.2289991 0.2225448 0.2282865 0.2250963 0.2246197 0.2361048 0.2330183 0.2256460 0.2315924 0.2384761 0.2432581 0.2393468 0.2346468 0.2355623 0.2355623 0.2314008 0.2280337 0.2315291 0.2387926 0.2342011 0.2372718 0.2372718 0.2314008 0.2352539 0.2324381 0.2289850 0.2222474 0.2941925 0.2968692 0.2552161 0.2262660 0.2345232 0.2343750 0.2287197 0.2168628 0.2278498 0.2126669 0.2223725 0.2218198 0.4297800 0.2388454 0.2245076 0.2406669 0.2378424 0.2338469 0.2406227 0.2319862 0.2984891 0.2454736 0.2851285 0.2113743 0.2143477 0.2202129 0.2236675 0.2200925 0.2200925 0.2154072 0.2088762 0.2152322 0.2126506 0.2163598 0.2184148 0.2126506 0.2279638 0.2365072 0.2365072 0.2390778 0.2356406 0.1896333 0.2130664 0.2359953 0.2419113 0.2658479 0.2360049 0.2398655 0.2392263 0.2303515 0.2762078 0.2581395 0.2347334 0.2422966 0.2124382 
