132
NM_001372078_1_Homo_sapiens_REV3_like_DNA_directed_polymerase_zeta_catalytic_subunit_REV3L_transcript_variant_4_mRNA_1                                     0.0000000 0.1939426 0.1845562 0.0114832 0.1005140 0.0720316 0.0000010 0.0941887 0.1110613 0.0114832 0.0498380 0.0783255 0.0578770 0.0856015 0.0856015 0.1031720 0.0633845 0.0929980 0.0695074 0.0359606 0.1190811 0.1095841 0.1260655 0.1224598 0.0783255 0.0783255 0.0565553 0.1810006 0.0907144 0.0845545 0.1714605 0.1524639 0.1752652 0.1661125 0.1939426 0.2718596 0.2040054 0.1635798 0.1875668 0.1524639 0.0792932 0.0802874 0.0641293 0.1005140 0.0773835 0.0773835 0.0845545 0.0711682 0.0565553 0.0565553 0.0633845 0.0711682 0.0720316 0.0641293 0.0565553 0.0498380 0.0845545 0.0565553 0.0711682 0.0641293 0.0641293 0.0711682 0.0845545 0.0427622 0.0427622 0.0498380 0.0703271 0.1005140 0.1081504 0.1081504 0.0695074 0.0764661 0.0764661 0.0918404 0.1067584 0.1067584 0.0992416 0.0907144 0.0992416 0.1067584 0.1067584 0.0845545 0.0918404 0.1081504 0.0980047 0.1190811 0.0773835 0.0695074 0.0552965 0.0648931 0.0572077 0.0498380 0.1018237 0.0773835 0.0711682 0.0633845 0.0498380 0.0641293 0.0845545 0.0695074 0.0773835 0.0773835 0.0856015 0.0695074 0.0764661 0.0695074 0.1101437 0.0835350 0.0173654 0.0173654 0.0173654 0.0173654 0.0173654 0.0297203 0.0233423 0.0294151 0.0233423 0.0633845 0.0423034 0.0559183 0.0695074 0.0711682 0.0626585 0.0695074 0.0565553 0.0866785 0.0929980 0.1875668 0.1810006 0.0565553 0.0695074 0.0711682 
NM_011264_3_Mus_musculus_REV3_like_DNA_directed_polymerase_zeta_catalytic_subunit_Rev3l_mRNA_1                                                             0.1939426 0.0000000 0.0773835 0.1742876 0.1840362 0.1871915 0.1939426 0.2180742 0.0966751 0.1742876 0.1528380 0.2040054 0.1871915 0.1742876 0.2439969 0.0813102 0.1810006 0.1290392 0.1504917 0.1810006 0.2536825 0.2180742 0.2654597 0.2551954 0.2040054 0.1840362 0.1871915 0.0115965 0.1780798 0.1620724 0.0235801 0.1207434 0.2329611 0.0633845 0.0572077 0.0792932 0.0504031 0.1110613 0.1394957 0.0941887 0.1906932 0.2113818 0.1742876 0.2040054 0.1714605 0.1714605 0.1810006 0.1840362 0.1810006 0.1810006 0.1714605 0.1840362 0.1871915 0.1939426 0.1620724 0.1528380 0.2286895 0.2076181 0.2040054 0.1742876 0.1742876 0.1840362 0.2286895 0.1646987 0.1646987 0.1528380 0.1620724 0.1840362 0.1939426 0.1939426 0.1742876 0.1742876 0.1742876 0.1845562 0.2035489 0.2035489 0.1714605 0.1840362 0.1714605 0.1810006 0.1810006 0.1620724 0.1620724 0.1840362 0.1939426 0.1904753 0.1810006 0.1742876 0.1714605 0.1871915 0.2008432 0.1570995 0.1973232 0.1906932 0.1687377 0.1772244 0.1482266 0.1687377 0.1714605 0.1328368 0.1620724 0.1620724 0.1742876 0.1971969 0.1415896 0.1971969 0.2593933 0.2457839 0.1840362 0.1840362 0.1840362 0.1840362 0.1840362 0.2076181 0.1742876 0.1646987 0.1742876 0.1973232 0.1620724 0.1840362 0.1840362 0.1415896 0.1875668 0.2245921 0.1620724 0.2005346 0.2245921 0.2832126 0.2642805 0.1620724 0.1646987 0.1840362 
XM_006256524_2_PREDICTED_Rattus_norvegicus_REV3_like_DNA_directed_polymerase_zeta_catalytic_subunit_Rev3l_transcript_variant_X1_mRNA_1                     0.1845562 0.0773835 0.0000000 0.1661125 0.1752652 0.1971969 0.1845562 0.1875668 0.0929980 0.1661125 0.1635798 0.1939845 0.1780798 0.1309065 0.2309408 0.0856015 0.1725510 0.1398968 0.1355122 0.1725510 0.2394620 0.2069685 0.2503898 0.2206598 0.1939845 0.1939845 0.1875668 0.0764661 0.1970827 0.1725510 0.0626585 0.0929980 0.2005346 0.0114832 0.0773835 0.1272317 0.0845545 0.1018237 0.1374711 0.1081504 0.1687377 0.2005346 0.1752652 0.1939845 0.1635798 0.1635798 0.1725510 0.1570995 0.1547422 0.1547422 0.1460390 0.1570995 0.1971969 0.2035489 0.1725510 0.1635798 0.2371231 0.1780798 0.1752652 0.1845562 0.1845562 0.1939845 0.2371231 0.1752652 0.1752652 0.1780798 0.1547422 0.1752652 0.1845562 0.1845562 0.1661125 0.1661125 0.1661125 0.1850281 0.2031349 0.2031349 0.1460390 0.1570995 0.1460390 0.1547422 0.1547422 0.1374711 0.1374711 0.1570995 0.1661125 0.1714605 0.1547422 0.1939845 0.1725510 0.1780798 0.1906932 0.1547422 0.1875668 0.1635798 0.1482266 0.1687377 0.1635798 0.1752652 0.1460390 0.1272317 0.1207434 0.1207434 0.1309065 0.1699308 0.1439233 0.1699308 0.2542747 0.2132480 0.1752652 0.1752652 0.1752652 0.1752652 0.1752652 0.1971969 0.1661125 0.1570995 0.1661125 0.1971969 0.1547422 0.1752652 0.1570995 0.1439233 0.1788563 0.2132480 0.1547422 0.1816548 0.2230808 0.3018081 0.3210419 0.1725510 0.1570995 0.1939845 
XM_028847034_1_PREDICTED_Macaca_mulatta_REV3_like_DNA_directed_polymerase_zeta_catalytic_subunit_REV3L_transcript_variant_X1_mRNA_1                        0.0114832 0.1742876 0.1661125 0.0000000 0.0856015 0.0578770 0.0114832 0.0792932 0.0954140 0.0000010 0.0367370 0.0641293 0.0442063 0.0711682 0.0711682 0.0877859 0.0498380 0.0929980 0.0559183 0.0235801 0.1031720 0.0941887 0.1089963 0.1059942 0.0641293 0.0641293 0.0432326 0.1620724 0.0764661 0.0703271 0.1528380 0.1355122 0.1570995 0.1482266 0.1742876 0.2487335 0.1840362 0.1460390 0.1687377 0.1355122 0.0648931 0.0656773 0.0504031 0.0856015 0.0633845 0.0633845 0.0703271 0.0572077 0.0432326 0.0432326 0.0498380 0.0572077 0.0578770 0.0504031 0.0432326 0.0367370 0.0703271 0.0432326 0.0572077 0.0504031 0.0504031 0.0572077 0.0703271 0.0300319 0.0300319 0.0367370 0.0565553 0.0856015 0.0929980 0.0929980 0.0559183 0.0626585 0.0626585 0.0773835 0.0918404 0.0918404 0.0845545 0.0764661 0.0845545 0.0918404 0.0918404 0.0703271 0.0773835 0.0929980 0.0835350 0.1031720 0.0633845 0.0559183 0.0423034 0.0509818 0.0437137 0.0367370 0.0866785 0.0633845 0.0572077 0.0498380 0.0367370 0.0641293 0.0703271 0.0559183 0.0633845 0.0633845 0.0711682 0.0559183 0.0626585 0.0559183 0.1101437 0.0695074 0.0056955 0.0056955 0.0056955 0.0056955 0.0056955 0.0175387 0.0114832 0.0173654 0.0114832 0.0498380 0.0297203 0.0427622 0.0559183 0.0572077 0.0492870 0.0559183 0.0432326 0.0720316 0.0783255 0.1687377 0.1620724 0.0432326 0.0559183 0.0572077 
XM_024996589_1_PREDICTED_Bos_taurus_REV3_like_DNA_directed_polymerase_zeta_catalytic_subunit_REV3L_transcript_variant_X1_mRNA_1                            0.1005140 0.1840362 0.1752652 0.0856015 0.0000000 0.1045618 0.1005140 0.0941887 0.1482266 0.0856015 0.0941887 0.1272317 0.0966751 0.1190811 0.1439233 0.1224598 0.1095841 0.1699308 0.1005140 0.1018237 0.1272317 0.1336167 0.1528380 0.1661125 0.1355122 0.1355122 0.1095841 0.1810006 0.1481321 0.1336167 0.1620724 0.1394957 0.2413654 0.1570995 0.1646987 0.2374204 0.1939426 0.1687377 0.1939426 0.1570995 0.1290392 0.1309065 0.1110613 0.1524639 0.1254806 0.1254806 0.1336167 0.1190811 0.1018237 0.1018237 0.1018237 0.1190811 0.1045618 0.1190811 0.1018237 0.0941887 0.1336167 0.1018237 0.1031720 0.0954140 0.0954140 0.1110613 0.1336167 0.0856015 0.0856015 0.0941887 0.0432326 0.0000010 0.0056955 0.0056955 0.0238221 0.0300319 0.0300319 0.0866785 0.1018237 0.1018237 0.0565553 0.0626585 0.0565553 0.0633845 0.0633845 0.0565553 0.0498380 0.0783255 0.0559183 0.1482266 0.1254806 0.1237838 0.1067584 0.1045618 0.0954140 0.1018237 0.1125844 0.1095841 0.1031720 0.0941887 0.0941887 0.1190811 0.1174696 0.1081504 0.1095841 0.1095841 0.1190811 0.1159070 0.1081504 0.0980047 0.1556551 0.1005140 0.0929980 0.0929980 0.0929980 0.0929980 0.0929980 0.0941887 0.0856015 0.0929980 0.0856015 0.0845545 0.0918404 0.1081504 0.1237838 0.1110613 0.0929980 0.1159070 0.0866785 0.1290392 0.1355122 0.2168814 0.2105240 0.1018237 0.0856015 0.1190811 
XM_014118216_3_PREDICTED_Canis_lupus_familiaris_REV3_like_DNA_directed_polymerase_zeta_catalytic_subunit_REV3L_transcript_variant_X1_mRNA_1                0.0720316 0.1871915 0.1971969 0.0578770 0.1045618 0.0000000 0.0720316 0.0877859 0.1207434 0.0578770 0.0177167 0.0498380 0.0656773 0.0792932 0.0966751 0.1125844 0.0572077 0.1174696 0.0792932 0.0641293 0.1328368 0.1141554 0.1105724 0.1242327 0.0941887 0.0941887 0.0802874 0.1742876 0.0918404 0.0783255 0.1742876 0.1460390 0.1780798 0.1780798 0.1973232 0.2654597 0.1973232 0.1752652 0.2005346 0.1635798 0.0729184 0.0738296 0.0578770 0.0941887 0.0711682 0.0711682 0.0783255 0.0359606 0.0363446 0.0363446 0.0427622 0.0359606 0.0000010 0.0432326 0.0238221 0.0177167 0.0641293 0.0504031 0.0498380 0.0057506 0.0057506 0.0498380 0.0641293 0.0240710 0.0240710 0.0306757 0.0729184 0.1045618 0.1125844 0.1125844 0.0720316 0.0792932 0.0792932 0.0856015 0.1005140 0.1005140 0.0856015 0.1095841 0.0856015 0.0929980 0.0929980 0.0711682 0.0783255 0.1095841 0.1018237 0.1125844 0.0711682 0.0720316 0.0711682 0.0729184 0.0738296 0.0572077 0.0954140 0.0711682 0.0648931 0.0729184 0.0437137 0.0866785 0.0783255 0.0773835 0.0711682 0.0711682 0.0792932 0.0633845 0.0866785 0.0792932 0.1339830 0.0792932 0.0648931 0.0648931 0.0648931 0.0648931 0.0648931 0.0656773 0.0578770 0.0648931 0.0578770 0.0585632 0.0641293 0.0703271 0.0866785 0.0648931 0.0367370 0.0792932 0.0504031 0.0802874 0.1045618 0.1871915 0.1802802 0.0238221 0.0720316 0.0509818 
XM_016956167_2_PREDICTED_Pan_troglodytes_REV3_like_DNA_directed_polymerase_zeta_catalytic_subunit_REV3L_transcript_variant_X1_mRNA_1                       0.0000010 0.1939426 0.1845562 0.0114832 0.1005140 0.0720316 0.0000000 0.0941887 0.1110613 0.0114832 0.0498380 0.0783255 0.0578770 0.0856015 0.0856015 0.1031720 0.0633845 0.0929980 0.0695074 0.0359606 0.1190811 0.1095841 0.1260655 0.1224598 0.0783255 0.0783255 0.0565553 0.1810006 0.0907144 0.0845545 0.1714605 0.1524639 0.1752652 0.1661125 0.1939426 0.2718596 0.2040054 0.1635798 0.1875668 0.1524639 0.0792932 0.0802874 0.0641293 0.1005140 0.0773835 0.0773835 0.0845545 0.0711682 0.0565553 0.0565553 0.0633845 0.0711682 0.0720316 0.0641293 0.0565553 0.0498380 0.0845545 0.0565553 0.0711682 0.0641293 0.0641293 0.0711682 0.0845545 0.0427622 0.0427622 0.0498380 0.0703271 0.1005140 0.1081504 0.1081504 0.0695074 0.0764661 0.0764661 0.0918404 0.1067584 0.1067584 0.0992416 0.0907144 0.0992416 0.1067584 0.1067584 0.0845545 0.0918404 0.1081504 0.0980047 0.1190811 0.0773835 0.0695074 0.0552965 0.0648931 0.0572077 0.0498380 0.1018237 0.0773835 0.0711682 0.0633845 0.0498380 0.0641293 0.0845545 0.0695074 0.0773835 0.0773835 0.0856015 0.0695074 0.0764661 0.0695074 0.1101437 0.0835350 0.0173654 0.0173654 0.0173654 0.0173654 0.0173654 0.0297203 0.0233423 0.0294151 0.0233423 0.0633845 0.0423034 0.0559183 0.0695074 0.0711682 0.0626585 0.0695074 0.0565553 0.0866785 0.0929980 0.1875668 0.1810006 0.0565553 0.0695074 0.0711682 
XM_021091238_1_PREDICTED_Sus_scrofa_REV3_like_DNA_directed_polymerase_zeta_catalytic_subunit_REV3L_transcript_variant_X1_mRNA_1                            0.0941887 0.2180742 0.1875668 0.0792932 0.0941887 0.0877859 0.0941887 0.0000000 0.1547422 0.0792932 0.0783255 0.1174696 0.0954140 0.1095841 0.1374711 0.1290392 0.0929980 0.1336167 0.1095841 0.0641293 0.1207434 0.1110613 0.1074719 0.0966751 0.1374711 0.1374711 0.1110613 0.2040054 0.1067584 0.1081504 0.2040054 0.1547422 0.1850281 0.1687377 0.2005346 0.2536825 0.2076181 0.1752652 0.2005346 0.1635798 0.1110613 0.1125844 0.0941887 0.1254806 0.1005140 0.1005140 0.1081504 0.1018237 0.0856015 0.0856015 0.0929980 0.1018237 0.0877859 0.0992416 0.0856015 0.0783255 0.1355122 0.1031720 0.1018237 0.0792932 0.0792932 0.1067584 0.1355122 0.0866785 0.0866785 0.0954140 0.0711682 0.0941887 0.1018237 0.1018237 0.0633845 0.0703271 0.0703271 0.0929980 0.1081504 0.1081504 0.0626585 0.0845545 0.0626585 0.0695074 0.0695074 0.0626585 0.0695074 0.0845545 0.0773835 0.1460390 0.1005140 0.1174696 0.1005140 0.1031720 0.1045618 0.0711682 0.1190811 0.0929980 0.0866785 0.0954140 0.0783255 0.1018237 0.1081504 0.0992416 0.1005140 0.1005140 0.1095841 0.0845545 0.1174696 0.1174696 0.1556551 0.1174696 0.0866785 0.0866785 0.0866785 0.0866785 0.0866785 0.0729184 0.0720316 0.0720316 0.0720316 0.0783255 0.0856015 0.1018237 0.1095841 0.1018237 0.0773835 0.1174696 0.0711682 0.1031720 0.1460390 0.2132480 0.2069685 0.0856015 0.0941887 0.0866785 
XM_040758199_1_PREDICTED_Mesocricetus_auratus_REV3_like_DNA_directed_polymerase_zeta_catalytic_subunit_Rev3l_transcript_variant_X1_mRNA_1                  0.1110613 0.0966751 0.0929980 0.0954140 0.1482266 0.1207434 0.1110613 0.1547422 0.0000000 0.0954140 0.0941887 0.1355122 0.1045618 0.1031720 0.1272317 0.0300319 0.0866785 0.0764661 0.0954140 0.1018237 0.1528380 0.1328368 0.1674254 0.1620724 0.1141554 0.1141554 0.1125844 0.0877859 0.1317805 0.0992416 0.0954140 0.0764661 0.1439233 0.0783255 0.1045618 0.1714605 0.1207434 0.0773835 0.0866785 0.0626585 0.1125844 0.1224598 0.1031720 0.1272317 0.1018237 0.1018237 0.1095841 0.1031720 0.1018237 0.1018237 0.1095841 0.1031720 0.1207434 0.1272317 0.1018237 0.0941887 0.1547422 0.1207434 0.1190811 0.1110613 0.1110613 0.1190811 0.1547422 0.1031720 0.1031720 0.1045618 0.1045618 0.1482266 0.1394957 0.1570995 0.1110613 0.1031720 0.1031720 0.1143906 0.1300008 0.1300008 0.1254806 0.1355122 0.1254806 0.1336167 0.1336167 0.1174696 0.1174696 0.1355122 0.1439233 0.1224598 0.0992416 0.1190811 0.1095841 0.0966751 0.1141554 0.0866785 0.1374711 0.1254806 0.1110613 0.1125844 0.0941887 0.1031720 0.1018237 0.0856015 0.0941887 0.0941887 0.1031720 0.1159070 0.1031720 0.1355122 0.1590579 0.1524639 0.1031720 0.1031720 0.1031720 0.1031720 0.1031720 0.1207434 0.0954140 0.1031720 0.0954140 0.1207434 0.1018237 0.1190811 0.1190811 0.0559183 0.1081504 0.1355122 0.1018237 0.1174696 0.1272317 0.2113818 0.2262774 0.1018237 0.1110613 0.1005140 
XM_015448392_1_PREDICTED_Macaca_fascicularis_REV3_like_DNA_directed_polymerase_zeta_catalytic_subunit_REV3L_transcript_variant_X1_mRNA_1                   0.0114832 0.1742876 0.1661125 0.0000010 0.0856015 0.0578770 0.0114832 0.0792932 0.0954140 0.0000000 0.0367370 0.0641293 0.0442063 0.0711682 0.0711682 0.0877859 0.0498380 0.0929980 0.0559183 0.0235801 0.1031720 0.0941887 0.1089963 0.1059942 0.0641293 0.0641293 0.0432326 0.1620724 0.0764661 0.0703271 0.1528380 0.1355122 0.1570995 0.1482266 0.1742876 0.2487335 0.1840362 0.1460390 0.1687377 0.1355122 0.0648931 0.0656773 0.0504031 0.0856015 0.0633845 0.0633845 0.0703271 0.0572077 0.0432326 0.0432326 0.0498380 0.0572077 0.0578770 0.0504031 0.0432326 0.0367370 0.0703271 0.0432326 0.0572077 0.0504031 0.0504031 0.0572077 0.0703271 0.0300319 0.0300319 0.0367370 0.0565553 0.0856015 0.0929980 0.0929980 0.0559183 0.0626585 0.0626585 0.0773835 0.0918404 0.0918404 0.0845545 0.0764661 0.0845545 0.0918404 0.0918404 0.0703271 0.0773835 0.0929980 0.0835350 0.1031720 0.0633845 0.0559183 0.0423034 0.0509818 0.0437137 0.0367370 0.0866785 0.0633845 0.0572077 0.0498380 0.0367370 0.0641293 0.0703271 0.0559183 0.0633845 0.0633845 0.0711682 0.0559183 0.0626585 0.0559183 0.1101437 0.0695074 0.0056955 0.0056955 0.0056955 0.0056955 0.0056955 0.0175387 0.0114832 0.0173654 0.0114832 0.0498380 0.0297203 0.0427622 0.0559183 0.0572077 0.0492870 0.0559183 0.0432326 0.0720316 0.0783255 0.1687377 0.1620724 0.0432326 0.0559183 0.0572077 
XM_004753515_2_PREDICTED_Mustela_putorius_furo_REV3_like_polymerase_DNA_directed_zeta_catalytic_subunit_REV3L_transcript_variant_X1_mRNA_1                 0.0498380 0.1528380 0.1635798 0.0367370 0.0941887 0.0177167 0.0498380 0.0783255 0.0941887 0.0367370 0.0000000 0.0297203 0.0437137 0.0565553 0.0792932 0.0866785 0.0363446 0.0918404 0.0565553 0.0427622 0.1045618 0.0877859 0.0993149 0.0966751 0.0703271 0.0703271 0.0572077 0.1415896 0.0687084 0.0559183 0.1415896 0.1174696 0.1460390 0.1460390 0.1714605 0.2220886 0.1620724 0.1439233 0.1661125 0.1336167 0.0504031 0.0509818 0.0367370 0.0703271 0.0492870 0.0492870 0.0559183 0.0297203 0.0300319 0.0300319 0.0363446 0.0297203 0.0177167 0.0235801 0.0056955 0.0000010 0.0427622 0.0437137 0.0432326 0.0115965 0.0115965 0.0297203 0.0427622 0.0057506 0.0057506 0.0117119 0.0641293 0.0941887 0.1018237 0.1018237 0.0633845 0.0703271 0.0703271 0.0626585 0.0764661 0.0764661 0.0764661 0.0845545 0.0764661 0.0835350 0.0835350 0.0626585 0.0695074 0.0845545 0.0918404 0.0866785 0.0492870 0.0498380 0.0492870 0.0504031 0.0509818 0.0363446 0.0711682 0.0492870 0.0432326 0.0504031 0.0238221 0.0633845 0.0559183 0.0552965 0.0492870 0.0492870 0.0565553 0.0423034 0.0633845 0.0565553 0.1080205 0.0703271 0.0432326 0.0432326 0.0432326 0.0432326 0.0432326 0.0572077 0.0367370 0.0432326 0.0367370 0.0504031 0.0427622 0.0565553 0.0633845 0.0432326 0.0359606 0.0565553 0.0300319 0.0572077 0.0792932 0.1620724 0.1552706 0.0056955 0.0498380 0.0303503 
XM_034668992_1_PREDICTED_Ailuropoda_melanoleuca_REV3_like_DNA_directed_polymerase_zeta_catalytic_subunit_REV3L_transcript_variant_X1_mRNA_1                0.0783255 0.2040054 0.1939845 0.0641293 0.1272317 0.0498380 0.0783255 0.1174696 0.1355122 0.0641293 0.0297203 0.0000000 0.0792932 0.0783255 0.1110613 0.1272317 0.0703271 0.1317805 0.0711682 0.0633845 0.1394957 0.1207434 0.1437582 0.1394957 0.1005140 0.1005140 0.0866785 0.1906932 0.0907144 0.0918404 0.1714605 0.1611334 0.1939845 0.1752652 0.2040054 0.2836686 0.2142225 0.1725510 0.1971969 0.1611334 0.0720316 0.0711682 0.0711682 0.1081504 0.0845545 0.0845545 0.0918404 0.0492870 0.0498380 0.0498380 0.0565553 0.0492870 0.0498380 0.0177167 0.0359606 0.0297203 0.0565553 0.0578770 0.0641293 0.0427622 0.0427622 0.0238221 0.0565553 0.0300319 0.0300319 0.0367370 0.0941887 0.1272317 0.1355122 0.1355122 0.0929980 0.1005140 0.1005140 0.0992416 0.1143906 0.1143906 0.1143906 0.1159070 0.1143906 0.1221381 0.1221381 0.0992416 0.1067584 0.1081504 0.1237838 0.1272317 0.0703271 0.0783255 0.0773835 0.0866785 0.0802874 0.0703271 0.1095841 0.0703271 0.0783255 0.0792932 0.0432326 0.1005140 0.0773835 0.0907144 0.0703271 0.0703271 0.0783255 0.0764661 0.0783255 0.0711682 0.1463663 0.0856015 0.0711682 0.0711682 0.0711682 0.0711682 0.0572077 0.0866785 0.0641293 0.0711682 0.0641293 0.0792932 0.0565553 0.0711682 0.0783255 0.0641293 0.0695074 0.0856015 0.0633845 0.0941887 0.1110613 0.1840362 0.1772244 0.0359606 0.0783255 0.0641293 
XM_015600069_2_PREDICTED_Pteropus_alecto_REV3_like_DNA_directed_polymerase_zeta_catalytic_subunit_REV3L_transcript_variant_X1_mRNA_1                       0.0578770 0.1871915 0.1780798 0.0442063 0.0966751 0.0656773 0.0578770 0.0954140 0.1045618 0.0442063 0.0437137 0.0792932 0.0000000 0.0792932 0.0813102 0.0966751 0.0572077 0.1018237 0.0792932 0.0504031 0.0993149 0.1059942 0.1105724 0.1074719 0.0889252 0.0889252 0.0656773 0.1742876 0.0918404 0.0783255 0.1742876 0.1290392 0.1415896 0.1595412 0.1528380 0.2113818 0.1810006 0.1570995 0.1620724 0.1290392 0.0504031 0.0578770 0.0578770 0.0703271 0.0711682 0.0711682 0.0711682 0.0648931 0.0504031 0.0504031 0.0572077 0.0648931 0.0656773 0.0720316 0.0504031 0.0437137 0.0954140 0.0656773 0.0509818 0.0578770 0.0578770 0.0792932 0.0954140 0.0509818 0.0509818 0.0585632 0.0802874 0.0966751 0.1045618 0.1045618 0.0648931 0.0720316 0.0720316 0.0641293 0.0783255 0.0783255 0.0929980 0.0941887 0.0929980 0.1005140 0.1005140 0.0783255 0.0856015 0.0845545 0.1018237 0.1125844 0.0711682 0.0720316 0.0572077 0.0056955 0.0057506 0.0437137 0.0877859 0.0572077 0.0578770 0.0656773 0.0437137 0.0720316 0.0783255 0.0633845 0.0711682 0.0711682 0.0792932 0.0633845 0.0866785 0.0720316 0.1080205 0.0792932 0.0509818 0.0509818 0.0509818 0.0509818 0.0509818 0.0656773 0.0442063 0.0509818 0.0442063 0.0585632 0.0437137 0.0648931 0.0720316 0.0648931 0.0565553 0.0498380 0.0437137 0.0572077 0.0866785 0.1772244 0.1802802 0.0437137 0.0720316 0.0648931 
XM_005883745_2_PREDICTED_Myotis_brandtii_REV3_like_polymerase_DNA_directed_zeta_catalytic_subunit_REV3L_transcript_variant_X1_mRNA_1                       0.0856015 0.1742876 0.1309065 0.0711682 0.1190811 0.0792932 0.0856015 0.1095841 0.1031720 0.0711682 0.0565553 0.0783255 0.0792932 0.0000000 0.1190811 0.0783255 0.0703271 0.1317805 0.0572077 0.0773835 0.1110613 0.1207434 0.1224598 0.1031720 0.1110613 0.1110613 0.0941887 0.1620724 0.1205411 0.1067584 0.1620724 0.1110613 0.1611334 0.1141554 0.1646987 0.2487335 0.1840362 0.1547422 0.1780798 0.1439233 0.0720316 0.0877859 0.0711682 0.0929980 0.0703271 0.0703271 0.0773835 0.0641293 0.0498380 0.0498380 0.0565553 0.0641293 0.0792932 0.0856015 0.0633845 0.0565553 0.1095841 0.0648931 0.0641293 0.0711682 0.0711682 0.0783255 0.1095841 0.0641293 0.0641293 0.0720316 0.0792932 0.1190811 0.1272317 0.1272317 0.0856015 0.0783255 0.0783255 0.0992416 0.1143906 0.1143906 0.0845545 0.0929980 0.0845545 0.0918404 0.0918404 0.0703271 0.0773835 0.0929980 0.1005140 0.0954140 0.0565553 0.1005140 0.0845545 0.0720316 0.0877859 0.0703271 0.0619501 0.0552965 0.0626585 0.0703271 0.0565553 0.0856015 0.0367370 0.0363446 0.0057506 0.0057506 0.0000010 0.0764661 0.0641293 0.0783255 0.1339830 0.0929980 0.0783255 0.0783255 0.0783255 0.0783255 0.0783255 0.0941887 0.0711682 0.0641293 0.0711682 0.0866785 0.0633845 0.0783255 0.0711682 0.0783255 0.0695074 0.0929980 0.0633845 0.0941887 0.1190811 0.1687377 0.1620724 0.0633845 0.0641293 0.0783255 
XM_006157005_3_PREDICTED_Tupaia_chinensis_REV3_like_DNA_directed_polymerase_zeta_catalytic_subunit_REV3L_transcript_variant_X3_mRNA_1                      0.0856015 0.2439969 0.2309408 0.0711682 0.1439233 0.0966751 0.0856015 0.1374711 0.1272317 0.0711682 0.0792932 0.1110613 0.0813102 0.1190811 0.0000000 0.1394957 0.0941887 0.1272317 0.1081504 0.0792932 0.1394957 0.1290392 0.1577947 0.1528380 0.1190811 0.1190811 0.0941887 0.2286895 0.1237838 0.0992416 0.2180742 0.1939845 0.1570995 0.2105240 0.2220886 0.3210419 0.2551954 0.2069685 0.2069685 0.1939845 0.0966751 0.1141554 0.0954140 0.1272317 0.1095841 0.1095841 0.1174696 0.0954140 0.0792932 0.0792932 0.0866785 0.0954140 0.0966751 0.1031720 0.0866785 0.0792932 0.1174696 0.0866785 0.0954140 0.0877859 0.0877859 0.1110613 0.1174696 0.0783255 0.0783255 0.0866785 0.1095841 0.1439233 0.1524639 0.1524639 0.1081504 0.1159070 0.1159070 0.1174696 0.1336167 0.1336167 0.1336167 0.1317805 0.1336167 0.1418774 0.1418774 0.1174696 0.1254806 0.1355122 0.1398968 0.1570995 0.0773835 0.0929980 0.0773835 0.0889252 0.0729184 0.0792932 0.1374711 0.1095841 0.1031720 0.1018237 0.0792932 0.1110613 0.1174696 0.1005140 0.1095841 0.1095841 0.1190811 0.0929980 0.1159070 0.1081504 0.1463663 0.1237838 0.0783255 0.0783255 0.0783255 0.0783255 0.0783255 0.0941887 0.0711682 0.0783255 0.0711682 0.0866785 0.0773835 0.0929980 0.0929980 0.0856015 0.0641293 0.1005140 0.0866785 0.1207434 0.1272317 0.1875668 0.1810006 0.0866785 0.1081504 0.0856015 
XM_027402162_2_PREDICTED_Cricetulus_griseus_REV3_like_DNA_directed_polymerase_zeta_catalytic_subunit_Rev3l_transcript_variant_X5_mRNA_1                    0.1031720 0.0813102 0.0856015 0.0877859 0.1224598 0.1125844 0.1031720 0.1290392 0.0300319 0.0877859 0.0866785 0.1272317 0.0966751 0.0783255 0.1394957 0.0000000 0.0941887 0.0695074 0.1031720 0.0941887 0.1309065 0.1328368 0.1437582 0.1394957 0.1224598 0.1224598 0.1045618 0.0729184 0.1237838 0.1095841 0.0802874 0.0559183 0.1570995 0.0711682 0.0813102 0.1528380 0.0966751 0.0633845 0.0792932 0.0559183 0.1125844 0.1141554 0.0954140 0.1272317 0.1018237 0.1018237 0.1095841 0.0954140 0.0941887 0.0941887 0.1018237 0.0954140 0.1125844 0.1190811 0.0941887 0.0866785 0.1460390 0.1125844 0.1110613 0.1031720 0.1031720 0.1110613 0.1460390 0.0954140 0.0954140 0.1045618 0.0813102 0.1224598 0.1309065 0.1309065 0.0877859 0.0802874 0.0802874 0.0992416 0.1143906 0.1143906 0.1018237 0.1110613 0.1018237 0.1095841 0.1095841 0.0941887 0.0941887 0.1110613 0.1190811 0.1141554 0.1095841 0.1190811 0.1018237 0.0889252 0.1059942 0.0866785 0.0941887 0.1018237 0.0954140 0.0889252 0.0866785 0.1031720 0.0941887 0.0783255 0.0703271 0.0703271 0.0783255 0.1081504 0.1110613 0.1272317 0.1664119 0.1439233 0.0954140 0.0954140 0.0954140 0.0954140 0.0954140 0.1125844 0.0877859 0.0954140 0.0877859 0.1125844 0.0941887 0.1110613 0.1110613 0.0641293 0.1005140 0.1272317 0.0792932 0.1095841 0.1272317 0.1939426 0.2076181 0.0941887 0.0954140 0.1110613 
XM_013069186_2_PREDICTED_Heterocephalus_glaber_REV3_like_DNA_directed_polymerase_zeta_catalytic_subunit_Rev3l_transcript_variant_X1_mRNA_1                 0.0633845 0.1810006 0.1725510 0.0498380 0.1095841 0.0572077 0.0633845 0.0929980 0.0866785 0.0498380 0.0363446 0.0703271 0.0572077 0.0703271 0.0941887 0.0941887 0.0000000 0.0992416 0.0703271 0.0559183 0.0941887 0.0954140 0.0889252 0.0866785 0.0633845 0.0633845 0.0559183 0.1687377 0.0755723 0.0764661 0.1687377 0.1254806 0.1725510 0.1547422 0.1810006 0.2351135 0.1714605 0.1355122 0.1752652 0.1418774 0.0492870 0.0498380 0.0359606 0.0703271 0.0492870 0.0492870 0.0559183 0.0565553 0.0427622 0.0427622 0.0492870 0.0565553 0.0572077 0.0633845 0.0427622 0.0363446 0.0856015 0.0437137 0.0565553 0.0498380 0.0498380 0.0703271 0.0856015 0.0432326 0.0432326 0.0504031 0.0783255 0.1095841 0.1018237 0.1174696 0.0773835 0.0845545 0.0845545 0.0764661 0.0764661 0.0764661 0.0907144 0.0992416 0.0907144 0.0980047 0.0980047 0.0764661 0.0835350 0.0992416 0.1067584 0.0941887 0.0626585 0.0703271 0.0626585 0.0641293 0.0648931 0.0492870 0.0856015 0.0626585 0.0565553 0.0641293 0.0363446 0.0773835 0.0626585 0.0687084 0.0626585 0.0626585 0.0703271 0.0552965 0.0773835 0.0703271 0.0933599 0.0845545 0.0565553 0.0565553 0.0565553 0.0565553 0.0565553 0.0711682 0.0498380 0.0565553 0.0498380 0.0641293 0.0559183 0.0703271 0.0487478 0.0498380 0.0487478 0.0565553 0.0427622 0.0711682 0.0941887 0.1661125 0.1595412 0.0427622 0.0633845 0.0565553 
XM_008852401_2_PREDICTED_Nannospalax_galili_REV3_like_DNA_directed_polymerase_zeta_catalytic_subunit_Rev3l_transcript_variant_X1_mRNA_1                    0.0929980 0.1290392 0.1398968 0.0929980 0.1699308 0.1174696 0.0929980 0.1336167 0.0764661 0.0929980 0.0918404 0.1317805 0.1018237 0.1317805 0.1272317 0.0695074 0.0992416 0.0000000 0.1317805 0.0845545 0.1570995 0.1374711 0.1528380 0.1482266 0.1355122 0.1355122 0.1095841 0.1190811 0.1129182 0.0992416 0.1190811 0.1129182 0.1439233 0.1237838 0.1460390 0.2206598 0.1547422 0.1221381 0.1418774 0.1129182 0.1174696 0.1031720 0.1005140 0.1317805 0.1067584 0.1067584 0.1143906 0.1005140 0.0992416 0.0992416 0.1067584 0.1005140 0.1174696 0.1237838 0.0845545 0.0918404 0.1502623 0.1174696 0.1159070 0.1081504 0.1081504 0.1317805 0.1502623 0.1005140 0.1005140 0.1095841 0.1336167 0.1699308 0.1788563 0.1788563 0.1317805 0.1398968 0.1398968 0.1379781 0.1542746 0.1542746 0.1460695 0.1564857 0.1460695 0.1379781 0.1379781 0.1300008 0.1379781 0.1564857 0.1649570 0.1355122 0.0992416 0.1237838 0.1067584 0.1095841 0.1110613 0.0918404 0.1336167 0.1221381 0.1159070 0.1095841 0.0918404 0.1081504 0.1143906 0.0980047 0.1221381 0.1221381 0.1317805 0.1129182 0.1237838 0.1317805 0.1720556 0.1481321 0.1005140 0.1005140 0.1005140 0.1005140 0.1005140 0.1018237 0.0783255 0.0856015 0.0783255 0.1174696 0.0992416 0.1159070 0.1159070 0.0856015 0.0907144 0.1317805 0.0992416 0.1174696 0.1524639 0.2245921 0.2180742 0.0992416 0.1317805 0.1159070 
XM_023650934_1_PREDICTED_Equus_caballus_REV3_like_DNA_directed_polymerase_zeta_catalytic_subunit_REV3L_transcript_variant_X1_mRNA_1                        0.0695074 0.1504917 0.1355122 0.0559183 0.1005140 0.0792932 0.0695074 0.1095841 0.0954140 0.0559183 0.0565553 0.0711682 0.0792932 0.0572077 0.1081504 0.1031720 0.0703271 0.1317805 0.0000000 0.0703271 0.1190811 0.1095841 0.1437582 0.1394957 0.0835350 0.0835350 0.0773835 0.1394957 0.1129182 0.1067584 0.1309065 0.1355122 0.2035489 0.1190811 0.1687377 0.2180742 0.1687377 0.1547422 0.1687377 0.1355122 0.0792932 0.0877859 0.0711682 0.0929980 0.0703271 0.0703271 0.0773835 0.0783255 0.0633845 0.0633845 0.0703271 0.0783255 0.0792932 0.0641293 0.0633845 0.0565553 0.0918404 0.0633845 0.0783255 0.0711682 0.0711682 0.0572077 0.0918404 0.0492870 0.0492870 0.0498380 0.0619501 0.1005140 0.1081504 0.1081504 0.0695074 0.0695074 0.0695074 0.0992416 0.1143906 0.1143906 0.0992416 0.0907144 0.0992416 0.1067584 0.1067584 0.0845545 0.0918404 0.1081504 0.0980047 0.1031720 0.0703271 0.0907144 0.0755723 0.0792932 0.0783255 0.0633845 0.0941887 0.0845545 0.0711682 0.0703271 0.0432326 0.0783255 0.0432326 0.0559183 0.0498380 0.0498380 0.0572077 0.0764661 0.0056955 0.0764661 0.1312580 0.0907144 0.0626585 0.0626585 0.0626585 0.0626585 0.0626585 0.0773835 0.0559183 0.0492870 0.0559183 0.0773835 0.0359606 0.0492870 0.0626585 0.0641293 0.0695074 0.0764661 0.0633845 0.0941887 0.1005140 0.1875668 0.1810006 0.0633845 0.0492870 0.0783255 
XM_035296530_1_PREDICTED_Callithrix_jacchus_REV3_like_DNA_directed_polymerase_zeta_catalytic_subunit_REV3L_transcript_variant_X1_mRNA_1                    0.0359606 0.1810006 0.1725510 0.0235801 0.1018237 0.0641293 0.0359606 0.0641293 0.1018237 0.0235801 0.0427622 0.0633845 0.0504031 0.0773835 0.0792932 0.0941887 0.0559183 0.0845545 0.0703271 0.0000000 0.0966751 0.0877859 0.0913061 0.0813102 0.0792932 0.0792932 0.0572077 0.1687377 0.0619501 0.0626585 0.1504917 0.1418774 0.1725510 0.1547422 0.1810006 0.2329611 0.1714605 0.1524639 0.1752652 0.1418774 0.0711682 0.0720316 0.0565553 0.0918404 0.0695074 0.0695074 0.0764661 0.0633845 0.0492870 0.0492870 0.0559183 0.0633845 0.0641293 0.0565553 0.0492870 0.0427622 0.0856015 0.0572077 0.0633845 0.0565553 0.0565553 0.0633845 0.0856015 0.0432326 0.0432326 0.0504031 0.0711682 0.1018237 0.1095841 0.1095841 0.0703271 0.0773835 0.0773835 0.0835350 0.0980047 0.0980047 0.0764661 0.0773835 0.0764661 0.0835350 0.0835350 0.0764661 0.0835350 0.0845545 0.0845545 0.1095841 0.0695074 0.0633845 0.0492870 0.0572077 0.0509818 0.0427622 0.0929980 0.0695074 0.0633845 0.0641293 0.0427622 0.0703271 0.0764661 0.0619501 0.0695074 0.0695074 0.0773835 0.0619501 0.0773835 0.0703271 0.1312580 0.0845545 0.0297203 0.0297203 0.0297203 0.0297203 0.0297203 0.0300319 0.0115965 0.0175387 0.0115965 0.0572077 0.0427622 0.0565553 0.0633845 0.0633845 0.0552965 0.0703271 0.0492870 0.0783255 0.0941887 0.1906932 0.1840362 0.0492870 0.0703271 0.0498380 
XM_007484437_2_PREDICTED_Monodelphis_domestica_REV3_like_DNA_directed_polymerase_zeta_catalytic_subunit_REV3L_transcript_variant_X1_mRNA_1                 0.1190811 0.2536825 0.2394620 0.1031720 0.1272317 0.1328368 0.1190811 0.1207434 0.1528380 0.1031720 0.1045618 0.1394957 0.0993149 0.1110613 0.1394957 0.1309065 0.0941887 0.1570995 0.1190811 0.0966751 0.0000000 0.0303503 0.0504031 0.0363446 0.1190811 0.1190811 0.1095841 0.2374204 0.0954140 0.1045618 0.2262774 0.1620724 0.1810006 0.2180742 0.2194049 0.2709479 0.2536825 0.1939426 0.2113818 0.1714605 0.1207434 0.1224598 0.1031720 0.1355122 0.1095841 0.1095841 0.1174696 0.1309065 0.1125844 0.1125844 0.1207434 0.1309065 0.1328368 0.1309065 0.1125844 0.1045618 0.1374711 0.1207434 0.1141554 0.1224598 0.1224598 0.1224598 0.1374711 0.1031720 0.1031720 0.1125844 0.1174696 0.1272317 0.1272317 0.1355122 0.0929980 0.1005140 0.1005140 0.1290392 0.1460390 0.1460390 0.1336167 0.1317805 0.1336167 0.1418774 0.1418774 0.1174696 0.1254806 0.1439233 0.1398968 0.1437582 0.1374711 0.1005140 0.0941887 0.1074719 0.0900980 0.0966751 0.1095841 0.1207434 0.1309065 0.1290392 0.1045618 0.1141554 0.1290392 0.1190811 0.1018237 0.1018237 0.1110613 0.1110613 0.1272317 0.1190811 0.1682864 0.1355122 0.1110613 0.1031720 0.1031720 0.1110613 0.1110613 0.1125844 0.0877859 0.0954140 0.0877859 0.1018237 0.1095841 0.1272317 0.1081504 0.1224598 0.1190811 0.1190811 0.1125844 0.1415896 0.1570995 0.1254806 0.1439233 0.1125844 0.1081504 0.1309065 
XM_031964400_1_PREDICTED_Sarcophilus_harrisii_REV3_like_DNA_directed_polymerase_zeta_catalytic_subunit_REV3L_transcript_variant_X1_mRNA_1                  0.1095841 0.2180742 0.2069685 0.0941887 0.1336167 0.1141554 0.1095841 0.1110613 0.1328368 0.0941887 0.0877859 0.1207434 0.1059942 0.1207434 0.1290392 0.1328368 0.0954140 0.1374711 0.1095841 0.0877859 0.0303503 0.0000000 0.0578770 0.0432326 0.1125844 0.1125844 0.1110613 0.2040054 0.0866785 0.0954140 0.1939426 0.1595412 0.1780798 0.1875668 0.2076181 0.2895243 0.2180742 0.1714605 0.2076181 0.1687377 0.1224598 0.1242327 0.1045618 0.1174696 0.0929980 0.0929980 0.1005140 0.1125844 0.1031720 0.1031720 0.1110613 0.1125844 0.1141554 0.1125844 0.0954140 0.0877859 0.1190811 0.1110613 0.1207434 0.1045618 0.1045618 0.1045618 0.1190811 0.0866785 0.0866785 0.0954140 0.1081504 0.1336167 0.1336167 0.1418774 0.0992416 0.1067584 0.1067584 0.1355122 0.1524639 0.1524639 0.1237838 0.1221381 0.1237838 0.1317805 0.1317805 0.1081504 0.1159070 0.1336167 0.1300008 0.1328368 0.1272317 0.0992416 0.0929980 0.1141554 0.0966751 0.0877859 0.1190811 0.1110613 0.1207434 0.1190811 0.0954140 0.1045618 0.1190811 0.1095841 0.1110613 0.1110613 0.1207434 0.1018237 0.1174696 0.1095841 0.1720556 0.1254806 0.1018237 0.0941887 0.0941887 0.1018237 0.1018237 0.1031720 0.0792932 0.0866785 0.0792932 0.0929980 0.1005140 0.1174696 0.1095841 0.1045618 0.1095841 0.1095841 0.1031720 0.1309065 0.1460390 0.1570995 0.1780798 0.0954140 0.0845545 0.1207434 
XM_036766364_1_PREDICTED_Trichosurus_vulpecula_REV3_like_DNA_directed_polymerase_zeta_catalytic_subunit_REV3L_transcript_variant_X1_mRNA_1                 0.1260655 0.2654597 0.2503898 0.1089963 0.1528380 0.1105724 0.1260655 0.1074719 0.1674254 0.1089963 0.0993149 0.1437582 0.1105724 0.1224598 0.1577947 0.1437582 0.0889252 0.1528380 0.1437582 0.0913061 0.0504031 0.0578770 0.0000000 0.0300319 0.1260655 0.1260655 0.1157777 0.2487335 0.1224598 0.1074719 0.2487335 0.2180742 0.1973232 0.2286895 0.2536825 0.3210419 0.2536825 0.2329611 0.2774077 0.2286895 0.1157777 0.1174533 0.0979752 0.1309065 0.1045618 0.1045618 0.1125844 0.1260655 0.1074719 0.1074719 0.1157777 0.1260655 0.1105724 0.1348339 0.1074719 0.0993149 0.1460046 0.1279612 0.1260655 0.1006963 0.1006963 0.1437582 0.1460046 0.1089963 0.1089963 0.1191851 0.1242327 0.1528380 0.1528380 0.1620724 0.1141554 0.1224598 0.1224598 0.1415896 0.1595412 0.1595412 0.1207434 0.1482266 0.1207434 0.1290392 0.1290392 0.1125844 0.1207434 0.1482266 0.1394957 0.1674254 0.1328368 0.1224598 0.1157777 0.1191851 0.1209770 0.1074719 0.1207434 0.1157777 0.1260655 0.1369006 0.0993149 0.1437582 0.1415896 0.1309065 0.1125844 0.1125844 0.1224598 0.1059942 0.1528380 0.1260655 0.1760270 0.1260655 0.1174533 0.1089963 0.1089963 0.1174533 0.1174533 0.1021226 0.0925509 0.1006963 0.0925509 0.0993149 0.1157777 0.1348339 0.1224598 0.1174533 0.0979752 0.1260655 0.1074719 0.1369006 0.1674254 0.1687377 0.1906932 0.1074719 0.1309065 0.1174533 
XM_027848601_1_PREDICTED_Vombatus_ursinus_REV3_like_DNA_directed_polymerase_zeta_catalytic_subunit_REV3L_transcript_variant_X1_mRNA_1                      0.1224598 0.2551954 0.2206598 0.1059942 0.1661125 0.1242327 0.1224598 0.0966751 0.1620724 0.1059942 0.0966751 0.1394957 0.1074719 0.1031720 0.1528380 0.1394957 0.0866785 0.1482266 0.1394957 0.0813102 0.0363446 0.0432326 0.0300319 0.0000000 0.1224598 0.1224598 0.1125844 0.2394620 0.1031720 0.1045618 0.2394620 0.1714605 0.1714605 0.2005346 0.2439969 0.2718596 0.2329611 0.2040054 0.2439969 0.2005346 0.1125844 0.1141554 0.0954140 0.1272317 0.1018237 0.1018237 0.1095841 0.1224598 0.1045618 0.1045618 0.1125844 0.1224598 0.1242327 0.1309065 0.1045618 0.0966751 0.1415896 0.1242327 0.1224598 0.1141554 0.1141554 0.1394957 0.1415896 0.1059942 0.1059942 0.1157777 0.1374711 0.1661125 0.1661125 0.1752652 0.1272317 0.1355122 0.1355122 0.1374711 0.1547422 0.1547422 0.1095841 0.1190811 0.1095841 0.1174696 0.1174696 0.1095841 0.1174696 0.1190811 0.1272317 0.1620724 0.1290392 0.1190811 0.1125844 0.1157777 0.1174533 0.0889252 0.1174696 0.0966751 0.1224598 0.1328368 0.0966751 0.1224598 0.1207434 0.1110613 0.0941887 0.0941887 0.1031720 0.1031720 0.1482266 0.1224598 0.1682864 0.1394957 0.1141554 0.1059942 0.1059942 0.1141554 0.1141554 0.1157777 0.0900980 0.0979752 0.0900980 0.1125844 0.1125844 0.1309065 0.1031720 0.1141554 0.1110613 0.1224598 0.1045618 0.1328368 0.1620724 0.1635798 0.1845562 0.1045618 0.1272317 0.1059942 
XM_040983897_1_PREDICTED_Ochotona_curzoniae_REV3_like_DNA_directed_polymerase_zeta_catalytic_subunit_REV3L_transcript_variant_X1_mRNA_1                    0.0783255 0.2040054 0.1939845 0.0641293 0.1355122 0.0941887 0.0783255 0.1374711 0.1141554 0.0641293 0.0703271 0.1005140 0.0889252 0.1110613 0.1190811 0.1224598 0.0633845 0.1355122 0.0835350 0.0792932 0.1190811 0.1125844 0.1260655 0.1224598 0.0000000 0.0114832 0.0432326 0.1906932 0.0856015 0.0792932 0.1810006 0.1752652 0.1906932 0.1752652 0.2040054 0.2614713 0.2142225 0.1687377 0.1939426 0.1570995 0.0792932 0.0802874 0.0783255 0.0877859 0.0648931 0.0648931 0.0720316 0.0783255 0.0720316 0.0720316 0.0792932 0.0783255 0.0941887 0.0929980 0.0773835 0.0703271 0.1067584 0.0866785 0.1031720 0.0856015 0.0856015 0.1005140 0.1067584 0.0626585 0.0626585 0.0703271 0.0918404 0.1355122 0.1272317 0.1272317 0.1005140 0.1005140 0.1005140 0.1095841 0.1254806 0.1254806 0.1174696 0.1081504 0.1174696 0.1254806 0.1254806 0.1018237 0.1095841 0.1272317 0.1159070 0.1394957 0.1095841 0.0783255 0.0703271 0.0889252 0.0877859 0.0792932 0.1290392 0.1095841 0.1031720 0.0941887 0.0792932 0.1110613 0.1095841 0.0929980 0.1018237 0.1018237 0.1110613 0.0856015 0.0907144 0.0856015 0.1312580 0.0929980 0.0711682 0.0572077 0.0572077 0.0711682 0.0711682 0.0866785 0.0641293 0.0711682 0.0641293 0.0941887 0.0703271 0.0856015 0.0835350 0.0954140 0.0783255 0.0856015 0.0866785 0.1207434 0.1110613 0.1687377 0.1810006 0.0773835 0.0856015 0.1031720 
XM_004580498_1_PREDICTED_Ochotona_princeps_REV3_like_DNA_directed_polymerase_zeta_catalytic_subunit_REV3L_mRNA_1                                           0.0783255 0.1840362 0.1939845 0.0641293 0.1355122 0.0941887 0.0783255 0.1374711 0.1141554 0.0641293 0.0703271 0.1005140 0.0889252 0.1110613 0.1190811 0.1224598 0.0633845 0.1355122 0.0835350 0.0792932 0.1190811 0.1125844 0.1260655 0.1224598 0.0114832 0.0000000 0.0432326 0.1714605 0.0856015 0.0792932 0.1810006 0.1752652 0.1906932 0.1752652 0.1840362 0.2394620 0.1939426 0.1687377 0.1939426 0.1394957 0.0792932 0.0802874 0.0783255 0.0877859 0.0648931 0.0648931 0.0720316 0.0929980 0.0866785 0.0866785 0.0941887 0.0929980 0.0941887 0.0929980 0.0773835 0.0703271 0.1067584 0.0866785 0.1031720 0.0856015 0.0856015 0.1005140 0.1067584 0.0626585 0.0626585 0.0703271 0.0918404 0.1355122 0.1272317 0.1272317 0.1005140 0.1005140 0.1005140 0.1095841 0.1254806 0.1254806 0.1336167 0.1237838 0.1336167 0.1418774 0.1418774 0.1174696 0.1254806 0.1439233 0.1317805 0.1394957 0.1095841 0.0783255 0.0703271 0.0889252 0.0877859 0.0792932 0.1290392 0.1095841 0.1031720 0.0941887 0.0792932 0.1110613 0.1095841 0.0783255 0.1018237 0.1018237 0.1110613 0.0856015 0.0907144 0.0856015 0.1194942 0.1005140 0.0711682 0.0572077 0.0572077 0.0711682 0.0711682 0.0866785 0.0641293 0.0711682 0.0641293 0.0941887 0.0703271 0.0856015 0.0835350 0.0954140 0.0783255 0.0856015 0.0866785 0.1207434 0.1110613 0.1687377 0.1714605 0.0773835 0.0856015 0.1031720 
XM_008263376_2_PREDICTED_Oryctolagus_cuniculus_REV3_like_DNA_directed_polymerase_zeta_catalytic_subunit_REV3L_transcript_variant_X1_mRNA_1                 0.0565553 0.1871915 0.1875668 0.0432326 0.1095841 0.0802874 0.0565553 0.1110613 0.1125844 0.0432326 0.0572077 0.0866785 0.0656773 0.0941887 0.0941887 0.1045618 0.0559183 0.1095841 0.0773835 0.0572077 0.1095841 0.1110613 0.1157777 0.1125844 0.0432326 0.0432326 0.0000000 0.1840362 0.0633845 0.0711682 0.1742876 0.1547422 0.1687377 0.1687377 0.1973232 0.2351135 0.2076181 0.1661125 0.1714605 0.1374711 0.0572077 0.0578770 0.0297203 0.0792932 0.0572077 0.0572077 0.0641293 0.0792932 0.0641293 0.0641293 0.0711682 0.0792932 0.0802874 0.0792932 0.0641293 0.0572077 0.0835350 0.0641293 0.0792932 0.0720316 0.0720316 0.0866785 0.0835350 0.0498380 0.0498380 0.0572077 0.0783255 0.1095841 0.1174696 0.1018237 0.0773835 0.0845545 0.0845545 0.1005140 0.1159070 0.1159070 0.1081504 0.0992416 0.1081504 0.1159070 0.1159070 0.0929980 0.1005140 0.1174696 0.1067584 0.1207434 0.0856015 0.0498380 0.0363446 0.0729184 0.0648931 0.0572077 0.1110613 0.0856015 0.0792932 0.0626585 0.0504031 0.0720316 0.0929980 0.0773835 0.0856015 0.0856015 0.0941887 0.0633845 0.0845545 0.0633845 0.1194942 0.0773835 0.0498380 0.0498380 0.0498380 0.0498380 0.0498380 0.0641293 0.0432326 0.0498380 0.0432326 0.0572077 0.0492870 0.0633845 0.0619501 0.0720316 0.0565553 0.0633845 0.0641293 0.0954140 0.0773835 0.1482266 0.1415896 0.0641293 0.0773835 0.0792932 
