125
NM_001372078_1_Homo_sapiens_REV3_like_DNA_directed_polymerase_zeta_catalytic_subunit_REV3L_transcript_variant_4_mRNA_1                                     0.0000000 0.2230845 0.2282001 0.0620443 0.1687799 0.2322246 0.0151981 0.1885345 0.2207022 0.0620443 0.1935186 0.1865831 0.2335830 0.2135296 0.1621009 0.2023338 0.2804898 0.1807144 0.1526399 0.3055052 0.0149348 0.3279365 0.2888250 0.2600910 0.1787591 0.2031677 0.1787591 0.2417469 0.1967222 0.2443732 0.2660538 0.2446103 0.2665971 0.2282001 0.2443732 0.4498137 0.2230845 0.2232685 0.3061246 0.2999645 0.2757146 0.2531229 0.2079662 0.1967222 0.1967222 0.1705329 0.1925931 0.1705329 0.1518770 0.1687799 0.1679406 0.1496250 0.1496250 0.1875523 0.1316410 0.1687799 0.1875523 0.1875523 0.1679406 0.1875523 0.1885345 0.1885345 0.1904331 0.1904331 0.1679406 0.1914486 0.2322246 0.1914486 0.1696730 0.1885401 0.1885401 0.1705329 0.1705329 0.1925931 0.1905406 0.1905406 0.2865307 1.9773668 0.2109983 0.2362371 0.2133743 0.1758605 0.2541444 0.2077789 0.2273576 0.2500279 0.2066554 0.1705329 0.2373105 0.2111968 0.1915610 0.2325331 0.2530427 0.2337834 0.2628951 0.1526399 0.2100275 0.0640244 0.2100275 0.0458896 0.0458896 0.0793951 0.0780499 0.0626073 0.0149828 0.0151981 0.0000010 0.0635318 0.0465542 0.0465542 0.0465542 0.0967915 0.0809008 0.0985598 8.9999990 0.2614564 0.3426100 0.2925560 0.2145286 0.2387405 0.2111968 0.6371783 0.6371783 0.1496250 0.2868910 
NM_011264_3_Mus_musculus_REV3_like_DNA_directed_polymerase_zeta_catalytic_subunit_Rev3l_mRNA_1                                                             0.2230845 0.0000000 0.0462967 0.2695566 0.3326137 0.4169699 0.2500472 0.3585310 0.0966851 0.2695566 0.3452176 0.3532740 0.4204174 0.3337039 0.2771004 0.1161573 0.3407133 0.1156217 0.3149370 0.4063857 0.2021954 0.4325442 0.4702504 0.4030106 0.3189886 0.3512458 0.3426394 0.2680959 0.2220198 0.0300111 0.0454790 0.1526747 0.1383089 0.0462967 0.0300111 0.1557733 0.0148510 0.1342322 0.2003402 0.1969852 0.3350197 0.3118952 0.2872225 0.2220198 0.2220198 0.3368906 0.3681449 0.3368906 0.3136431 0.3326137 0.3075963 0.3075963 0.3075963 0.3558767 0.2853124 0.3326137 0.3558767 0.3558767 0.3075963 0.3558767 0.3075963 0.3075963 0.3618742 0.3618742 0.3302531 0.3646290 0.4169699 0.3646290 0.3092923 0.3320668 0.3320668 0.3136431 0.3136431 0.3438554 0.3393735 0.3393735 0.2713543 3.2170521 0.3889264 0.4263840 0.3951659 0.3492289 0.4169699 0.3585310 0.3824197 0.4122162 0.3558767 0.3136431 0.4278078 0.3660633 0.3419057 0.3937619 0.4190110 0.3571911 0.4112973 0.3149370 0.3875509 0.2474735 0.3875509 0.2459105 0.2459105 0.2978233 0.2900652 0.2729051 0.2459105 0.2500472 0.2230845 0.2776056 0.2500472 0.2500472 0.2282001 0.2135296 0.2171711 0.2393158 3.0542355 0.4539504 0.6241474 0.5056285 0.3426394 0.4314696 0.3632669 0.7469493 0.8353054 0.3075963 0.4981070 
XM_006256524_2_PREDICTED_Rattus_norvegicus_REV3_like_DNA_directed_polymerase_zeta_catalytic_subunit_Rev3l_transcript_variant_X1_mRNA_1                     0.2282001 0.0462967 0.0000000 0.2760072 0.3171890 0.4021121 0.2560015 0.3432603 0.1162473 0.2760072 0.3790048 0.3382157 0.4054598 0.3181608 0.2604764 0.1750744 0.3250326 0.1362770 0.2991189 0.4443018 0.2067715 0.4717080 0.4552242 0.3875317 0.3030082 0.3352606 0.3269165 0.2744722 0.2270973 0.0462967 0.0623727 0.1750744 0.1807887 0.0000010 0.0462967 0.1787308 0.0305434 0.1558312 0.2261941 0.2222009 0.3194842 0.2961220 0.2713543 0.2488825 0.2488825 0.3213131 0.3525779 0.3213131 0.2978233 0.3171890 0.3382157 0.2920474 0.2920474 0.3407133 0.2695566 0.3171890 0.3407133 0.3407133 0.3382157 0.3407133 0.2920474 0.2920474 0.3465825 0.3465825 0.3149370 0.3492289 0.4021121 0.3492289 0.2936972 0.3167091 0.3167091 0.3452176 0.3452176 0.3775830 0.3724343 0.3724343 0.3492289 3.2170521 0.3738338 0.4112973 0.3798619 0.3332864 0.4021121 0.3432603 0.3674401 0.3974259 0.3171890 0.2978233 0.4127565 0.3505348 0.3260999 0.3784316 0.4040207 0.3419057 0.4224978 0.2991189 0.3724343 0.2760072 0.3724343 0.2516710 0.2516710 0.3052140 0.2970219 0.2795315 0.2516710 0.2560015 0.2282001 0.2844579 0.2560015 0.2560015 0.2560015 0.1978229 0.2011980 0.2233583 2.3532816 0.4960064 0.6104716 0.5836243 0.3269165 0.4163168 0.3478495 0.8066843 0.8177177 0.2920474 0.4835390 
XM_028847034_1_PREDICTED_Macaca_mulatta_REV3_like_DNA_directed_polymerase_zeta_catalytic_subunit_REV3L_transcript_variant_X1_mRNA_1                        0.0620443 0.2695566 0.2760072 0.0000000 0.2089185 0.2767907 0.0798232 0.2299630 0.2665971 0.0000010 0.2362371 0.2273576 0.2785623 0.2575459 0.2050504 0.2477227 0.3061093 0.2244349 0.1924793 0.3558767 0.0460531 0.3326137 0.3393735 0.3075963 0.2217552 0.2484519 0.2217552 0.2648742 0.2404159 0.2920474 0.3149370 0.2924348 0.2665971 0.2760072 0.2920474 0.5156499 0.2695566 0.2698703 0.3610317 0.3532316 0.3008444 0.2776056 0.2309555 0.2404159 0.2404159 0.1905406 0.2135296 0.1905406 0.1714031 0.2089185 0.2077789 0.1885345 0.1885345 0.2286506 0.1696300 0.1687799 0.2286506 0.2286506 0.2077789 0.2286506 0.2299630 0.2299630 0.2322246 0.2322246 0.2077789 0.2335830 0.2767907 0.2335830 0.2100275 0.2298586 0.2298586 0.2111968 0.2111968 0.2351685 0.2325331 0.2325331 0.2865307 2.1964255 0.2541444 0.2362371 0.2572810 0.2180309 0.3002008 0.2501986 0.2273576 0.2951057 0.2487200 0.2111968 0.2830900 0.1722860 0.2339023 0.2773892 0.2989888 0.2788895 0.2628951 0.1924793 0.2100275 0.1348945 0.2100275 0.0149828 0.0149828 0.0151115 0.0458896 0.0306481 0.0458896 0.0798232 0.0620443 0.0981347 0.0798232 0.0798232 0.0798232 0.1329520 0.1167730 0.1355698 8.9999989 0.2387405 0.4250619 0.3175326 0.2362371 0.2387405 0.2111968 0.6777374 0.6777374 0.1885345 0.3114475 
XM_014118216_3_PREDICTED_Canis_lupus_familiaris_REV3_like_DNA_directed_polymerase_zeta_catalytic_subunit_REV3L_transcript_variant_X1_mRNA_1                0.1687799 0.3326137 0.3171890 0.2089185 0.0000000 0.0966821 0.1914486 0.0782462 0.2840977 0.2089185 0.0971987 0.0456394 0.0793951 0.0797074 0.1611916 0.2875885 0.3030082 0.2853124 0.0306481 0.2559582 0.1503433 0.2771100 0.2393158 0.2135296 0.1978229 0.2230845 0.2181994 0.3063414 0.2135296 0.3326137 0.3097254 0.3101707 0.3438554 0.3171890 0.2872225 0.4965746 0.3097254 0.2875885 0.3800055 0.3717672 0.2488825 0.2747591 0.3189886 0.1957810 0.1957810 0.0622685 0.0797074 0.0622685 0.0462068 0.0000010 0.0456394 0.0456394 0.0456394 0.0458011 0.0301119 0.0617104 0.0148510 0.0148510 0.0456394 0.0458011 0.0459640 0.0459640 0.0464635 0.0464635 0.0301119 0.0628451 0.0966821 0.0628451 0.0957734 0.1129119 0.1129119 0.1297970 0.1297970 0.1496731 0.1119434 0.1481855 0.2586796 2.3942636 0.1310417 0.1518770 0.0962787 0.0635318 0.0962787 0.0941095 0.0776390 0.0949871 0.0612554 0.0783505 0.0805769 0.1129119 0.0786589 0.1129119 0.0625035 0.0966851 0.1349867 0.0306481 0.1134039 0.2362371 0.1134039 0.1885345 0.1885345 0.2325331 0.2273576 0.2111968 0.1885345 0.1914486 0.1687799 0.1749889 0.1533921 0.1533921 0.1533921 0.1134039 0.1328906 0.1518570 8.9999983 0.2430151 0.3092900 0.2983061 0.1714031 0.1722450 0.1705260 0.6180003 0.5868379 0.0148985 0.1760024 
XM_024996589_1_PREDICTED_Bos_taurus_REV3_like_DNA_directed_polymerase_zeta_catalytic_subunit_REV3L_transcript_variant_X1_mRNA_1                            0.2322246 0.4169699 0.4021121 0.2767907 0.0966821 0.0000000 0.2582055 0.1251038 0.3632669 0.2767907 0.1542227 0.0793951 0.1731363 0.1741230 0.1842336 0.3681449 0.3326982 0.3127269 0.0620443 0.2584724 0.2121771 0.2797786 0.2417469 0.2600910 0.1807144 0.1847187 0.2660538 0.3875509 0.2375227 0.4169699 0.3920133 0.3653142 0.3745790 0.4021121 0.3674401 0.5748606 0.3920133 0.3412922 0.4760312 0.4645285 0.3269165 0.3030082 0.3485664 0.2194808 0.2194808 0.1329520 0.1534460 0.1329520 0.1151076 0.0966821 0.0793951 0.0962787 0.0962787 0.1139923 0.0962787 0.1316410 0.1139923 0.1139923 0.0793951 0.1139923 0.1144948 0.1144948 0.1157118 0.1157118 0.0962787 0.0287352 0.0000010 0.0287352 0.1093476 0.1262881 0.1262881 0.1603929 0.1603929 0.1808740 0.1790684 0.1422656 0.3339170 1.6460188 0.1713653 0.1945758 0.1731363 0.1369897 0.1731363 0.1134951 0.1687799 0.1696730 0.1496250 0.1511424 0.1376534 0.2111968 0.1714031 0.2111968 0.1722860 0.1936408 0.2192330 0.0620443 0.1714031 0.2612368 0.1714031 0.2541444 0.2541444 0.3038490 0.2962929 0.2800701 0.2541444 0.2582055 0.2322246 0.2415207 0.2167724 0.2167724 0.2167724 0.1714031 0.1936408 0.2147480 8.9999983 0.2689873 0.2776056 0.3271937 0.2362371 0.2373105 0.1925967 0.6231668 0.5918862 0.0793951 0.2011980 
XM_016956167_2_PREDICTED_Pan_troglodytes_REV3_like_DNA_directed_polymerase_zeta_catalytic_subunit_REV3L_transcript_variant_X1_mRNA_1                       0.0151981 0.2500472 0.2560015 0.0798232 0.1914486 0.2582055 0.0000000 0.2121771 0.2473003 0.0798232 0.2179595 0.2098357 0.2598176 0.2389578 0.1862547 0.2284003 0.3115432 0.2055520 0.1749381 0.3357663 0.0307160 0.3591730 0.3189886 0.2881182 0.2031677 0.2291987 0.2031677 0.2473003 0.2010374 0.2723046 0.2949631 0.2726286 0.2957406 0.2560015 0.2723046 0.4431293 0.2500472 0.2503050 0.3390844 0.3318752 0.3061093 0.2824553 0.2349367 0.2217552 0.2217552 0.1935186 0.2169370 0.1935186 0.1740753 0.1914486 0.1904331 0.1713653 0.1713653 0.2109983 0.1526399 0.1914486 0.2109983 0.2109983 0.1904331 0.2109983 0.2121771 0.2121771 0.1687511 0.1687511 0.1904331 0.2155327 0.2582055 0.2155327 0.1924760 0.1924760 0.1924760 0.1935186 0.1935186 0.2169370 0.2145286 0.2145286 0.3162335 1.9773668 0.2359028 0.2628951 0.2387405 0.1997650 0.2812543 0.2322246 0.2526135 0.2765168 0.2308862 0.1935186 0.2640579 0.2362371 0.2157576 0.2586796 0.2800701 0.2600910 0.2913089 0.1749381 0.2348408 0.0824748 0.2348408 0.0629507 0.0629507 0.0981347 0.0963848 0.0805769 0.0308218 0.0000010 0.0151981 0.0817941 0.0638846 0.0638846 0.0638846 0.1163371 0.1000707 0.1185808 8.9999983 0.2896902 0.3784396 0.3229543 0.2400507 0.2441373 0.2362371 0.6914866 0.6914866 0.1713653 0.3167091 
XM_021091238_1_PREDICTED_Sus_scrofa_REV3_like_DNA_directed_polymerase_zeta_catalytic_subunit_REV3L_transcript_variant_X1_mRNA_1                            0.1885345 0.3585310 0.3432603 0.2299630 0.0782462 0.1251038 0.2121771 0.0000000 0.2840977 0.2299630 0.0804646 0.0944927 0.0966821 0.1335109 0.1212124 0.2875885 0.3052140 0.3097254 0.0628451 0.2788895 0.1696300 0.3005983 0.2622430 0.2351685 0.1989395 0.2244349 0.2404159 0.3313123 0.2351685 0.3585310 0.3350197 0.3101707 0.3710344 0.3432603 0.3118952 0.5297375 0.3350197 0.2875885 0.3518236 0.3444555 0.2999449 0.2285088 0.3213131 0.2172403 0.2172403 0.0789702 0.0970920 0.0789702 0.0957734 0.0782462 0.0944927 0.0302124 0.0302124 0.0619408 0.0779412 0.0782462 0.0619408 0.0619408 0.0944927 0.0619408 0.0952703 0.0952703 0.0628451 0.0628451 0.0458011 0.0915361 0.1251038 0.0915361 0.0751053 0.0910745 0.0910745 0.1234379 0.1234379 0.1422249 0.1408808 0.1408808 0.2818929 2.3942636 0.1139923 0.1156217 0.0797119 0.0985557 0.1150021 0.1474160 0.0952703 0.1134039 0.1118394 0.1129119 0.0989810 0.1688088 0.1315768 0.1309768 0.1134039 0.1518570 0.1557733 0.0628451 0.0625035 0.2586796 0.0625035 0.2089185 0.2089185 0.2545856 0.2487200 0.2325331 0.2089185 0.2121771 0.1885345 0.1749889 0.1731363 0.1731363 0.1731363 0.1315768 0.1518570 0.1328906 8.9999985 0.1797044 0.3617686 0.3239843 0.1533760 0.2145892 0.1149113 0.5448398 0.5154546 0.0617104 0.2184417 
XM_040758199_1_PREDICTED_Mesocricetus_auratus_REV3_like_DNA_directed_polymerase_zeta_catalytic_subunit_Rev3l_transcript_variant_X1_mRNA_1                  0.2207022 0.0966851 0.1162473 0.2665971 0.2840977 0.3632669 0.2473003 0.2840977 0.0000000 0.2665971 0.3412922 0.3042640 0.3660633 0.2847694 0.2040293 0.0778275 0.2907932 0.0970920 0.2665971 0.3511764 0.2000507 0.3761614 0.4108016 0.3484730 0.2477227 0.2763486 0.2924348 0.2222009 0.2002064 0.0630762 0.0797074 0.0457028 0.1558216 0.1162473 0.0966851 0.2447722 0.0797074 0.0301388 0.1160830 0.1144328 0.2859931 0.2407853 0.2622430 0.1788915 0.1788915 0.2875885 0.3163583 0.2875885 0.2654085 0.2840977 0.3042640 0.2605824 0.2605824 0.3063414 0.2393158 0.2840977 0.3063414 0.3063414 0.3042640 0.3063414 0.3084570 0.3084570 0.3114475 0.3114475 0.2822344 0.3136431 0.3632669 0.3136431 0.2620183 0.2837836 0.2837836 0.2875885 0.2875885 0.3163583 0.3123520 0.3123520 0.2907932 3.8159750 0.3368906 0.3084570 0.3419057 0.2978233 0.3158805 0.3084570 0.3313123 0.3591788 0.3063414 0.2654085 0.3724343 0.3145747 0.2915324 0.3145747 0.3380355 0.3071910 0.3553543 0.2665971 0.3101707 0.2447722 0.3101707 0.2432476 0.2432476 0.2944637 0.2868910 0.2698703 0.2432476 0.2473003 0.2207022 0.2000507 0.2473003 0.2473003 0.2257084 0.1348680 0.1948228 0.2161481 4.4676808 0.4210022 0.5512399 0.4698853 0.3438554 0.3754011 0.3123520 0.6215178 0.6288240 0.2605824 0.4374445 
XM_015448392_1_PREDICTED_Macaca_fascicularis_REV3_like_DNA_directed_polymerase_zeta_catalytic_subunit_REV3L_transcript_variant_X1_mRNA_1                   0.0620443 0.2695566 0.2760072 0.0000010 0.2089185 0.2767907 0.0798232 0.2299630 0.2665971 0.0000000 0.2362371 0.2273576 0.2785623 0.2575459 0.2050504 0.2477227 0.3061093 0.2244349 0.1924793 0.3558767 0.0460531 0.3326137 0.3393735 0.3075963 0.2217552 0.2484519 0.2217552 0.2648742 0.2404159 0.2920474 0.3149370 0.2924348 0.2665971 0.2760072 0.2920474 0.5156499 0.2695566 0.2698703 0.3610317 0.3532316 0.3008444 0.2776056 0.2309555 0.2404159 0.2404159 0.1905406 0.2135296 0.1905406 0.1714031 0.2089185 0.2077789 0.1885345 0.1885345 0.2286506 0.1696300 0.1687799 0.2286506 0.2286506 0.2077789 0.2286506 0.2299630 0.2299630 0.2322246 0.2322246 0.2077789 0.2335830 0.2767907 0.2335830 0.2100275 0.2298586 0.2298586 0.2111968 0.2111968 0.2351685 0.2325331 0.2325331 0.2865307 2.1964255 0.2541444 0.2362371 0.2572810 0.2180309 0.3002008 0.2501986 0.2273576 0.2951057 0.2487200 0.2111968 0.2830900 0.1722860 0.2339023 0.2773892 0.2989888 0.2788895 0.2628951 0.1924793 0.2100275 0.1348945 0.2100275 0.0149828 0.0149828 0.0151115 0.0458896 0.0306481 0.0458896 0.0798232 0.0620443 0.0981347 0.0798232 0.0798232 0.0798232 0.1329520 0.1167730 0.1355698 8.9999989 0.2387405 0.4250619 0.3175326 0.2362371 0.2387405 0.2111968 0.6777374 0.6777374 0.1885345 0.3114475 
XM_004753515_2_PREDICTED_Mustela_putorius_furo_REV3_like_polymerase_DNA_directed_zeta_catalytic_subunit_REV3L_transcript_variant_X1_mRNA_1                 0.1935186 0.3452176 0.3790048 0.2362371 0.0971987 0.1542227 0.2179595 0.0804646 0.3412922 0.2362371 0.0000000 0.1140972 0.1549931 0.1558312 0.1842336 0.2982396 0.3399040 0.3426394 0.0813453 0.2868910 0.1740753 0.3092923 0.2698703 0.2417469 0.2257084 0.2531229 0.2692972 0.2822344 0.2631799 0.3942348 0.3695286 0.3458236 0.3828943 0.3790048 0.3452176 0.5784121 0.3695286 0.3458236 0.4507925 0.4400503 0.3338596 0.3092900 0.3560517 0.2447722 0.2447722 0.0981385 0.1174108 0.0981385 0.1157274 0.0971987 0.0798187 0.0468825 0.0468825 0.0801402 0.0967915 0.0971987 0.0801402 0.0801402 0.0798187 0.0801402 0.1151076 0.1151076 0.0813453 0.0813453 0.0631824 0.1168625 0.1542227 0.1168625 0.0985598 0.1162473 0.1162473 0.1336650 0.1336650 0.1542779 0.1526926 0.1526926 0.2677901 2.7492241 0.1349867 0.1566302 0.1362770 0.1192184 0.1362770 0.1696730 0.1151076 0.1162473 0.1323399 0.1157274 0.1197741 0.1925931 0.1534460 0.1925931 0.1732180 0.1558312 0.1797299 0.0813453 0.0989854 0.2660538 0.0989854 0.2145286 0.2145286 0.2617366 0.2555057 0.2389578 0.2145286 0.2179595 0.1935186 0.2010374 0.1777725 0.1777725 0.1777725 0.1534460 0.1750744 0.1957697 8.9999988 0.2296255 0.4004650 0.3340850 0.1768846 0.2415207 0.1759698 0.6157460 0.6487422 0.0798187 0.2461535 
XM_034668992_1_PREDICTED_Ailuropoda_melanoleuca_REV3_like_DNA_directed_polymerase_zeta_catalytic_subunit_REV3L_transcript_variant_X1_mRNA_1                0.1865831 0.3532740 0.3382157 0.2273576 0.0456394 0.0793951 0.2098357 0.0944927 0.3042640 0.2273576 0.1140972 0.0000000 0.1139923 0.1322767 0.1802429 0.3080297 0.3245014 0.3055052 0.0462967 0.2753616 0.1679406 0.2966710 0.2589494 0.2324204 0.1768846 0.2010374 0.2375227 0.3266629 0.2324204 0.3532740 0.3302531 0.3307723 0.3653142 0.3382157 0.3075963 0.4646784 0.3302531 0.3080297 0.4024798 0.3936727 0.3189886 0.2957406 0.3401115 0.2147480 0.2147480 0.0783505 0.0962815 0.0783505 0.0620355 0.0456394 0.0300111 0.0612554 0.0612554 0.0614819 0.0454790 0.0776390 0.0614819 0.0614819 0.0300111 0.0614819 0.0617104 0.0617104 0.0623727 0.0623727 0.0454790 0.0464635 0.0793951 0.0464635 0.1124251 0.1297970 0.1297970 0.1468045 0.1468045 0.1671820 0.1655033 0.1655033 0.2782781 2.1964255 0.1304492 0.1511424 0.1316410 0.0977179 0.1316410 0.1460502 0.1285499 0.1474910 0.1108915 0.1119434 0.1157118 0.1671352 0.1303836 0.1671352 0.1134039 0.1503925 0.1731737 0.0462967 0.1303836 0.2555057 0.1303836 0.2066554 0.2066554 0.2515234 0.2458306 0.2298586 0.2066554 0.2098357 0.1865831 0.1935186 0.1713653 0.1713653 0.1713653 0.1303836 0.1503925 0.1697050 8.9999983 0.2628951 0.3313135 0.2735280 0.1895335 0.2322246 0.1886339 0.6424972 0.6113658 0.0300111 0.1760024 
XM_015600069_2_PREDICTED_Pteropus_alecto_REV3_like_DNA_directed_polymerase_zeta_catalytic_subunit_REV3L_transcript_variant_X1_mRNA_1                       0.2335830 0.4204174 0.4054598 0.2785623 0.0793951 0.1731363 0.2598176 0.0966821 0.3660633 0.2785623 0.1549931 0.1139923 0.0000000 0.1732180 0.2276872 0.3710344 0.4188076 0.3674401 0.1162313 0.3326137 0.2133743 0.3558767 0.3158805 0.2853124 0.2695566 0.2991189 0.3382157 0.3906237 0.2853124 0.4204174 0.4460540 0.3960158 0.4363234 0.4054598 0.4204174 0.6115548 0.3951659 0.3710344 0.4168593 0.4073213 0.3539808 0.3852418 0.3820895 0.3118952 0.3118952 0.0807921 0.0994154 0.0807921 0.0980276 0.0793951 0.1139923 0.0966821 0.0966821 0.0970888 0.0797119 0.0800327 0.0628451 0.0628451 0.1139923 0.0970888 0.1328601 0.1328601 0.0985557 0.0985557 0.0797119 0.1348945 0.1731363 0.1348945 0.1526219 0.1714031 0.1714031 0.1518770 0.1518770 0.1732180 0.1329520 0.1714031 0.3837750 2.3942636 0.1309486 0.1518055 0.0149348 0.0631912 0.1128988 0.1496250 0.1316410 0.1511424 0.1489153 0.1329520 0.0971955 0.1714031 0.1335724 0.1714031 0.1526219 0.1925931 0.1162313 0.1162313 0.1722860 0.3109976 0.1722860 0.2556996 0.2556996 0.3059157 0.2982303 0.2818929 0.2556996 0.2598176 0.2335830 0.2865307 0.2598176 0.2598176 0.2598176 0.1722860 0.2351685 0.2135296 8.9999987 0.2269011 0.4015118 0.4107187 0.1967358 0.2180309 0.1936469 0.6699027 0.5983130 0.0966821 0.2665971 
XM_005883745_2_PREDICTED_Myotis_brandtii_REV3_like_polymerase_DNA_directed_zeta_catalytic_subunit_REV3L_transcript_variant_X1_mRNA_1                       0.2135296 0.3337039 0.3181608 0.2575459 0.0797074 0.1741230 0.2389578 0.1335109 0.2847694 0.2575459 0.1558312 0.1322767 0.1732180 0.0000000 0.1813133 0.3110637 0.3038788 0.2859931 0.0989854 0.2895425 0.1936408 0.3123520 0.3186518 0.2436389 0.1968603 0.2220198 0.2171711 0.3300129 0.1937640 0.3337039 0.3106120 0.3110637 0.3450946 0.3181608 0.2879245 0.4363234 0.3106120 0.2882956 0.3531801 0.3457055 0.2493186 0.2753877 0.3199806 0.2162142 0.2162142 0.1526747 0.1742069 0.1526747 0.1342322 0.0797074 0.1322767 0.0970920 0.0970920 0.1328906 0.1145093 0.1511207 0.0966851 0.0966851 0.1322767 0.1328906 0.1335109 0.1335109 0.1349274 0.1349274 0.1145093 0.1355698 0.1741230 0.1355698 0.1534300 0.1723663 0.1723663 0.1906500 0.1906500 0.2136854 0.1706095 0.2113462 0.3393735 2.3942636 0.1526926 0.1750744 0.1542088 0.1185808 0.1542088 0.1145093 0.0970920 0.1156372 0.0797074 0.0980314 0.1376899 0.0980314 0.0636608 0.0619320 0.0459540 0.0146872 0.1591245 0.0989854 0.1732626 0.2575459 0.1732626 0.2351685 0.2351685 0.2840977 0.2771100 0.2605824 0.2351685 0.2389578 0.2135296 0.2220198 0.1978229 0.1978229 0.1978229 0.1309116 0.1510989 0.1706030 6.3685535 0.3236828 0.4339641 0.3889921 0.2393158 0.2404159 0.2162142 0.6977683 0.6630308 0.0970920 0.2465679 
XM_006157005_3_PREDICTED_Tupaia_chinensis_REV3_like_DNA_directed_polymerase_zeta_catalytic_subunit_REV3L_transcript_variant_X3_mRNA_1                      0.1621009 0.2771004 0.2604764 0.2050504 0.1611916 0.1842336 0.1862547 0.1212124 0.2040293 0.2050504 0.1842336 0.1802429 0.2276872 0.1813133 0.0000000 0.2278863 0.1734132 0.1852939 0.1438894 0.3042986 0.1424256 0.3283817 0.2863756 0.3065319 0.1244783 0.1471400 0.1394662 0.2251997 0.1822659 0.2771004 0.2542749 0.2278863 0.2607772 0.2604764 0.2318980 0.4369336 0.2542749 0.2064161 0.2628946 0.2577693 0.1704522 0.1285783 0.1906363 0.1006346 0.1006346 0.2040293 0.2293119 0.2040293 0.1832873 0.1611916 0.1802429 0.1408601 0.1408601 0.1812365 0.1603445 0.2017025 0.1812365 0.1812365 0.1802429 0.1812365 0.1822455 0.1822455 0.1842336 0.1842336 0.1603445 0.1431528 0.1842336 0.1431528 0.1621100 0.1822659 0.1822659 0.2467920 0.2467920 0.2739691 0.2705855 0.2705855 0.3374462 4.3195402 0.2495362 0.2511560 0.2062662 0.2110490 0.2528038 0.2454048 0.2239290 0.2483715 0.2017025 0.2040293 0.2345412 0.2499778 0.2279931 0.2499778 0.2279931 0.2018674 0.3101749 0.1438894 0.1832873 0.1621009 0.1832873 0.1832021 0.1832021 0.2304354 0.2249139 0.2074571 0.1832021 0.1862547 0.1621009 0.1455175 0.1455175 0.1455175 0.1455175 0.1001927 0.1016473 0.0833538 8.9999987 0.2400925 0.4010570 0.3171937 0.2542749 0.2250093 0.1423799 0.4639105 0.4759291 0.1408601 0.2625837 
XM_027402162_2_PREDICTED_Cricetulus_griseus_REV3_like_DNA_directed_polymerase_zeta_catalytic_subunit_Rev3l_transcript_variant_X5_mRNA_1                    0.2023338 0.1161573 0.1750744 0.2477227 0.2875885 0.3681449 0.2284003 0.2875885 0.0778275 0.2477227 0.2982396 0.3080297 0.3710344 0.3110637 0.2278863 0.0000000 0.3176721 0.1156372 0.2698703 0.3846106 0.1818129 0.4108016 0.4480549 0.3814499 0.2961457 0.3274523 0.3432289 0.2463978 0.2235438 0.1526747 0.1714816 0.0952748 0.1574855 0.1750744 0.1526747 0.3199806 0.1342322 0.0785444 0.1355790 0.1335736 0.3123520 0.2654085 0.2875885 0.2013341 0.2013341 0.2911759 0.2625280 0.2911759 0.2686596 0.2875885 0.2636988 0.2636988 0.2636988 0.3101707 0.2421269 0.2875885 0.3101707 0.3101707 0.2636988 0.3101707 0.3123520 0.3123520 0.3154074 0.3154074 0.2856692 0.3176721 0.3681449 0.3176721 0.2891979 0.3119005 0.3119005 0.2911759 0.2911759 0.3204808 0.3163583 0.3163583 0.2986377 2.7348764 0.3412922 0.3123520 0.3464716 0.3016887 0.3681449 0.3123520 0.3355674 0.3639459 0.3101707 0.2686596 0.3775830 0.3186518 0.2952423 0.3186518 0.3424949 0.3342459 0.3603252 0.2698703 0.3141083 0.2477227 0.3141083 0.2246234 0.2246234 0.2750961 0.2680959 0.2507532 0.2246234 0.2284003 0.2023338 0.2023338 0.2284003 0.2284003 0.2069225 0.1937576 0.2173376 0.2395362 3.9367779 0.3999952 0.5610290 0.4481553 0.3484730 0.3806520 0.3696363 0.6407600 0.7205256 0.2636988 0.4440049 
XM_013069186_2_PREDICTED_Heterocephalus_glaber_REV3_like_DNA_directed_polymerase_zeta_catalytic_subunit_Rev3l_transcript_variant_X1_mRNA_1                 0.2804898 0.3407133 0.3250326 0.3061093 0.3030082 0.3326982 0.3115432 0.3052140 0.2907932 0.3061093 0.3399040 0.3245014 0.4188076 0.3038788 0.1734132 0.3176721 0.0000000 0.2443732 0.2844579 0.4004650 0.2574978 0.4276521 0.4101494 0.4039893 0.2079662 0.2349367 0.3101836 0.3498587 0.2811701 0.3407133 0.3171890 0.3176721 0.2995402 0.3250326 0.2940661 0.5106298 0.3171890 0.2944637 0.3639882 0.3065729 0.0626073 0.0628451 0.0626073 0.2337841 0.2337841 0.3313135 0.3639334 0.3313135 0.3313135 0.3030082 0.3245014 0.2547951 0.2547951 0.3030082 0.3008444 0.3008444 0.3030082 0.3030082 0.3245014 0.3030082 0.3293801 0.3293801 0.3083592 0.3083592 0.2776056 0.2824553 0.3326982 0.2824553 0.2811701 0.3047777 0.3047777 0.3812151 0.3812151 0.4161992 0.4102256 0.4102256 0.3889921 1.6233847 0.3603078 0.3946349 0.3922725 0.3307564 0.3632130 0.3539808 0.2795315 0.3338596 0.3030082 0.3313135 0.3729539 0.3875317 0.3617686 0.4173272 0.3907960 0.3280062 0.4055122 0.2844579 0.3070117 0.2804898 0.3070117 0.2804898 0.2804898 0.3372543 0.3277262 0.3101836 0.3061093 0.3115432 0.2804898 0.2934401 0.2090151 0.2090151 0.2638210 0.2243415 0.2069225 0.2298309 8.9999987 0.4132415 0.5527929 0.4678296 0.3683929 0.3043311 0.2831572 0.7533114 0.7156653 0.2776056 0.4101494 
XM_008852401_2_PREDICTED_Nannospalax_galili_REV3_like_DNA_directed_polymerase_zeta_catalytic_subunit_Rev3l_transcript_variant_X1_mRNA_1                    0.1807144 0.1156217 0.1362770 0.2244349 0.2853124 0.3127269 0.2055520 0.3097254 0.0970920 0.2244349 0.3426394 0.3055052 0.3674401 0.2859931 0.1852939 0.1156372 0.2443732 0.0000000 0.2677901 0.3255584 0.1607922 0.3498587 0.3828943 0.3775830 0.2243415 0.2514795 0.2473003 0.2232685 0.1591245 0.1156217 0.1335724 0.1156372 0.1179485 0.1362770 0.1156217 0.2713543 0.0980276 0.0980314 0.1591882 0.1566822 0.2404159 0.2194808 0.1778345 0.1391342 0.1391342 0.2888250 0.3176721 0.2888250 0.2665971 0.2853124 0.3055052 0.2617366 0.2617366 0.3075963 0.2404159 0.2853124 0.3075963 0.3075963 0.3055052 0.3075963 0.3097254 0.3097254 0.3127269 0.3127269 0.2834358 0.2660538 0.3127269 0.2660538 0.2868910 0.3092923 0.3092923 0.2447722 0.2447722 0.2716762 0.2683500 0.2683500 0.3432603 2.1964255 0.3382157 0.3724343 0.3432603 0.2991189 0.3646290 0.3097254 0.3326137 0.3605265 0.3075963 0.2665971 0.3738338 0.3158805 0.2927975 0.3419057 0.3660633 0.3084570 0.3567732 0.2677901 0.3368906 0.1607922 0.3368906 0.2021954 0.2021954 0.2504916 0.2230845 0.2270973 0.2021954 0.2055520 0.1807144 0.2309555 0.2055520 0.2055520 0.1847187 0.1732180 0.1566228 0.1769432 7.6526739 0.3632130 0.4805558 0.4070340 0.3452176 0.3226474 0.3136431 0.6914305 0.7002860 0.2617366 0.4087740 
XM_023650934_1_PREDICTED_Equus_caballus_REV3_like_DNA_directed_polymerase_zeta_catalytic_subunit_REV3L_transcript_variant_X1_mRNA_1                        0.1526399 0.3149370 0.2991189 0.1924793 0.0306481 0.0620443 0.1749381 0.0628451 0.2665971 0.1924793 0.0813453 0.0462967 0.1162313 0.0989854 0.1438894 0.2698703 0.2844579 0.2677901 0.0000000 0.2389578 0.1342605 0.2600910 0.2220198 0.1967222 0.1807144 0.2055520 0.2010374 0.2888250 0.1967222 0.3149370 0.2920474 0.2924348 0.3255584 0.2991189 0.2695566 0.4775630 0.2920474 0.2698703 0.3610317 0.3532316 0.2795315 0.2564968 0.3008444 0.1787978 0.1787978 0.0631824 0.0809008 0.0631824 0.0468825 0.0306481 0.0462967 0.0305434 0.0305434 0.0464635 0.0305434 0.0626073 0.0464635 0.0464635 0.0462967 0.0464635 0.0466316 0.0466316 0.0471463 0.0471463 0.0305434 0.0302787 0.0620443 0.0302787 0.0801402 0.0971987 0.0971987 0.1140972 0.1140972 0.1336650 0.1323399 0.1323399 0.2415207 1.9773668 0.1151980 0.1356280 0.1162313 0.0821328 0.1162313 0.1134951 0.0962787 0.1146000 0.0790804 0.0798187 0.1000656 0.1335724 0.0976111 0.1335724 0.0980276 0.1167730 0.1574349 0.0000010 0.0976111 0.2192330 0.0976111 0.1722450 0.1722450 0.2157576 0.2109983 0.1945758 0.1722450 0.1749381 0.1526399 0.1582422 0.1369897 0.1369897 0.1369897 0.0976111 0.1167730 0.1355698 8.9999983 0.2255170 0.2547951 0.2801324 0.1549931 0.1965985 0.1541395 0.5983130 0.5670100 0.0151115 0.1797999 
XM_007484437_2_PREDICTED_Monodelphis_domestica_REV3_like_DNA_directed_polymerase_zeta_catalytic_subunit_REV3L_transcript_variant_X1_mRNA_1                 0.3055052 0.4063857 0.4443018 0.3558767 0.2559582 0.2584724 0.3357663 0.2788895 0.3511764 0.3558767 0.2868910 0.2753616 0.3326137 0.2895425 0.3042986 0.3846106 0.4004650 0.3255584 0.2389578 0.0000000 0.2834358 0.0147681 0.0617016 0.0299460 0.3445835 0.3781578 0.3964771 0.4049394 0.2461535 0.4063857 0.4325442 0.2952423 0.4220566 0.4443018 0.4063857 0.6812551 0.3806520 0.3186518 0.4418443 0.4029719 0.4198370 0.3931513 0.3639334 0.2944637 0.2944637 0.2589494 0.2856692 0.2589494 0.2378696 0.2559582 0.2753616 0.2337834 0.2337834 0.2771100 0.2135296 0.2559582 0.2771100 0.2771100 0.2753616 0.2771100 0.2788895 0.2788895 0.2815915 0.2815915 0.2543960 0.2375227 0.2584724 0.2375227 0.2275385 0.2474923 0.2474923 0.2364463 0.2364463 0.2620183 0.2589494 0.2364463 0.3942348 1.4617425 0.2617366 0.3368906 0.3097254 0.2677901 0.3558767 0.1947033 0.2365753 0.1714412 0.2147480 0.1769432 0.3382157 0.2859931 0.2407853 0.2859931 0.3084570 0.2671478 0.2978233 0.2389578 0.2840977 0.3167091 0.2840977 0.3302531 0.3302531 0.3875509 0.3766503 0.3344556 0.3302531 0.3357663 0.3055052 0.3666833 0.3357663 0.3357663 0.3127269 0.2378696 0.3080297 0.3331468 8.9999988 0.2757146 0.3065646 0.2306304 0.2207022 0.2217552 0.2822344 0.3370537 0.3121035 0.2337834 0.2714051 
XM_035296530_1_PREDICTED_Callithrix_jacchus_REV3_like_DNA_directed_polymerase_zeta_catalytic_subunit_REV3L_transcript_variant_X1_mRNA_1                    0.0149348 0.2021954 0.2067715 0.0460531 0.1503433 0.2121771 0.0307160 0.1696300 0.2000507 0.0460531 0.1740753 0.1679406 0.2133743 0.1936408 0.1424256 0.1818129 0.2574978 0.1607922 0.1342605 0.2834358 0.0000000 0.3055052 0.2665971 0.2389578 0.1591246 0.1826625 0.1591246 0.2207022 0.1768846 0.2230845 0.2443732 0.2232685 0.2447722 0.2067715 0.2230845 0.4224978 0.2021954 0.2023338 0.2822307 0.2766923 0.2531229 0.2309555 0.1868467 0.1768846 0.1768846 0.1518770 0.1732180 0.1518770 0.1335724 0.1503433 0.1496250 0.1316410 0.1316410 0.1687799 0.1139923 0.1503433 0.1687799 0.1687799 0.1496250 0.1687799 0.1696300 0.1696300 0.1713653 0.1713653 0.1496250 0.1722450 0.2121771 0.1722450 0.1511424 0.1696730 0.1696730 0.1518770 0.1518770 0.1732180 0.1714031 0.1714031 0.2645816 2.1964255 0.1914486 0.2157576 0.1935244 0.1565711 0.2335830 0.1885345 0.2077789 0.2298586 0.1875523 0.1518770 0.2167724 0.1915610 0.1722860 0.2123828 0.2325331 0.2135296 0.2415207 0.1342605 0.1905406 0.0809049 0.1905406 0.0302787 0.0302787 0.0628451 0.0618134 0.0464635 0.0302787 0.0307160 0.0149348 0.0471463 0.0307160 0.0307160 0.0307160 0.0798187 0.0640157 0.0812320 8.9999990 0.2401933 0.3683929 0.2701888 0.1945758 0.2180309 0.1915610 0.6049194 0.6049194 0.1316410 0.2648742 
XM_031964400_1_PREDICTED_Sarcophilus_harrisii_REV3_like_DNA_directed_polymerase_zeta_catalytic_subunit_REV3L_transcript_variant_X1_mRNA_1                  0.3279365 0.4325442 0.4717080 0.3326137 0.2771100 0.2797786 0.3591730 0.3005983 0.3761614 0.3326137 0.3092923 0.2966710 0.3558767 0.3123520 0.3283817 0.4108016 0.4276521 0.3498587 0.2600910 0.0147681 0.3055052 0.0000000 0.0779363 0.0453917 0.3687566 0.4034350 0.4217049 0.4310994 0.2680959 0.4325442 0.4591167 0.3186518 0.4495523 0.4717080 0.4325442 0.7152975 0.4063857 0.3424949 0.4712686 0.4308796 0.4469687 0.4198370 0.3898444 0.3176721 0.3176721 0.2804033 0.3080297 0.2804033 0.2589494 0.2771100 0.2966710 0.2543960 0.2543960 0.2986179 0.2337834 0.2771100 0.2986179 0.2986179 0.2966710 0.2986179 0.3005983 0.3005983 0.3034513 0.3034513 0.2753616 0.2584724 0.2797786 0.2584724 0.2474923 0.2677739 0.2677739 0.2573432 0.2573432 0.2837836 0.2804033 0.2573432 0.4193263 1.4617425 0.2834358 0.3605265 0.3326137 0.2900652 0.3795060 0.2147480 0.2575459 0.1906491 0.2351685 0.1968603 0.3618742 0.2639313 0.2622430 0.3084570 0.3313123 0.2895425 0.3213131 0.2600910 0.3063414 0.3401115 0.3063414 0.3075963 0.3075963 0.3632669 0.3532740 0.3114475 0.3532740 0.3591730 0.3279365 0.3911104 0.3591730 0.3591730 0.3357663 0.2589494 0.3307723 0.3565079 8.9999989 0.2987212 0.3307392 0.2526583 0.2417469 0.2428610 0.3042640 0.3624820 0.3370537 0.2543960 0.2940919 
XM_036766364_1_PREDICTED_Trichosurus_vulpecula_REV3_like_DNA_directed_polymerase_zeta_catalytic_subunit_REV3L_transcript_variant_X1_mRNA_1                 0.2888250 0.4702504 0.4552242 0.3393735 0.2393158 0.2417469 0.3189886 0.2622430 0.4108016 0.3393735 0.2698703 0.2589494 0.3158805 0.3186518 0.2863756 0.4480549 0.4101494 0.3828943 0.2220198 0.0617016 0.2665971 0.0779363 0.0000000 0.0619320 0.3274523 0.3610071 0.3797862 0.4143621 0.2961457 0.4702504 0.4981070 0.3747403 0.4897484 0.4552242 0.4702504 0.7741086 0.4428263 0.4001470 0.5151012 0.4712686 0.4300072 0.4024655 0.3722472 0.3242029 0.3242029 0.2421269 0.2686596 0.2421269 0.2209605 0.2393158 0.2589494 0.2171711 0.2171711 0.2605824 0.1968603 0.2393158 0.2605824 0.2605824 0.2589494 0.2605824 0.2622430 0.2622430 0.2648742 0.2648742 0.2378696 0.2207022 0.2417469 0.2207022 0.2113462 0.2313792 0.2313792 0.2620183 0.2620183 0.2891979 0.2856692 0.2620183 0.4288501 1.4617425 0.2447722 0.3199806 0.2927975 0.2504916 0.3393735 0.2184417 0.2622430 0.2137436 0.2393158 0.2002064 0.3213131 0.3145747 0.2149696 0.3145747 0.3380355 0.2952423 0.3525779 0.2220198 0.2671478 0.3231589 0.2671478 0.3136431 0.3136431 0.3710344 0.3605265 0.3176721 0.3136431 0.3189886 0.2888250 0.3498587 0.3189886 0.3189886 0.3189886 0.2209605 0.2911759 0.3163583 8.9999984 0.2811701 0.2886131 0.2574978 0.2035128 0.2045294 0.2654085 0.4522950 0.4246347 0.2171711 0.2538666 
XM_027848601_1_PREDICTED_Vombatus_ursinus_REV3_like_DNA_directed_polymerase_zeta_catalytic_subunit_REV3L_transcript_variant_X1_mRNA_1                      0.2600910 0.4030106 0.3875317 0.3075963 0.2135296 0.2600910 0.2881182 0.2351685 0.3484730 0.3075963 0.2417469 0.2324204 0.2853124 0.2436389 0.3065319 0.3814499 0.4039893 0.3775830 0.1967222 0.0299460 0.2389578 0.0453917 0.0619320 0.0000000 0.3471947 0.3812151 0.3716377 0.3761614 0.2698703 0.4030106 0.4288501 0.2931903 0.4820538 0.3875317 0.4030106 0.6733032 0.3775830 0.3163583 0.4376620 0.3994154 0.4235601 0.3965339 0.3669238 0.3438554 0.3438554 0.2159196 0.2406396 0.2159196 0.1957697 0.2135296 0.2324204 0.1925931 0.1925931 0.2337834 0.1732180 0.2135296 0.2337834 0.2337834 0.2324204 0.2337834 0.2351685 0.2351685 0.2375227 0.2375227 0.2123288 0.2389578 0.2600910 0.2389578 0.1876547 0.2067922 0.2067922 0.2350451 0.2350451 0.2603659 0.2573432 0.2350451 0.3911104 1.7655640 0.2181994 0.2888250 0.2634100 0.2230845 0.3075963 0.1549812 0.1947033 0.1335109 0.1741230 0.1376350 0.2900652 0.2407853 0.1979668 0.2407853 0.2622430 0.2222872 0.2729051 0.1967222 0.2393158 0.3426394 0.2393158 0.2834358 0.2834358 0.3368906 0.3279365 0.2868910 0.2834358 0.2881182 0.2600910 0.3167091 0.2881182 0.2881182 0.2881182 0.1957697 0.2620183 0.2856692 8.9999984 0.3008444 0.3088273 0.2769612 0.1788250 0.2230845 0.2840977 0.3916674 0.3654555 0.1925931 0.2491366 
XM_040983897_1_PREDICTED_Ochotona_curzoniae_REV3_like_DNA_directed_polymerase_zeta_catalytic_subunit_REV3L_transcript_variant_X1_mRNA_1                    0.1787591 0.3189886 0.3030082 0.2217552 0.1978229 0.1807144 0.2031677 0.1989395 0.2477227 0.2217552 0.2257084 0.1768846 0.2695566 0.1968603 0.1244783 0.2961457 0.2079662 0.2243415 0.1807144 0.3445835 0.1591246 0.3687566 0.3274523 0.3471947 0.0000000 0.0151115 0.1558408 0.2924348 0.1989202 0.2957406 0.2729051 0.2732333 0.3034495 0.3030082 0.2729051 0.5188354 0.2957406 0.2507532 0.3247270 0.3181589 0.2045294 0.1625643 0.2021672 0.1591245 0.1591245 0.2207022 0.2461535 0.2207022 0.2207022 0.1978229 0.1768846 0.1574298 0.1574298 0.1978229 0.1967222 0.2181994 0.1978229 0.1978229 0.1768846 0.1978229 0.2194808 0.2194808 0.2010374 0.2010374 0.1768846 0.1405707 0.1807144 0.1405707 0.1788250 0.1989202 0.1989202 0.2631799 0.2631799 0.2904426 0.2868910 0.2868910 0.3539808 1.8376405 0.2217552 0.2488825 0.2474735 0.1787308 0.2258069 0.2834358 0.2404159 0.2648742 0.2389578 0.2417469 0.2296255 0.2648742 0.2432476 0.2888250 0.2665971 0.2171711 0.3030082 0.1807144 0.2220198 0.1787591 0.2220198 0.1998964 0.1998964 0.2473003 0.2413731 0.2243415 0.1998964 0.2031677 0.1787591 0.1398742 0.1625537 0.1625537 0.1625537 0.1162473 0.1179485 0.1369694 6.2201038 0.3083592 0.4467224 0.3735828 0.2710853 0.2192330 0.2011980 0.6413312 0.6088547 0.1768846 0.2567810 
XM_004580498_1_PREDICTED_Ochotona_princeps_REV3_like_DNA_directed_polymerase_zeta_catalytic_subunit_REV3L_mRNA_1                                           0.2031677 0.3512458 0.3352606 0.2484519 0.2230845 0.1847187 0.2291987 0.2244349 0.2763486 0.2484519 0.2531229 0.2010374 0.2991189 0.2220198 0.1471400 0.3274523 0.2349367 0.2514795 0.2055520 0.3781578 0.1826625 0.4034350 0.3610071 0.3812151 0.0151115 0.0000000 0.1787591 0.3231589 0.2243415 0.3269165 0.3030082 0.3034495 0.3358449 0.3352606 0.3030082 0.5106298 0.3269165 0.2798891 0.3581387 0.3504939 0.2309555 0.1868467 0.2280932 0.1827450 0.1827450 0.2473003 0.2744722 0.2473003 0.2473003 0.2230845 0.2010374 0.1807144 0.1807144 0.2230845 0.2217552 0.2443732 0.2230845 0.2230845 0.2010374 0.2230845 0.2459105 0.2459105 0.2267989 0.2267989 0.2010374 0.1634237 0.1847187 0.1634237 0.1827450 0.2033394 0.2033394 0.2692972 0.2692972 0.2974321 0.2936972 0.2936972 0.3889921 1.8376405 0.2484519 0.2776056 0.2760072 0.2031986 0.2533223 0.2900652 0.2677901 0.2936972 0.2660538 0.2692972 0.2269011 0.2936972 0.2710853 0.3189886 0.2957406 0.2432476 0.3352606 0.2055520 0.2488825 0.2031677 0.2488825 0.2254199 0.2254199 0.2757146 0.2687320 0.2514795 0.2254199 0.2291987 0.2031677 0.1625537 0.1867456 0.1867456 0.1867456 0.1370253 0.1391342 0.1591245 6.2201038 0.3413322 0.4397673 0.4110786 0.3008444 0.2455037 0.2270973 0.6961354 0.6619831 0.2010374 0.2868891 
XM_008263376_2_PREDICTED_Oryctolagus_cuniculus_REV3_like_DNA_directed_polymerase_zeta_catalytic_subunit_REV3L_transcript_variant_X1_mRNA_1                 0.1787591 0.3426394 0.3269165 0.2217552 0.2181994 0.2660538 0.2031677 0.2404159 0.2924348 0.2217552 0.2692972 0.2375227 0.3382157 0.2171711 0.1394662 0.3432289 0.3101836 0.2473003 0.2010374 0.3964771 0.1591246 0.4217049 0.3797862 0.3716377 0.1558408 0.1787591 0.0000000 0.3387790 0.2631799 0.3189886 0.2957406 0.3194807 0.3797862 0.3269165 0.2957406 0.5845012 0.3189886 0.2961457 0.4193820 0.4097269 0.3047777 0.2811701 0.2792196 0.1732180 0.1732180 0.2631799 0.2904426 0.2631799 0.2417469 0.2181994 0.2375227 0.1967222 0.1967222 0.2389578 0.2169370 0.2600910 0.2389578 0.2389578 0.2375227 0.2389578 0.2404159 0.2404159 0.2428610 0.2428610 0.2169370 0.2217552 0.2660538 0.2217552 0.2194042 0.2402722 0.2402722 0.2631799 0.2631799 0.2904426 0.2868910 0.2868910 0.4044412 3.1088465 0.3105567 0.3426394 0.3149370 0.2723046 0.2920474 0.3055052 0.2834358 0.3092923 0.2600910 0.2631799 0.2970219 0.3114475 0.2888250 0.3114475 0.2888250 0.2378696 0.3759855 0.2010374 0.2648742 0.1998964 0.2648742 0.1998964 0.1998964 0.2473003 0.1998964 0.2243415 0.1998964 0.2031677 0.1787591 0.1398742 0.1625537 0.1625537 0.1625537 0.1342926 0.1179485 0.1369694 8.9999989 0.3857834 0.5105769 0.4131252 0.3167091 0.3088540 0.2665971 0.6424972 0.6113658 0.1967222 0.2924348 
XM_013032823_1_PREDICTED_Dipodomys_ordii_REV3_like_polymerase_DNA_directed_zeta_catalytic_subunit_Rev3l_mRNA_1                                             0.2417469 0.2680959 0.2744722 0.2648742 0.3063414 0.3875509 0.2473003 0.3313123 0.2222009 0.2648742 0.2822344 0.3266629 0.3906237 0.3300129 0.2251997 0.2463978 0.3498587 0.2232685 0.2888250 0.4049394 0.2207022 0.4310994 0.4143621 0.3761614 0.2924348 0.3231589 0.3387790 0.0000000 0.1937640 0.2680959 0.2904426 0.2036551 0.2766923 0.2744722 0.2680959 0.4552242 0.2461535 0.2248127 0.3088732 0.3025638 0.3438554 0.3199806 0.3176721 0.2421269 0.2421269 0.3101707 0.3399466 0.3101707 0.2875885 0.3063414 0.3266629 0.2822344 0.2822344 0.3289658 0.2605824 0.2822344 0.3289658 0.3289658 0.3266629 0.3289658 0.3313123 0.3313123 0.3114475 0.3114475 0.3042640 0.3368906 0.3875509 0.3368906 0.3080297 0.2856692 0.2856692 0.3331468 0.3331468 0.3639459 0.3591788 0.3591788 0.3806520 3.8159750 0.3605265 0.3681449 0.3660633 0.3213131 0.4155769 0.3545511 0.3519622 0.3591788 0.3519622 0.2654085 0.3974259 0.3619055 0.3380355 0.3405527 0.4141826 0.3071910 0.3632669 0.2888250 0.2875885 0.2575459 0.2875885 0.2417469 0.2417469 0.2924348 0.2849928 0.2680959 0.2648742 0.2473003 0.2417469 0.2974321 0.2692972 0.2692972 0.2389578 0.1916729 0.2149075 0.2367864 8.4525072 0.4006877 0.6228370 0.5288009 0.3681449 0.3236828 0.3619055 0.7266520 0.7361830 0.2822344 0.4645285 
