118
NM_001372078_1_Homo_sapiens_REV3_like_DNA_directed_polymerase_zeta_catalytic_subunit_REV3L_transcript_variant_4_mRNA_1                                     0.0000000 0.2342623 0.2115760 0.0326025 0.0879912 0.1471574 0.0000010 0.1244659 0.1471574 0.0326025 0.1895012 0.2342623 0.1051760 0.0693743 0.0160847 0.1244659 0.0669933 0.2342623 0.1051760 0.0504103 0.2318645 0.2318645 0.2023636 0.2511624 0.2342623 0.2342623 0.1501474 0.2342623 0.1071504 0.0669933 0.1895012 0.1442946 0.1442946 0.1680314 0.2071138 0.1680314 0.2920757 0.1715448 0.1244659 0.0504103 0.0504103 0.1032772 0.1268673 0.1471574 0.1341651 0.1268673 0.0864125 0.0864125 0.0681615 0.1471574 0.2575639 0.2342623 0.1895012 0.1715448 0.1051760 0.1051760 0.2575639 0.1715448 0.1471574 0.1680314 0.1471574 0.1051760 0.0879912 0.1051760 0.1646729 0.1244659 0.0864125 0.0864125 0.0504103 0.0879912 0.0864125 0.0504103 0.0681615 0.0681615 0.0681615 0.0879912 0.0530868 0.1155300 0.0693743 0.0864125 0.1051760 0.0681615 0.0706330 0.1471574 0.1501474 0.1051760 0.1715448 0.1051760 0.0706330 0.0896331 0.1752276 0.0693743 0.0681615 0.1051760 0.5248267 0.1092073 0.5083930 0.0495670 0.0504103 0.0693743 0.0504103 0.0681615 0.0160847 0.0331431 0.0681615 0.0693743 0.0693743 0.1268673 0.1071504 0.1935799 0.1501474 0.0669933 0.1051760 0.0495670 0.5079858 0.4746286 0.0504103 0.0160847 
NM_011264_3_Mus_musculus_REV3_like_DNA_directed_polymerase_zeta_catalytic_subunit_Rev3l_mRNA_1                                                             0.2342623 0.0000000 0.1978613 0.2342623 0.2954314 0.2211897 0.2342623 0.3661918 0.1071504 0.2342623 0.3060142 0.3568971 0.2395994 0.2342623 0.2115760 0.0864125 0.2342623 0.2452233 0.2882604 0.2635983 0.4284721 0.4284721 0.4159955 0.4769009 0.2954314 0.2954314 0.3579973 0.0326025 0.2954314 0.2342623 0.0326025 0.0681615 0.2635983 0.1978613 0.0864125 0.1268673 0.1895012 0.1092073 0.0864125 0.2162617 0.2162617 0.2575639 0.2342623 0.2575639 0.2736761 0.2342623 0.2635983 0.2635983 0.2395994 0.2211897 0.3311553 0.3568971 0.3060142 0.2882604 0.2882604 0.2882604 0.3311553 0.2882604 0.2575639 0.2814820 0.2575639 0.2882604 0.2954314 0.2882604 0.2635983 0.2635983 0.3135840 0.3135840 0.2635983 0.3216074 0.3135840 0.2635983 0.2635983 0.2635983 0.2882604 0.3216074 0.2297941 0.2680603 0.2575639 0.1856102 0.2395994 0.1935799 0.3030342 0.2699690 0.3030342 0.2635983 0.3579973 0.3135840 0.3030342 0.2395994 0.2954314 0.2342623 0.2395994 0.2882604 0.5987155 0.2511624 0.5777368 0.2115760 0.2635983 0.2954314 0.2635983 0.2395994 0.2115760 0.2395994 0.2518381 0.2699690 0.2211897 0.2452233 0.2575639 0.3030342 0.3030342 0.2814820 0.3135840 0.2115760 0.6215764 0.5777368 0.2635983 0.2575639 
XM_006256524_2_PREDICTED_Rattus_norvegicus_REV3_like_DNA_directed_polymerase_zeta_catalytic_subunit_Rev3l_transcript_variant_X1_mRNA_1                     0.2115760 0.1978613 0.0000000 0.1680314 0.1978613 0.2452233 0.2115760 0.2162617 0.1113508 0.1680314 0.2954314 0.3484929 0.2395994 0.2452233 0.1895012 0.0896331 0.2115760 0.2452233 0.2635983 0.2395994 0.4563608 0.4563608 0.4418869 0.5082031 0.2814820 0.2814820 0.2162617 0.1978613 0.1978613 0.1680314 0.1532755 0.1092073 0.2162617 0.0326025 0.1293732 0.1752276 0.1895012 0.1293732 0.0896331 0.1935799 0.1935799 0.2115760 0.2211897 0.2452233 0.2612394 0.2211897 0.2395994 0.2395994 0.2162617 0.2452233 0.3216074 0.3484929 0.2954314 0.2162617 0.2635983 0.2162617 0.3216074 0.2162617 0.2452233 0.2699690 0.2452233 0.2162617 0.1978613 0.2162617 0.2395994 0.2395994 0.2162617 0.2162617 0.1935799 0.2452233 0.2395994 0.1935799 0.1715448 0.1715448 0.2162617 0.2452233 0.1819614 0.1591233 0.2211897 0.2162617 0.2395994 0.2162617 0.2767113 0.2342623 0.2395994 0.2162617 0.3030342 0.2635983 0.2767113 0.2511624 0.3392113 0.2452233 0.2162617 0.2635983 0.6276726 0.2263828 0.6067952 0.1471574 0.1935799 0.2211897 0.1935799 0.1501474 0.1895012 0.2162617 0.2395994 0.2699690 0.2211897 0.2452233 0.2452233 0.2767113 0.2162617 0.2575639 0.2882604 0.1895012 0.6215764 0.5425817 0.2395994 0.2342623 
XM_028847034_1_PREDICTED_Macaca_mulatta_REV3_like_DNA_directed_polymerase_zeta_catalytic_subunit_REV3L_transcript_variant_X1_mRNA_1                        0.0326025 0.2342623 0.1680314 0.0000000 0.0512836 0.1471574 0.0326025 0.0864125 0.1471574 0.0000010 0.1895012 0.2342623 0.1051760 0.0693743 0.0160847 0.1244659 0.0669933 0.2342623 0.1051760 0.0504103 0.2318645 0.2318645 0.2023636 0.2511624 0.2342623 0.2342623 0.1501474 0.2342623 0.0693743 0.0326025 0.1895012 0.1442946 0.1442946 0.1680314 0.2071138 0.1680314 0.2920757 0.1715448 0.1244659 0.0504103 0.0504103 0.1032772 0.1268673 0.1471574 0.1557484 0.1268673 0.0864125 0.0864125 0.0681615 0.1471574 0.2575639 0.2342623 0.1895012 0.1715448 0.1051760 0.1051760 0.2575639 0.1715448 0.1471574 0.1680314 0.1471574 0.0681615 0.0512836 0.0681615 0.1244659 0.0864125 0.0864125 0.0864125 0.0504103 0.0879912 0.0864125 0.0504103 0.0681615 0.0681615 0.0681615 0.0879912 0.0530868 0.1155300 0.0693743 0.0864125 0.1051760 0.0681615 0.0706330 0.1471574 0.1501474 0.1051760 0.1715448 0.1051760 0.0706330 0.0896331 0.1752276 0.0693743 0.0681615 0.1051760 0.5248267 0.1092073 0.5083930 0.0160847 0.0163448 0.0337023 0.0163448 0.0331431 0.0160847 0.0331431 0.0681615 0.0693743 0.0693743 0.1268673 0.1071504 0.1935799 0.1501474 0.0669933 0.1051760 0.0495670 0.5079858 0.4746286 0.0504103 0.0495670 
XM_024996589_1_PREDICTED_Bos_taurus_REV3_like_DNA_directed_polymerase_zeta_catalytic_subunit_REV3L_transcript_variant_X1_mRNA_1                            0.0879912 0.2954314 0.1978613 0.0512836 0.0000000 0.1680314 0.0879912 0.0681615 0.2211897 0.0512836 0.2115760 0.2575639 0.1244659 0.0879912 0.0693743 0.1935799 0.1268673 0.2699690 0.0864125 0.1092073 0.3289284 0.3289284 0.2914595 0.3489100 0.2954314 0.2954314 0.1790917 0.2954314 0.1113508 0.0879912 0.2452233 0.1935799 0.2162617 0.1978613 0.2162617 0.2211897 0.3060142 0.2263828 0.1935799 0.1092073 0.1092073 0.1268673 0.1978613 0.2211897 0.2354158 0.1978613 0.1051760 0.1051760 0.0864125 0.1680314 0.2814820 0.2575639 0.2115760 0.1935799 0.1244659 0.0864125 0.2814820 0.1935799 0.1680314 0.1895012 0.1680314 0.0331431 0.0000010 0.0331431 0.0864125 0.0504103 0.0681615 0.0681615 0.0331431 0.0693743 0.0681615 0.0331431 0.0504103 0.0504103 0.0504103 0.0693743 0.0530868 0.1155300 0.1113508 0.1501474 0.1244659 0.0864125 0.0896331 0.1680314 0.1442946 0.1244659 0.1935799 0.1244659 0.0896331 0.1092073 0.1978613 0.0879912 0.0864125 0.0864125 0.5927003 0.1790917 0.5733552 0.0693743 0.0706330 0.0512836 0.0706330 0.0706330 0.0693743 0.0896331 0.1293732 0.1071504 0.1071504 0.1680314 0.1752276 0.2263828 0.1790917 0.1268673 0.1715448 0.1071504 0.6308603 0.5827948 0.0681615 0.1071504 
XM_014118216_3_PREDICTED_Canis_lupus_familiaris_REV3_like_DNA_directed_polymerase_zeta_catalytic_subunit_REV3L_transcript_variant_X1_mRNA_1                0.1471574 0.2211897 0.2452233 0.1471574 0.1680314 0.0000000 0.1471574 0.2071138 0.1752276 0.1471574 0.1471574 0.1895012 0.1442946 0.1471574 0.1268673 0.1501474 0.1471574 0.2699690 0.1856102 0.1715448 0.3111152 0.3111152 0.3197261 0.3197261 0.3484929 0.3484929 0.3030342 0.1752276 0.1978613 0.1471574 0.2211897 0.1715448 0.2395994 0.2452233 0.2395994 0.1752276 0.2814820 0.2023636 0.1501474 0.1293732 0.1293732 0.1895012 0.2211897 0.2452233 0.2612394 0.2211897 0.0864125 0.0864125 0.0681615 0.0000010 0.2115760 0.1895012 0.1471574 0.1293732 0.1051760 0.1051760 0.2115760 0.1293732 0.1071504 0.1268673 0.1071504 0.1856102 0.1680314 0.1856102 0.1646729 0.2071138 0.1244659 0.1244659 0.1244659 0.1680314 0.1646729 0.1244659 0.1442946 0.1442946 0.1442946 0.1680314 0.0911370 0.1155300 0.1532755 0.1293732 0.1442946 0.1442946 0.1501474 0.2342623 0.2395994 0.1856102 0.2635983 0.1856102 0.1501474 0.1442946 0.2211897 0.1471574 0.1442946 0.1856102 0.6276726 0.1565511 0.6067952 0.1680314 0.1715448 0.1471574 0.1715448 0.1501474 0.1268673 0.1501474 0.1935799 0.1978613 0.1978613 0.2452233 0.2452233 0.3030342 0.3030342 0.1895012 0.2071138 0.1680314 0.5827948 0.5777368 0.1244659 0.1680314 
XM_016956167_2_PREDICTED_Pan_troglodytes_REV3_like_DNA_directed_polymerase_zeta_catalytic_subunit_REV3L_transcript_variant_X1_mRNA_1                       0.0000010 0.2342623 0.2115760 0.0326025 0.0879912 0.1471574 0.0000000 0.1244659 0.1471574 0.0326025 0.1895012 0.2342623 0.1051760 0.0693743 0.0160847 0.1244659 0.0669933 0.2342623 0.1051760 0.0504103 0.2318645 0.2318645 0.2023636 0.2511624 0.2342623 0.2342623 0.1501474 0.2342623 0.1071504 0.0669933 0.1895012 0.1442946 0.1442946 0.1680314 0.2071138 0.1680314 0.2920757 0.1715448 0.1244659 0.0504103 0.0504103 0.1032772 0.1268673 0.1471574 0.1341651 0.1268673 0.0864125 0.0864125 0.0681615 0.1471574 0.2575639 0.2342623 0.1895012 0.1715448 0.1051760 0.1051760 0.2575639 0.1715448 0.1471574 0.1680314 0.1471574 0.1051760 0.0879912 0.1051760 0.1646729 0.1244659 0.0864125 0.0864125 0.0504103 0.0879912 0.0864125 0.0504103 0.0681615 0.0681615 0.0681615 0.0879912 0.0530868 0.1155300 0.0693743 0.0864125 0.1051760 0.0681615 0.0706330 0.1471574 0.1501474 0.1051760 0.1715448 0.1051760 0.0706330 0.0896331 0.1752276 0.0693743 0.0681615 0.1051760 0.5248267 0.1092073 0.5083930 0.0495670 0.0504103 0.0693743 0.0504103 0.0681615 0.0160847 0.0331431 0.0681615 0.0693743 0.0693743 0.1268673 0.1071504 0.1935799 0.1501474 0.0669933 0.1051760 0.0495670 0.5079858 0.4746286 0.0504103 0.0160847 
XM_021091238_1_PREDICTED_Sus_scrofa_REV3_like_DNA_directed_polymerase_zeta_catalytic_subunit_REV3L_transcript_variant_X1_mRNA_1                            0.1244659 0.3661918 0.2162617 0.0864125 0.0681615 0.2071138 0.1244659 0.0000000 0.2635983 0.0864125 0.2518381 0.2518381 0.1614594 0.1244659 0.1051760 0.2342623 0.1244659 0.3135840 0.1221599 0.1471574 0.3790069 0.3790069 0.3392113 0.3979029 0.2882604 0.2882604 0.1532755 0.3661918 0.1501474 0.1244659 0.3135840 0.2575639 0.2575639 0.2162617 0.2814820 0.2882604 0.3736057 0.2954314 0.2342623 0.1471574 0.1471574 0.1244659 0.2395994 0.2635983 0.2805614 0.2395994 0.1032772 0.1032772 0.1221599 0.2071138 0.2750616 0.2988568 0.2518381 0.2342623 0.1221599 0.0848922 0.2750616 0.2342623 0.2071138 0.2291889 0.2071138 0.0848922 0.0681615 0.0848922 0.1415509 0.1032772 0.1032772 0.1032772 0.0669933 0.1051760 0.1032772 0.0669933 0.0848922 0.0848922 0.0848922 0.1051760 0.0894424 0.1557493 0.1501474 0.1895012 0.1614594 0.1221599 0.1071504 0.1646729 0.1680314 0.1221599 0.1680314 0.1614594 0.1268673 0.1471574 0.2395994 0.1244659 0.1221599 0.1221599 0.5733552 0.2211897 0.5554293 0.1051760 0.1071504 0.0864125 0.1071504 0.1071504 0.1051760 0.1268673 0.1680314 0.1501474 0.1501474 0.2162617 0.2162617 0.2699690 0.1752276 0.1244659 0.2115760 0.1442946 0.7311336 0.5257942 0.1032772 0.1442946 
XM_040758199_1_PREDICTED_Mesocricetus_auratus_REV3_like_DNA_directed_polymerase_zeta_catalytic_subunit_Rev3l_transcript_variant_X1_mRNA_1                  0.1471574 0.1071504 0.1113508 0.1471574 0.2211897 0.1752276 0.1471574 0.2635983 0.0000000 0.1471574 0.2115760 0.2575639 0.1935799 0.1471574 0.1268673 0.0163448 0.1471574 0.2452233 0.2395994 0.1715448 0.2452233 0.2452233 0.2395994 0.2882604 0.2699690 0.2699690 0.2511624 0.1071504 0.1978613 0.1471574 0.0693743 0.0331431 0.1501474 0.1113508 0.0864125 0.0879912 0.1895012 0.0706330 0.0163448 0.1293732 0.1293732 0.1895012 0.1471574 0.1680314 0.1779869 0.1471574 0.1715448 0.1715448 0.1501474 0.1752276 0.2342623 0.2575639 0.2115760 0.1935799 0.1935799 0.1935799 0.2342623 0.1935799 0.1680314 0.1895012 0.1680314 0.2395994 0.2211897 0.2395994 0.2635983 0.2635983 0.2162617 0.2162617 0.1715448 0.2211897 0.2162617 0.1715448 0.1715448 0.1715448 0.1935799 0.2211897 0.1369846 0.1663836 0.1680314 0.1442946 0.1935799 0.1501474 0.2023636 0.2211897 0.2263828 0.1715448 0.2511624 0.2162617 0.1715448 0.1501474 0.2211897 0.1471574 0.1501474 0.2395994 0.6364091 0.1565511 0.6136475 0.1268673 0.1715448 0.1978613 0.1715448 0.1501474 0.1268673 0.1501474 0.1646729 0.1978613 0.1532755 0.1752276 0.1680314 0.2511624 0.2511624 0.1895012 0.2162617 0.1268673 0.5827948 0.5425817 0.1715448 0.1680314 
XM_015448392_1_PREDICTED_Macaca_fascicularis_REV3_like_DNA_directed_polymerase_zeta_catalytic_subunit_REV3L_transcript_variant_X1_mRNA_1                   0.0326025 0.2342623 0.1680314 0.0000010 0.0512836 0.1471574 0.0326025 0.0864125 0.1471574 0.0000000 0.1895012 0.2342623 0.1051760 0.0693743 0.0160847 0.1244659 0.0669933 0.2342623 0.1051760 0.0504103 0.2318645 0.2318645 0.2023636 0.2511624 0.2342623 0.2342623 0.1501474 0.2342623 0.0693743 0.0326025 0.1895012 0.1442946 0.1442946 0.1680314 0.2071138 0.1680314 0.2920757 0.1715448 0.1244659 0.0504103 0.0504103 0.1032772 0.1268673 0.1471574 0.1557484 0.1268673 0.0864125 0.0864125 0.0681615 0.1471574 0.2575639 0.2342623 0.1895012 0.1715448 0.1051760 0.1051760 0.2575639 0.1715448 0.1471574 0.1680314 0.1471574 0.0681615 0.0512836 0.0681615 0.1244659 0.0864125 0.0864125 0.0864125 0.0504103 0.0879912 0.0864125 0.0504103 0.0681615 0.0681615 0.0681615 0.0879912 0.0530868 0.1155300 0.0693743 0.0864125 0.1051760 0.0681615 0.0706330 0.1471574 0.1501474 0.1051760 0.1715448 0.1051760 0.0706330 0.0896331 0.1752276 0.0693743 0.0681615 0.1051760 0.5248267 0.1092073 0.5083930 0.0160847 0.0163448 0.0337023 0.0163448 0.0331431 0.0160847 0.0331431 0.0681615 0.0693743 0.0693743 0.1268673 0.1071504 0.1935799 0.1501474 0.0669933 0.1051760 0.0495670 0.5079858 0.4746286 0.0504103 0.0495670 
XM_004753515_2_PREDICTED_Mustela_putorius_furo_REV3_like_polymerase_DNA_directed_zeta_catalytic_subunit_REV3L_transcript_variant_X1_mRNA_1                 0.1895012 0.3060142 0.2954314 0.1895012 0.2115760 0.1471574 0.1895012 0.2518381 0.2115760 0.1895012 0.0000000 0.1032772 0.1856102 0.1614594 0.1680314 0.1856102 0.1895012 0.1752276 0.1856102 0.1715448 0.3681441 0.3681441 0.3301312 0.3301312 0.4043526 0.4043526 0.3301312 0.2575639 0.1978613 0.1895012 0.2575639 0.2071138 0.2162617 0.2452233 0.2750616 0.2115760 0.3311553 0.2635983 0.1856102 0.1715448 0.1715448 0.2342623 0.2115760 0.2342623 0.2487308 0.2115760 0.1244659 0.1244659 0.1051760 0.1471574 0.1221599 0.0326025 0.0000010 0.0504103 0.1051760 0.1442946 0.1221599 0.0504103 0.0326025 0.0495670 0.0326025 0.2291889 0.2115760 0.2291889 0.2071138 0.2518381 0.1646729 0.1646729 0.1646729 0.2115760 0.1646729 0.1646729 0.1646729 0.1646729 0.1856102 0.2115760 0.1314695 0.2055145 0.1471574 0.1244659 0.1856102 0.1856102 0.1935799 0.2115760 0.2162617 0.1646729 0.2162617 0.2071138 0.1935799 0.1856102 0.2342623 0.1614594 0.1856102 0.1856102 0.5248267 0.2511624 0.5083930 0.1680314 0.2162617 0.1895012 0.2162617 0.2395994 0.1680314 0.1935799 0.1856102 0.2452233 0.2452233 0.3216074 0.2342623 0.3030342 0.3030342 0.2342623 0.2882604 0.2115760 0.4371170 0.4100052 0.1646729 0.2115760 
XM_034668992_1_PREDICTED_Ailuropoda_melanoleuca_REV3_like_DNA_directed_polymerase_zeta_catalytic_subunit_REV3L_transcript_variant_X1_mRNA_1                0.2342623 0.3568971 0.3484929 0.2342623 0.2575639 0.1895012 0.2342623 0.2518381 0.2575639 0.2342623 0.1032772 0.0000000 0.2291889 0.2028582 0.2115760 0.2291889 0.1471574 0.2699690 0.2750616 0.2635983 0.4284721 0.4284721 0.3866240 0.3866240 0.4628968 0.4628968 0.3866240 0.3060142 0.2452233 0.2342623 0.3060142 0.2518381 0.2162617 0.2954314 0.3232183 0.2575639 0.3311553 0.3135840 0.2291889 0.2162617 0.2162617 0.2814820 0.2575639 0.2814820 0.2993046 0.2575639 0.1244659 0.1244659 0.1442946 0.1895012 0.0160847 0.1415509 0.1032772 0.0864125 0.1442946 0.1442946 0.0160847 0.0864125 0.0669933 0.0848922 0.0669933 0.2750616 0.2575639 0.2750616 0.2518381 0.2988568 0.2071138 0.2071138 0.2071138 0.2575639 0.2071138 0.2071138 0.2071138 0.2071138 0.2291889 0.2575639 0.1742009 0.2548083 0.1895012 0.1646729 0.2291889 0.2291889 0.2162617 0.2575639 0.2635983 0.2071138 0.2395994 0.2518381 0.2395994 0.2291889 0.2814820 0.2028582 0.2291889 0.2750616 0.4598313 0.3030342 0.4460945 0.2115760 0.2635983 0.2342623 0.2635983 0.2882604 0.2115760 0.2395994 0.2291889 0.2699690 0.2699690 0.3484929 0.2814820 0.3579973 0.3579973 0.1895012 0.2882604 0.2575639 0.6215764 0.6136475 0.2071138 0.2575639 
XM_015600069_2_PREDICTED_Pteropus_alecto_REV3_like_DNA_directed_polymerase_zeta_catalytic_subunit_REV3L_transcript_variant_X1_mRNA_1                       0.1051760 0.2395994 0.2395994 0.1051760 0.1244659 0.1442946 0.1051760 0.1614594 0.1935799 0.1051760 0.1856102 0.2291889 0.0000000 0.1051760 0.0864125 0.1680314 0.1051760 0.2395994 0.1032772 0.1268673 0.3489100 0.3489100 0.3111152 0.3681441 0.3395640 0.3395640 0.2452233 0.2395994 0.1501474 0.1051760 0.1935799 0.1895012 0.1895012 0.1935799 0.2575639 0.2162617 0.3481381 0.1978613 0.1680314 0.0879912 0.0879912 0.1442946 0.1715448 0.1935799 0.2055139 0.1715448 0.0848922 0.0848922 0.0669933 0.1442946 0.2518381 0.2291889 0.1856102 0.1471574 0.1032772 0.1032772 0.2518381 0.1471574 0.1442946 0.1646729 0.1442946 0.1415509 0.1244659 0.1415509 0.1614594 0.1614594 0.0848922 0.0848922 0.0848922 0.1244659 0.1221599 0.0848922 0.1032772 0.1032772 0.1032772 0.1244659 0.0521520 0.0929004 0.1501474 0.0879912 0.0000010 0.0669933 0.1071504 0.1244659 0.1680314 0.1415509 0.2115760 0.1415509 0.1071504 0.1268673 0.1501474 0.1051760 0.1032772 0.1032772 0.5083930 0.1532755 0.4931302 0.1244659 0.1268673 0.1051760 0.1268673 0.1471574 0.0864125 0.1071504 0.1471574 0.1501474 0.1501474 0.2162617 0.1935799 0.2452233 0.2452233 0.1442946 0.1895012 0.1244659 0.6057065 0.5618352 0.0848922 0.1244659 
XM_005883745_2_PREDICTED_Myotis_brandtii_REV3_like_polymerase_DNA_directed_zeta_catalytic_subunit_REV3L_transcript_variant_X1_mRNA_1                       0.0693743 0.2342623 0.2452233 0.0693743 0.0879912 0.1471574 0.0693743 0.1244659 0.1471574 0.0693743 0.1614594 0.2028582 0.1051760 0.0000000 0.0512836 0.1244659 0.1071504 0.2452233 0.1051760 0.0896331 0.1831524 0.1831524 0.1565511 0.2023636 0.2954314 0.2954314 0.2023636 0.2342623 0.1532755 0.1071504 0.1895012 0.1442946 0.1715448 0.1978613 0.2071138 0.1680314 0.3311553 0.1715448 0.1244659 0.0896331 0.0896331 0.1471574 0.1471574 0.1268673 0.1341651 0.1471574 0.0864125 0.0864125 0.0681615 0.1471574 0.2243584 0.2028582 0.1614594 0.1442946 0.1051760 0.1051760 0.2243584 0.1442946 0.1221599 0.1415509 0.1221599 0.1051760 0.0879912 0.1051760 0.1646729 0.1244659 0.0864125 0.0864125 0.0504103 0.0879912 0.0864125 0.0504103 0.0504103 0.0504103 0.0681615 0.0879912 0.0530868 0.1155300 0.0879912 0.1051760 0.1051760 0.0681615 0.0706330 0.0879912 0.0896331 0.0504103 0.1092073 0.0504103 0.0706330 0.0163448 0.0879912 0.0000010 0.0331431 0.1051760 0.5248267 0.1565511 0.5083930 0.0879912 0.0896331 0.0693743 0.0896331 0.1092073 0.0512836 0.0706330 0.0864125 0.1113508 0.1113508 0.1752276 0.1268673 0.2511624 0.2023636 0.1071504 0.1501474 0.0879912 0.5079858 0.4746286 0.0504103 0.0879912 
XM_006157005_3_PREDICTED_Tupaia_chinensis_REV3_like_DNA_directed_polymerase_zeta_catalytic_subunit_REV3L_transcript_variant_X3_mRNA_1                      0.0160847 0.2115760 0.1895012 0.0160847 0.0693743 0.1268673 0.0160847 0.1051760 0.1268673 0.0160847 0.1680314 0.2115760 0.0864125 0.0512836 0.0000000 0.1051760 0.0495670 0.2115760 0.0864125 0.0331431 0.2071054 0.2071054 0.1790917 0.2263828 0.2115760 0.2115760 0.1293732 0.2115760 0.0879912 0.0495670 0.1680314 0.1244659 0.1244659 0.1471574 0.1856102 0.1471574 0.2689689 0.1501474 0.1051760 0.0331431 0.0331431 0.0848922 0.1071504 0.1268673 0.1341651 0.1071504 0.0681615 0.0681615 0.0504103 0.1268673 0.2342623 0.2115760 0.1680314 0.1501474 0.0864125 0.0864125 0.2342623 0.1501474 0.1268673 0.1471574 0.1268673 0.0864125 0.0693743 0.0864125 0.1442946 0.1051760 0.0681615 0.0681615 0.0331431 0.0693743 0.0681615 0.0331431 0.0504103 0.0504103 0.0504103 0.0693743 0.0348773 0.0947394 0.0512836 0.0681615 0.0864125 0.0504103 0.0521886 0.1268673 0.1293732 0.0864125 0.1501474 0.0864125 0.0521886 0.0706330 0.1532755 0.0512836 0.0504103 0.0864125 0.4919582 0.0896331 0.4769009 0.0326025 0.0331431 0.0512836 0.0331431 0.0504103 0.0000010 0.0163448 0.0504103 0.0512836 0.0512836 0.1071504 0.0879912 0.1715448 0.1293732 0.0495670 0.0864125 0.0326025 0.4720389 0.4418869 0.0331431 0.0326025 
XM_027402162_2_PREDICTED_Cricetulus_griseus_REV3_like_DNA_directed_polymerase_zeta_catalytic_subunit_Rev3l_transcript_variant_X5_mRNA_1                    0.1244659 0.0864125 0.0896331 0.1244659 0.1935799 0.1501474 0.1244659 0.2342623 0.0163448 0.1244659 0.1856102 0.2291889 0.1680314 0.1244659 0.1051760 0.0000000 0.1244659 0.2162617 0.2115760 0.1471574 0.2767113 0.2767113 0.2699690 0.3216074 0.2395994 0.2395994 0.2211897 0.0864125 0.1715448 0.1244659 0.0504103 0.0160847 0.1471574 0.0896331 0.0669933 0.0681615 0.1646729 0.0512836 0.0000010 0.1071504 0.1071504 0.1646729 0.1244659 0.1442946 0.1525291 0.1244659 0.1471574 0.1471574 0.1268673 0.1501474 0.2071138 0.2291889 0.1856102 0.1680314 0.1680314 0.1680314 0.2071138 0.1680314 0.1442946 0.1646729 0.1442946 0.2115760 0.1935799 0.2115760 0.2342623 0.2342623 0.1895012 0.1895012 0.1471574 0.1935799 0.1895012 0.1471574 0.1471574 0.1471574 0.1680314 0.1935799 0.1132217 0.1399377 0.1442946 0.1221599 0.1680314 0.1268673 0.1752276 0.1935799 0.1978613 0.1471574 0.2211897 0.1895012 0.1752276 0.1268673 0.1935799 0.1244659 0.1268673 0.2115760 0.5777368 0.1319891 0.5584140 0.1051760 0.1471574 0.1715448 0.1471574 0.1268673 0.1051760 0.1268673 0.1415509 0.1715448 0.1293732 0.1501474 0.1442946 0.2211897 0.2211897 0.1646729 0.1895012 0.1051760 0.5257942 0.4919582 0.1471574 0.1442946 
XM_013069186_2_PREDICTED_Heterocephalus_glaber_REV3_like_DNA_directed_polymerase_zeta_catalytic_subunit_Rev3l_transcript_variant_X1_mRNA_1                 0.0669933 0.2342623 0.2115760 0.0669933 0.1268673 0.1471574 0.0669933 0.1244659 0.1471574 0.0669933 0.1895012 0.1471574 0.1051760 0.1071504 0.0495670 0.1244659 0.0000000 0.2342623 0.1442946 0.0864125 0.2838603 0.2838603 0.2511624 0.3030342 0.2814820 0.2814820 0.1935799 0.2342623 0.1071504 0.0669933 0.1895012 0.1442946 0.1442946 0.1680314 0.2071138 0.1680314 0.2920757 0.1715448 0.1244659 0.0504103 0.0504103 0.1032772 0.1268673 0.1471574 0.1557484 0.1268673 0.0504103 0.0504103 0.0681615 0.1471574 0.1680314 0.2342623 0.1895012 0.1715448 0.0681615 0.0681615 0.1680314 0.1715448 0.1471574 0.1680314 0.1471574 0.1442946 0.1268673 0.1442946 0.1646729 0.1646729 0.1244659 0.1244659 0.0864125 0.1268673 0.1244659 0.0864125 0.1051760 0.1051760 0.1051760 0.1268673 0.0530868 0.1155300 0.1071504 0.0864125 0.1051760 0.1051760 0.0896331 0.1895012 0.1935799 0.1442946 0.1935799 0.1442946 0.1092073 0.1293732 0.1752276 0.1071504 0.1051760 0.1442946 0.4598313 0.1092073 0.4460945 0.0848922 0.0864125 0.1071504 0.0864125 0.1051760 0.0495670 0.0681615 0.1051760 0.0879912 0.0879912 0.1471574 0.1471574 0.1935799 0.1935799 0.0326025 0.1442946 0.0848922 0.5827948 0.5425817 0.0864125 0.0848922 
XM_008852401_2_PREDICTED_Nannospalax_galili_REV3_like_DNA_directed_polymerase_zeta_catalytic_subunit_Rev3l_transcript_variant_X1_mRNA_1                    0.2342623 0.2452233 0.2452233 0.2342623 0.2699690 0.2699690 0.2342623 0.3135840 0.2452233 0.2342623 0.1752276 0.2699690 0.2395994 0.2452233 0.2115760 0.2162617 0.2342623 0.0000000 0.1935799 0.2162617 0.4230351 0.4230351 0.3790069 0.4418869 0.3832285 0.3832285 0.3301312 0.2452233 0.2211897 0.2342623 0.2452233 0.2395994 0.2395994 0.2211897 0.2162617 0.2699690 0.2814820 0.3030342 0.2162617 0.2162617 0.2162617 0.2342623 0.2954314 0.2954314 0.3152874 0.2954314 0.2162617 0.2162617 0.1935799 0.2699690 0.2954314 0.2211897 0.1752276 0.2023636 0.1935799 0.1935799 0.2954314 0.2023636 0.1752276 0.1978613 0.1752276 0.2882604 0.2699690 0.2882604 0.2635983 0.2635983 0.2162617 0.2162617 0.2162617 0.2699690 0.2162617 0.2162617 0.1935799 0.1935799 0.2395994 0.2699690 0.2055145 0.2680603 0.1978613 0.1501474 0.2395994 0.2395994 0.3030342 0.2211897 0.2767113 0.2162617 0.2767113 0.2635983 0.3030342 0.2767113 0.3111152 0.2452233 0.2635983 0.1935799 0.5257942 0.2767113 0.5082031 0.2115760 0.2635983 0.2954314 0.2635983 0.2395994 0.2115760 0.2395994 0.2635983 0.2954314 0.2954314 0.3760790 0.3216074 0.2511624 0.2511624 0.2814820 0.3395640 0.2575639 0.5827948 0.5082031 0.2635983 0.2575639 
XM_023650934_1_PREDICTED_Equus_caballus_REV3_like_DNA_directed_polymerase_zeta_catalytic_subunit_REV3L_transcript_variant_X1_mRNA_1                        0.1051760 0.2882604 0.2635983 0.1051760 0.0864125 0.1856102 0.1051760 0.1221599 0.2395994 0.1051760 0.1856102 0.2750616 0.1032772 0.1051760 0.0864125 0.2115760 0.1442946 0.1935799 0.0000000 0.0879912 0.3489100 0.3489100 0.3111152 0.3681441 0.2882604 0.2882604 0.1978613 0.2882604 0.1715448 0.1442946 0.2395994 0.2342623 0.2342623 0.2162617 0.2575639 0.2635983 0.2988568 0.2699690 0.2115760 0.1268673 0.1268673 0.1442946 0.2162617 0.2395994 0.2548083 0.2162617 0.1221599 0.1221599 0.1032772 0.1856102 0.2988568 0.1856102 0.1856102 0.2115760 0.1032772 0.1032772 0.2988568 0.2115760 0.1856102 0.2071138 0.1856102 0.1032772 0.0864125 0.1032772 0.1614594 0.1221599 0.0848922 0.0848922 0.0495670 0.0864125 0.0848922 0.0495670 0.0669933 0.0669933 0.0669933 0.0864125 0.0521520 0.1132217 0.1293732 0.1268673 0.1032772 0.0669933 0.1071504 0.1442946 0.1895012 0.1415509 0.2115760 0.1415509 0.1071504 0.1268673 0.1935799 0.1051760 0.1032772 0.0000010 0.4769009 0.1978613 0.4043526 0.1244659 0.1268673 0.1051760 0.1268673 0.1268673 0.0864125 0.1071504 0.1471574 0.1501474 0.1501474 0.2162617 0.1935799 0.2452233 0.1978613 0.1442946 0.1895012 0.1244659 0.5657979 0.5257942 0.0495670 0.1244659 
XM_035296530_1_PREDICTED_Callithrix_jacchus_REV3_like_DNA_directed_polymerase_zeta_catalytic_subunit_REV3L_transcript_variant_X1_mRNA_1                    0.0504103 0.2635983 0.2395994 0.0504103 0.1092073 0.1715448 0.0504103 0.1471574 0.1715448 0.0504103 0.1715448 0.2635983 0.1268673 0.0896331 0.0331431 0.1471574 0.0864125 0.2162617 0.0879912 0.0000000 0.2376627 0.2376627 0.2071054 0.2574456 0.2162617 0.2162617 0.1532755 0.2635983 0.1293732 0.0681615 0.2162617 0.1680314 0.1680314 0.1935799 0.2342623 0.1935799 0.3232183 0.1978613 0.1471574 0.0693743 0.0693743 0.1051760 0.1501474 0.1715448 0.1819610 0.1501474 0.1071504 0.1071504 0.0879912 0.1715448 0.2882604 0.2162617 0.1715448 0.1978613 0.0879912 0.1268673 0.2882604 0.1978613 0.1715448 0.1935799 0.1715448 0.1268673 0.1092073 0.1268673 0.1895012 0.1471574 0.1071504 0.1071504 0.0693743 0.1092073 0.1071504 0.0693743 0.0879912 0.0879912 0.0879912 0.1092073 0.0731859 0.1399377 0.0896331 0.1071504 0.1268673 0.0879912 0.0913414 0.1715448 0.1752276 0.1268673 0.1978613 0.1268673 0.0913414 0.1113508 0.2023636 0.0896331 0.0879912 0.0879912 0.5082031 0.1319891 0.4919582 0.0681615 0.0693743 0.0896331 0.0693743 0.0879912 0.0331431 0.0512836 0.0879912 0.0706330 0.0896331 0.1501474 0.1293732 0.2211897 0.1752276 0.0864125 0.1268673 0.0681615 0.4890934 0.4563608 0.0693743 0.0681615 
XM_007484437_2_PREDICTED_Monodelphis_domestica_REV3_like_DNA_directed_polymerase_zeta_catalytic_subunit_REV3L_transcript_variant_X1_mRNA_1                 0.2318645 0.4284721 0.4563608 0.2318645 0.3289284 0.3111152 0.2318645 0.3790069 0.2452233 0.2318645 0.3681441 0.4284721 0.3489100 0.1831524 0.2071054 0.2767113 0.2838603 0.4230351 0.3489100 0.2376627 0.0000000 0.0326025 0.0331431 0.0864125 0.5257942 0.5257942 0.3704744 0.3681441 0.3593019 0.2318645 0.3681441 0.3030342 0.3489100 0.3906751 0.3866240 0.3392113 0.5584140 0.3489100 0.2767113 0.2263828 0.2641080 0.2838603 0.2699690 0.2452233 0.2612394 0.2699690 0.2641080 0.2641080 0.2376627 0.3111152 0.4598313 0.4284721 0.3681441 0.3489100 0.2914595 0.2914595 0.4598313 0.3489100 0.3111152 0.3392113 0.3111152 0.3197261 0.3289284 0.3489100 0.4418869 0.3790069 0.2641080 0.2641080 0.2641080 0.3289284 0.3197261 0.2641080 0.2641080 0.2641080 0.2914595 0.3289284 0.2830426 0.4007718 0.2071054 0.2263828 0.3489100 0.2914595 0.2376627 0.3289284 0.3387939 0.2641080 0.3704744 0.2641080 0.2263828 0.1565511 0.2574456 0.1831524 0.2376627 0.3489100 0.6884027 0.3704744 0.6612322 0.2574456 0.2263828 0.2574456 0.2263828 0.2914595 0.2071054 0.2376627 0.2511624 0.2438093 0.2995590 0.3289284 0.2452233 0.4418869 0.3489100 0.2838603 0.2767113 0.2574456 0.5079858 0.4418869 0.2641080 0.2574456 
XM_031964400_1_PREDICTED_Sarcophilus_harrisii_REV3_like_DNA_directed_polymerase_zeta_catalytic_subunit_REV3L_transcript_variant_X1_mRNA_1                  0.2318645 0.4284721 0.4563608 0.2318645 0.3289284 0.3111152 0.2318645 0.3790069 0.2452233 0.2318645 0.3681441 0.4284721 0.3489100 0.1831524 0.2071054 0.2767113 0.2838603 0.4230351 0.3489100 0.2376627 0.0326025 0.0000000 0.0331431 0.0504103 0.5257942 0.5257942 0.3704744 0.3681441 0.3593019 0.2318645 0.3681441 0.3030342 0.3489100 0.3906751 0.3866240 0.3392113 0.5584140 0.3489100 0.2767113 0.2263828 0.2641080 0.2838603 0.2954314 0.2699690 0.2878629 0.2954314 0.2641080 0.2641080 0.2376627 0.3111152 0.4598313 0.4284721 0.3681441 0.3489100 0.2914595 0.2914595 0.4598313 0.3489100 0.3111152 0.3392113 0.3111152 0.3197261 0.3289284 0.3489100 0.4418869 0.3790069 0.2641080 0.2641080 0.2641080 0.3289284 0.3197261 0.2641080 0.2641080 0.2641080 0.2914595 0.3289284 0.2830426 0.4007718 0.2071054 0.2263828 0.3489100 0.2914595 0.2641080 0.3289284 0.3387939 0.2641080 0.3704744 0.2641080 0.2023636 0.1565511 0.2838603 0.1831524 0.2376627 0.3489100 0.7311336 0.3704744 0.7017451 0.2574456 0.2023636 0.2318645 0.2023636 0.2914595 0.2071054 0.2376627 0.2511624 0.2438093 0.2995590 0.3289284 0.2211897 0.4100052 0.3790069 0.2838603 0.2767113 0.2574456 0.4720389 0.4100052 0.2641080 0.2574456 
XM_036766364_1_PREDICTED_Trichosurus_vulpecula_REV3_like_DNA_directed_polymerase_zeta_catalytic_subunit_REV3L_transcript_variant_X1_mRNA_1                 0.2023636 0.4159955 0.4418869 0.2023636 0.2914595 0.3197261 0.2023636 0.3392113 0.2395994 0.2023636 0.3301312 0.3866240 0.3111152 0.1565511 0.1790917 0.2699690 0.2511624 0.3790069 0.3111152 0.2071054 0.0331431 0.0331431 0.0000000 0.0495670 0.5082031 0.5082031 0.3289284 0.3579973 0.3197261 0.2023636 0.3579973 0.2954314 0.3111152 0.3790069 0.3760790 0.3301312 0.5405503 0.3392113 0.2699690 0.1978613 0.2318645 0.2511624 0.2635983 0.2395994 0.2548083 0.2635983 0.2318645 0.2318645 0.2071054 0.3197261 0.4159955 0.3866240 0.3301312 0.3111152 0.2574456 0.2574456 0.4159955 0.3111152 0.2767113 0.3030342 0.2767113 0.2838603 0.2914595 0.3111152 0.3979029 0.3392113 0.2318645 0.2318645 0.2318645 0.2914595 0.2838603 0.2318645 0.2318645 0.2318645 0.2574456 0.2914595 0.2476726 0.3542981 0.1790917 0.1978613 0.3111152 0.2574456 0.2318645 0.2914595 0.2995590 0.2318645 0.3289284 0.2318645 0.1752276 0.1831524 0.2263828 0.1565511 0.2071054 0.3111152 0.6612322 0.3289284 0.6364091 0.2263828 0.1978613 0.2263828 0.1978613 0.2574456 0.1790917 0.2071054 0.2211897 0.2121089 0.2641080 0.3197261 0.1935799 0.3681441 0.3392113 0.2511624 0.3111152 0.2263828 0.5269096 0.4563608 0.2318645 0.2263828 
XM_027848601_1_PREDICTED_Vombatus_ursinus_REV3_like_DNA_directed_polymerase_zeta_catalytic_subunit_REV3L_transcript_variant_X1_mRNA_1                      0.2511624 0.4769009 0.5082031 0.2511624 0.3489100 0.3197261 0.2511624 0.3979029 0.2882604 0.2511624 0.3301312 0.3866240 0.3681441 0.2023636 0.2263828 0.3216074 0.3030342 0.4418869 0.3681441 0.2574456 0.0864125 0.0504103 0.0495670 0.0000000 0.5777368 0.5777368 0.3906751 0.4159955 0.3790069 0.2511624 0.4159955 0.3484929 0.3681441 0.4418869 0.4332979 0.3579973 0.6067952 0.3979029 0.3216074 0.2452233 0.2838603 0.3030342 0.3135840 0.2882604 0.3070532 0.3135840 0.2838603 0.2838603 0.2574456 0.3197261 0.4159955 0.3866240 0.3301312 0.3111152 0.3111152 0.3111152 0.4159955 0.3111152 0.2767113 0.3030342 0.2767113 0.3392113 0.3489100 0.3681441 0.3979029 0.3979029 0.2838603 0.2838603 0.2838603 0.2914595 0.3392113 0.2838603 0.2838603 0.2838603 0.3111152 0.2914595 0.3038996 0.4218643 0.2263828 0.2452233 0.3681441 0.3111152 0.2838603 0.3489100 0.3593019 0.2838603 0.3906751 0.2838603 0.2211897 0.2318645 0.3030342 0.2023636 0.2574456 0.3681441 0.7431177 0.3906751 0.7141903 0.2767113 0.2211897 0.2511624 0.2211897 0.3111152 0.2263828 0.2574456 0.2699690 0.2641080 0.3197261 0.3790069 0.2395994 0.4284721 0.3979029 0.3030342 0.3681441 0.2767113 0.5269096 0.5257942 0.2838603 0.2767113 
XM_040983897_1_PREDICTED_Ochotona_curzoniae_REV3_like_DNA_directed_polymerase_zeta_catalytic_subunit_REV3L_transcript_variant_X1_mRNA_1                    0.2342623 0.2954314 0.2814820 0.2342623 0.2954314 0.3484929 0.2342623 0.2882604 0.2699690 0.2342623 0.4043526 0.4628968 0.3395640 0.2954314 0.2115760 0.2395994 0.2814820 0.3832285 0.2882604 0.2162617 0.5257942 0.5257942 0.5082031 0.5777368 0.0000000 0.0000010 0.2395994 0.2954314 0.3484929 0.2814820 0.2452233 0.2162617 0.3395640 0.2575639 0.2882604 0.2954314 0.3311553 0.2511624 0.2395994 0.2635983 0.2395994 0.2342623 0.3216074 0.3484929 0.3435099 0.3216074 0.3135840 0.3135840 0.2882604 0.3484929 0.4332979 0.4628968 0.4043526 0.4460945 0.2882604 0.3395640 0.4332979 0.4460945 0.4043526 0.3760790 0.4043526 0.2882604 0.2954314 0.2882604 0.3661918 0.3135840 0.3135840 0.3135840 0.2635983 0.3216074 0.3135840 0.2635983 0.2882604 0.2882604 0.2882604 0.3216074 0.2805614 0.3533674 0.2954314 0.3135840 0.3395640 0.2395994 0.3030342 0.3484929 0.3301312 0.2882604 0.3866240 0.2882604 0.3030342 0.3030342 0.4598313 0.2954314 0.2395994 0.2882604 0.7141903 0.3301312 0.6876871 0.2575639 0.2635983 0.2954314 0.2635983 0.2635983 0.2115760 0.2395994 0.2882604 0.2699690 0.2211897 0.1978613 0.2452233 0.3579973 0.2635983 0.2814820 0.2162617 0.1680314 0.6740592 0.5079858 0.2635983 0.2575639 
XM_004580498_1_PREDICTED_Ochotona_princeps_REV3_like_DNA_directed_polymerase_zeta_catalytic_subunit_REV3L_mRNA_1                                           0.2342623 0.2954314 0.2814820 0.2342623 0.2954314 0.3484929 0.2342623 0.2882604 0.2699690 0.2342623 0.4043526 0.4628968 0.3395640 0.2954314 0.2115760 0.2395994 0.2814820 0.3832285 0.2882604 0.2162617 0.5257942 0.5257942 0.5082031 0.5777368 0.0000010 0.0000000 0.2395994 0.2954314 0.3484929 0.2814820 0.2452233 0.2162617 0.3395640 0.2575639 0.2882604 0.2954314 0.3311553 0.2511624 0.2395994 0.2635983 0.2395994 0.2342623 0.3216074 0.3484929 0.3435099 0.3216074 0.3135840 0.3135840 0.2882604 0.3484929 0.4332979 0.4628968 0.4043526 0.4460945 0.2882604 0.3395640 0.4332979 0.4460945 0.4043526 0.3760790 0.4043526 0.2882604 0.2954314 0.2882604 0.3661918 0.3135840 0.3135840 0.3135840 0.2635983 0.3216074 0.3135840 0.2635983 0.2882604 0.2882604 0.2882604 0.3216074 0.2805614 0.3533674 0.2954314 0.3135840 0.3395640 0.2395994 0.3030342 0.3484929 0.3301312 0.2882604 0.3866240 0.2882604 0.3030342 0.3030342 0.4598313 0.2954314 0.2395994 0.2882604 0.7141903 0.3301312 0.6876871 0.2575639 0.2635983 0.2954314 0.2635983 0.2635983 0.2115760 0.2395994 0.2882604 0.2699690 0.2211897 0.1978613 0.2452233 0.3579973 0.2635983 0.2814820 0.2162617 0.1680314 0.6740592 0.5079858 0.2635983 0.2575639 
XM_008263376_2_PREDICTED_Oryctolagus_cuniculus_REV3_like_DNA_directed_polymerase_zeta_catalytic_subunit_REV3L_transcript_variant_X1_mRNA_1                 0.1501474 0.3579973 0.2162617 0.1501474 0.1790917 0.3030342 0.1501474 0.1532755 0.2511624 0.1501474 0.3301312 0.3866240 0.2452233 0.2023636 0.1293732 0.2211897 0.1935799 0.3301312 0.1978613 0.1532755 0.3704744 0.3704744 0.3289284 0.3906751 0.2395994 0.2395994 0.0000000 0.3579973 0.2023636 0.1501474 0.3030342 0.2452233 0.2954314 0.1715448 0.2699690 0.3301312 0.3395640 0.2838603 0.2211897 0.1752276 0.1752276 0.1092073 0.2263828 0.2511624 0.2680606 0.2263828 0.2211897 0.2211897 0.1978613 0.3030342 0.3579973 0.3866240 0.3301312 0.3111152 0.2452233 0.1978613 0.3579973 0.3111152 0.2767113 0.3030342 0.2767113 0.1978613 0.1790917 0.1978613 0.2699690 0.2211897 0.1752276 0.1752276 0.1319891 0.1790917 0.1532755 0.1319891 0.1532755 0.1532755 0.1532755 0.1790917 0.1626631 0.2476726 0.1790917 0.2211897 0.2452233 0.1532755 0.2071054 0.2511624 0.2574456 0.1978613 0.2452233 0.2452233 0.2071054 0.2318645 0.3489100 0.2023636 0.1532755 0.1978613 0.7853781 0.2574456 0.7542984 0.1715448 0.1752276 0.2023636 0.1752276 0.1752276 0.1293732 0.1532755 0.1978613 0.1565511 0.1565511 0.2263828 0.2023636 0.1752276 0.1113508 0.1935799 0.2452233 0.1293732 0.7989457 0.6057065 0.1752276 0.1715448 
XM_029482641_1_PREDICTED_Mus_caroli_REV3_like_DNA_directed_polymerase_zeta_catalytic_subunit_Rev3l_mRNA_1                                                  0.2342623 0.0326025 0.1978613 0.2342623 0.2954314 0.1752276 0.2342623 0.3661918 0.1071504 0.2342623 0.2575639 0.3060142 0.2395994 0.2342623 0.2115760 0.0864125 0.2342623 0.2452233 0.2882604 0.2635983 0.3681441 0.3681441 0.3579973 0.4159955 0.2954314 0.2954314 0.3579973 0.0000000 0.2954314 0.2342623 0.0326025 0.0681615 0.2635983 0.1978613 0.1244659 0.1268673 0.1895012 0.1092073 0.0864125 0.2162617 0.2162617 0.2575639 0.2342623 0.2575639 0.2736761 0.2342623 0.2162617 0.2162617 0.1935799 0.1752276 0.2814820 0.3060142 0.2575639 0.2395994 0.2395994 0.2395994 0.2814820 0.2395994 0.2115760 0.2342623 0.2115760 0.2882604 0.2954314 0.2882604 0.3135840 0.3135840 0.2635983 0.2635983 0.2635983 0.3216074 0.3135840 0.2635983 0.2635983 0.2635983 0.2882604 0.3216074 0.2297941 0.2680603 0.2115760 0.1442946 0.2395994 0.1935799 0.3030342 0.2699690 0.3030342 0.2635983 0.3579973 0.3135840 0.3030342 0.2395994 0.2954314 0.2342623 0.2395994 0.2882604 0.6749004 0.2511624 0.6502980 0.2115760 0.2635983 0.2954314 0.2635983 0.2395994 0.2115760 0.2395994 0.2518381 0.2699690 0.2211897 0.2452233 0.2575639 0.3579973 0.3579973 0.2814820 0.3135840 0.2115760 0.5827948 0.5082031 0.2635983 0.2575639 
XM_020168699_1_PREDICTED_Castor_canadensis_REV3_like_DNA_directed_polymerase_zeta_catalytic_subunit_Rev3l_mRNA_1                                           0.1071504 0.2954314 0.1978613 0.0693743 0.1113508 0.1978613 0.1071504 0.1501474 0.1978613 0.0693743 0.1978613 0.2452233 0.1501474 0.1532755 0.0879912 0.1715448 0.1071504 0.2211897 0.1715448 0.1293732 0.3593019 0.3593019 0.3197261 0.3790069 0.3484929 0.3484929 0.2023636 0.2954314 0.0000000 0.0693743 0.2452233 0.1935799 0.1715448 0.1978613 0.2395994 0.2211897 0.2575639 0.2263828 0.1715448 0.0896331 0.0896331 0.1268673 0.1532755 0.1752276 0.1861403 0.1532755 0.1293732 0.1293732 0.1092073 0.1978613 0.2699690 0.2452233 0.1978613 0.1790917 0.1501474 0.1293732 0.2699690 0.1790917 0.1532755 0.1752276 0.1532755 0.1293732 0.1113508 0.1293732 0.1501474 0.1501474 0.1501474 0.1501474 0.1092073 0.1532755 0.1092073 0.1092073 0.1293732 0.1293732 0.1293732 0.1532755 0.0731859 0.1399377 0.1268673 0.1293732 0.1501474 0.1501474 0.1565511 0.2452233 0.2511624 0.1935799 0.2511624 0.1935799 0.1565511 0.1790917 0.2071054 0.1532755 0.1501474 0.1715448 0.5987155 0.1293732 0.5777368 0.0879912 0.0896331 0.1113508 0.0896331 0.0681615 0.0879912 0.1092073 0.1501474 0.1532755 0.1532755 0.2211897 0.1978613 0.1790917 0.1790917 0.1471574 0.1935799 0.1268673 0.7182493 0.6612322 0.1293732 0.1268673 
