131
NM_001372078_1_Homo_sapiens_REV3_like_DNA_directed_polymerase_zeta_catalytic_subunit_REV3L_transcript_variant_4_mRNA_1                                     0.0000000 0.3255603 0.2968108 0.0201334 0.1100994 0.1299118 0.0000010 0.1468989 0.1692374 0.0201334 0.0673135 0.1215458 0.0963310 0.1215458 0.1502792 0.1538407 0.0924277 0.1468989 0.0906029 0.1850416 0.0533056 0.1652188 0.2245859 0.2121960 0.1215458 0.1215458 0.0796964 0.1189498 0.1436851 0.2949380 0.2750246 0.2348874 0.3258873 0.2594112 0.3255603 0.5181480 0.3473041 0.2594112 0.3362428 0.2523126 0.1100994 0.1125656 0.0943348 0.1502792 0.1055112 0.1055112 0.1189498 0.1077510 0.0796964 0.0796964 0.0924277 0.1077510 0.1100994 0.0924277 0.0796964 0.0673135 0.1327454 0.0796964 0.0943348 0.0943348 0.0943348 0.0924277 0.1327454 0.0542710 0.0542710 0.0673135 0.0906029 0.1299118 0.1436851 0.0888568 0.1013271 0.1013271 0.1468989 0.1762798 0.1762798 0.1436851 0.1272104 0.1436851 0.1577945 0.1577945 0.1164743 0.1299118 0.1614105 0.1406253 0.1898054 0.1055112 0.1033719 0.0766984 0.1100994 0.0943348 0.0796964 0.1189498 0.1388516 0.1077510 0.0924277 0.0673135 0.0943348 0.1189498 0.1033719 0.1055112 0.1055112 0.1215458 0.1033719 0.1033719 0.0766984 0.2658595 0.1164743 0.0306032 0.0306032 0.0306032 0.0306032 0.0306032 0.0533056 0.0306032 0.0413491 0.0306032 0.0906029 0.0648492 0.0781652 0.1164743 0.1077510 0.0781652 0.0906029 0.0796964 0.1388516 0.1215458 0.3057753 0.2949380 0.0906029 0.0796964 0.1077510 
NM_011264_3_Mus_musculus_REV3_like_DNA_directed_polymerase_zeta_catalytic_subunit_Rev3l_mRNA_1                                                             0.3255603 0.0000000 0.1468989 0.2836338 0.3144047 0.3473041 0.3255603 0.3362428 0.1734844 0.2836338 0.2366500 0.3473041 0.3364958 0.3043403 0.4723606 0.1421513 0.2949380 0.2237468 0.2482527 0.4900557 0.3153405 0.3924482 0.4900557 0.4557080 0.3473041 0.3043403 0.3144047 0.2555947 0.2861390 0.0100924 0.0420634 0.2065602 0.3823345 0.1189498 0.1077510 0.1538407 0.0943348 0.2012521 0.2669667 0.1652188 0.2949380 0.3482116 0.2836338 0.3255603 0.2555947 0.2555947 0.2750246 0.3043403 0.2949380 0.2949380 0.2750246 0.3043403 0.3144047 0.2949380 0.2555947 0.2366500 0.4061320 0.3591327 0.3255603 0.2836338 0.2836338 0.2949380 0.4061320 0.2634376 0.2634376 0.2366500 0.2669667 0.3473041 0.3695904 0.2949380 0.2949380 0.2949380 0.2968108 0.3360152 0.3360152 0.2861390 0.3153405 0.2861390 0.3057753 0.3057753 0.2669667 0.2669667 0.3153405 0.3362428 0.3482116 0.2949380 0.2836338 0.2750246 0.3364958 0.3717928 0.2594112 0.3153405 0.3591327 0.2669667 0.2928502 0.2237468 0.3057753 0.2949380 0.2299954 0.2750246 0.2750246 0.3043403 0.3258873 0.2299954 0.3362428 0.6963189 0.4159187 0.3043403 0.3043403 0.3043403 0.3043403 0.3043403 0.3591327 0.3043403 0.2836338 0.3043403 0.3255603 0.2750246 0.3043403 0.3255603 0.2121960 0.2861390 0.3695904 0.2555947 0.3362428 0.3695904 0.4900557 0.4529396 0.2836338 0.2555947 0.3043403 
XM_006256524_2_PREDICTED_Rattus_norvegicus_REV3_like_DNA_directed_polymerase_zeta_catalytic_subunit_Rev3l_transcript_variant_X1_mRNA_1                     0.2968108 0.1468989 0.0000000 0.2594112 0.3258873 0.3161799 0.2968108 0.2701461 0.1614105 0.2594112 0.2523126 0.3161799 0.3057753 0.2065602 0.4253586 0.1468989 0.2701461 0.2393302 0.2123249 0.4400571 0.2883944 0.3563404 0.4400571 0.3676121 0.3161799 0.3161799 0.3057753 0.2701461 0.3169377 0.1299118 0.1164743 0.1468989 0.3057753 0.0201334 0.1468989 0.2594112 0.1614105 0.1805398 0.2594112 0.1915063 0.2482527 0.3153405 0.2778915 0.2968108 0.2348874 0.2348874 0.2523126 0.2413638 0.2348874 0.2348874 0.2178675 0.2413638 0.3258873 0.3070677 0.2701461 0.2523126 0.4115581 0.2861390 0.2594112 0.2968108 0.2968108 0.3070677 0.4115581 0.2778915 0.2778915 0.2861390 0.2456310 0.3161799 0.3360152 0.2701461 0.2701461 0.2701461 0.2904346 0.3264480 0.3264480 0.2287872 0.2523126 0.2287872 0.2456310 0.2456310 0.2123249 0.2123249 0.2523126 0.2701461 0.2949380 0.2348874 0.3161799 0.2701461 0.3057753 0.3362428 0.2523126 0.2523126 0.3258873 0.2237468 0.2669667 0.2523126 0.3161799 0.2348874 0.2123249 0.1850416 0.1850416 0.2065602 0.2628598 0.2287872 0.2701461 0.6381345 0.3360152 0.2778915 0.2778915 0.2778915 0.2778915 0.2778915 0.3258873 0.2778915 0.2594112 0.2778915 0.3161799 0.2523126 0.2778915 0.2594112 0.2123249 0.2628598 0.3360152 0.2348874 0.2883944 0.3563404 0.5272674 0.5773786 0.2594112 0.2701461 0.3161799 
XM_028847034_1_PREDICTED_Macaca_mulatta_REV3_like_DNA_directed_polymerase_zeta_catalytic_subunit_REV3L_transcript_variant_X1_mRNA_1                        0.0201334 0.2836338 0.2594112 0.0000000 0.0829631 0.1033719 0.0201334 0.1189498 0.1388516 0.0000010 0.0435726 0.0943348 0.0699898 0.0943348 0.1215458 0.1242721 0.0673135 0.1468989 0.0660567 0.1538407 0.0311177 0.1357216 0.1878289 0.1779819 0.0943348 0.0943348 0.0552742 0.0924277 0.1164743 0.2555947 0.2366500 0.2012521 0.2861390 0.2237468 0.2836338 0.4628124 0.3043403 0.2237468 0.2949380 0.2178675 0.0829631 0.0847094 0.0686237 0.1215458 0.0796964 0.0796964 0.0924277 0.0812939 0.0552742 0.0552742 0.0673135 0.0812939 0.0829631 0.0673135 0.0552742 0.0435726 0.1055112 0.0552742 0.0686237 0.0686237 0.0686237 0.0673135 0.1055112 0.0316504 0.0316504 0.0435726 0.0660567 0.1033719 0.1164743 0.0648492 0.0766984 0.0766984 0.1189498 0.1468989 0.1468989 0.1164743 0.1013271 0.1164743 0.1299118 0.1299118 0.0906029 0.1033719 0.1327454 0.1141112 0.1575993 0.0796964 0.0781652 0.0533056 0.0829631 0.0686237 0.0552742 0.0924277 0.1100994 0.0812939 0.0673135 0.0435726 0.0943348 0.0924277 0.0781652 0.0796964 0.0796964 0.0943348 0.0781652 0.0781652 0.0533056 0.2658595 0.0906029 0.0099343 0.0099343 0.0099343 0.0099343 0.0099343 0.0311177 0.0099343 0.0201334 0.0099343 0.0660567 0.0420634 0.0542710 0.0906029 0.0812939 0.0542710 0.0660567 0.0552742 0.1100994 0.0943348 0.2669667 0.2555947 0.0660567 0.0552742 0.0812939 
XM_014118216_3_PREDICTED_Canis_lupus_familiaris_REV3_like_DNA_directed_polymerase_zeta_catalytic_subunit_REV3L_transcript_variant_X1_mRNA_1                0.1100994 0.3144047 0.3258873 0.0829631 0.0000000 0.1538407 0.1100994 0.1357216 0.1898054 0.0829631 0.0316504 0.0924277 0.1125656 0.1388516 0.1779819 0.1734844 0.1077510 0.1962426 0.1388516 0.2366500 0.1077510 0.1948571 0.2120449 0.2366500 0.1538407 0.1538407 0.1271405 0.1077510 0.1468989 0.2836338 0.2836338 0.2594112 0.3153405 0.2861390 0.3364958 0.5088228 0.3364958 0.2861390 0.3695904 0.2778915 0.1271405 0.1301625 0.1100994 0.1692374 0.1215458 0.1215458 0.1357216 0.0648492 0.0660567 0.0660567 0.0781652 0.0648492 0.0000010 0.0660567 0.0428042 0.0316504 0.1215458 0.0943348 0.0796964 0.0100924 0.0100924 0.0660567 0.1215458 0.0435726 0.0435726 0.0563186 0.1100994 0.1538407 0.1692374 0.1077510 0.1215458 0.1215458 0.1652188 0.1962426 0.1962426 0.1327454 0.1805398 0.1327454 0.1468989 0.1468989 0.1055112 0.1189498 0.1805398 0.1652188 0.2121960 0.1215458 0.1100994 0.1077510 0.1271405 0.1301625 0.0943348 0.1357216 0.1575993 0.1242721 0.1421513 0.0812939 0.1388516 0.1357216 0.1189498 0.1215458 0.1215458 0.1388516 0.1189498 0.1538407 0.1215458 0.3318533 0.1388516 0.0963310 0.0963310 0.0963310 0.0963310 0.0963310 0.0984231 0.0963310 0.1100994 0.0963310 0.0963310 0.1077510 0.1055112 0.1538407 0.1242721 0.0552742 0.1388516 0.0943348 0.1575993 0.1779819 0.3144047 0.3027348 0.1242721 0.0428042 0.0963310 
XM_024996589_1_PREDICTED_Bos_taurus_REV3_like_DNA_directed_polymerase_zeta_catalytic_subunit_REV3L_transcript_variant_X1_mRNA_1                            0.1299118 0.3473041 0.3161799 0.1033719 0.1538407 0.0000000 0.1299118 0.1327454 0.2348874 0.1033719 0.1327454 0.1962426 0.1388516 0.1962426 0.2287872 0.1850416 0.1614105 0.2559925 0.1577945 0.2348874 0.1468989 0.2456310 0.2836338 0.3057753 0.1962426 0.1962426 0.1468989 0.1915063 0.2175889 0.3153405 0.2949380 0.2178675 0.3892858 0.2778915 0.3043403 0.4900557 0.3695904 0.2778915 0.3362428 0.2523126 0.1850416 0.1898054 0.1652188 0.2287872 0.1762798 0.1762798 0.1915063 0.1805398 0.1468989 0.1468989 0.1468989 0.1805398 0.1538407 0.1614105 0.1468989 0.1327454 0.2070897 0.1468989 0.1357216 0.1357216 0.1357216 0.1614105 0.2070897 0.1164743 0.1164743 0.1327454 0.0542710 0.0000010 0.0099343 0.0311177 0.0420634 0.0420634 0.1189498 0.1468989 0.1468989 0.0906029 0.1013271 0.0906029 0.1033719 0.1033719 0.0906029 0.0781652 0.1327454 0.0888568 0.2594112 0.1762798 0.1722396 0.1406253 0.1538407 0.1357216 0.1468989 0.1614105 0.1850416 0.1502792 0.1327454 0.1327454 0.1962426 0.1915063 0.1722396 0.1762798 0.1762798 0.1962426 0.1722396 0.1722396 0.1406253 0.3822767 0.1299118 0.1164743 0.1164743 0.1164743 0.1164743 0.1164743 0.1189498 0.1164743 0.1299118 0.1164743 0.1299118 0.1272104 0.1436851 0.1870203 0.1652188 0.1164743 0.1577945 0.1189498 0.2012521 0.1805398 0.3892858 0.3796283 0.1299118 0.1468989 0.1805398 
XM_016956167_2_PREDICTED_Pan_troglodytes_REV3_like_DNA_directed_polymerase_zeta_catalytic_subunit_REV3L_transcript_variant_X1_mRNA_1                       0.0000010 0.3255603 0.2968108 0.0201334 0.1100994 0.1299118 0.0000000 0.1468989 0.1692374 0.0201334 0.0673135 0.1215458 0.0963310 0.1215458 0.1502792 0.1538407 0.0924277 0.1468989 0.0906029 0.1850416 0.0533056 0.1652188 0.2245859 0.2121960 0.1215458 0.1215458 0.0796964 0.1189498 0.1436851 0.2949380 0.2750246 0.2348874 0.3258873 0.2594112 0.3255603 0.5181480 0.3473041 0.2594112 0.3362428 0.2523126 0.1100994 0.1125656 0.0943348 0.1502792 0.1055112 0.1055112 0.1189498 0.1077510 0.0796964 0.0796964 0.0924277 0.1077510 0.1100994 0.0924277 0.0796964 0.0673135 0.1327454 0.0796964 0.0943348 0.0943348 0.0943348 0.0924277 0.1327454 0.0542710 0.0542710 0.0673135 0.0906029 0.1299118 0.1436851 0.0888568 0.1013271 0.1013271 0.1468989 0.1762798 0.1762798 0.1436851 0.1272104 0.1436851 0.1577945 0.1577945 0.1164743 0.1299118 0.1614105 0.1406253 0.1898054 0.1055112 0.1033719 0.0766984 0.1100994 0.0943348 0.0796964 0.1189498 0.1388516 0.1077510 0.0924277 0.0673135 0.0943348 0.1189498 0.1033719 0.1055112 0.1055112 0.1215458 0.1033719 0.1033719 0.0766984 0.2658595 0.1164743 0.0306032 0.0306032 0.0306032 0.0306032 0.0306032 0.0533056 0.0306032 0.0413491 0.0306032 0.0906029 0.0648492 0.0781652 0.1164743 0.1077510 0.0781652 0.0906029 0.0796964 0.1388516 0.1215458 0.3057753 0.2949380 0.0906029 0.0796964 0.1077510 
XM_021091238_1_PREDICTED_Sus_scrofa_REV3_like_DNA_directed_polymerase_zeta_catalytic_subunit_REV3L_transcript_variant_X1_mRNA_1                            0.1468989 0.3362428 0.2701461 0.1189498 0.1357216 0.1327454 0.1468989 0.0000000 0.2287872 0.1189498 0.1164743 0.1915063 0.1502792 0.1614105 0.2348874 0.1805398 0.1436851 0.2021365 0.1614105 0.2065602 0.0906029 0.1850416 0.2002251 0.1734844 0.2178675 0.2178675 0.1652188 0.1436851 0.1543550 0.3057753 0.3057753 0.2287872 0.3358104 0.2348874 0.2968108 0.4207389 0.3153405 0.2523126 0.3258873 0.2456310 0.1652188 0.1692374 0.1468989 0.1915063 0.1436851 0.1436851 0.1577945 0.1614105 0.1299118 0.1299118 0.1436851 0.1614105 0.1357216 0.1577945 0.1299118 0.1164743 0.2287872 0.1652188 0.1468989 0.1189498 0.1189498 0.1577945 0.2287872 0.1327454 0.1327454 0.1502792 0.0924277 0.1327454 0.1468989 0.0906029 0.1033719 0.1033719 0.1436851 0.1722396 0.1722396 0.0888568 0.1299118 0.0888568 0.1013271 0.1013271 0.0888568 0.1013271 0.1299118 0.1164743 0.2348874 0.1436851 0.1762798 0.1436851 0.1652188 0.1692374 0.1033719 0.1436851 0.1652188 0.1327454 0.1502792 0.1164743 0.1468989 0.1577945 0.1406253 0.1436851 0.1436851 0.1614105 0.1272104 0.1762798 0.1577945 0.3822767 0.1762798 0.1327454 0.1327454 0.1327454 0.1327454 0.1327454 0.1077510 0.1055112 0.1055112 0.1055112 0.1327454 0.1299118 0.1468989 0.1762798 0.1614105 0.1013271 0.1762798 0.1033719 0.1652188 0.2178675 0.4253586 0.4159187 0.1327454 0.1299118 0.1327454 
XM_040758199_1_PREDICTED_Mesocricetus_auratus_REV3_like_DNA_directed_polymerase_zeta_catalytic_subunit_Rev3l_transcript_variant_X1_mRNA_1                  0.1692374 0.1734844 0.1614105 0.1388516 0.1898054 0.2348874 0.1692374 0.2287872 0.0000000 0.1388516 0.1357216 0.2178675 0.1734844 0.1692374 0.2178675 0.0542710 0.1215458 0.1299118 0.1538407 0.2750246 0.1652188 0.2299954 0.2928502 0.2750246 0.1779819 0.1779819 0.1734844 0.1299118 0.2070897 0.1538407 0.1692374 0.1299118 0.2123249 0.1327454 0.1898054 0.3473041 0.2237468 0.1327454 0.1692374 0.1164743 0.1575993 0.1779819 0.1538407 0.1850416 0.1357216 0.1357216 0.1502792 0.1538407 0.1502792 0.1502792 0.1652188 0.1538407 0.1898054 0.1805398 0.1502792 0.1357216 0.2594112 0.1898054 0.1692374 0.1692374 0.1692374 0.1805398 0.2594112 0.1538407 0.1538407 0.1575993 0.1692374 0.2348874 0.2178675 0.1805398 0.1652188 0.1652188 0.1722396 0.2021365 0.2021365 0.2070897 0.2287872 0.2070897 0.2230304 0.2230304 0.1915063 0.1915063 0.2287872 0.2456310 0.2121960 0.1436851 0.1850416 0.1652188 0.1575993 0.1948571 0.1357216 0.1962426 0.2237468 0.1692374 0.1734844 0.1357216 0.1850416 0.1652188 0.1468989 0.1502792 0.1502792 0.1692374 0.1762798 0.1692374 0.1805398 0.3483732 0.2348874 0.1538407 0.1538407 0.1538407 0.1538407 0.1538407 0.1898054 0.1538407 0.1692374 0.1538407 0.1850416 0.1652188 0.1850416 0.2012521 0.0648492 0.1468989 0.2012521 0.1502792 0.1805398 0.1850416 0.3591327 0.3959576 0.1850416 0.1502792 0.1468989 
XM_015448392_1_PREDICTED_Macaca_fascicularis_REV3_like_DNA_directed_polymerase_zeta_catalytic_subunit_REV3L_transcript_variant_X1_mRNA_1                   0.0201334 0.2836338 0.2594112 0.0000010 0.0829631 0.1033719 0.0201334 0.1189498 0.1388516 0.0000000 0.0435726 0.0943348 0.0699898 0.0943348 0.1215458 0.1242721 0.0673135 0.1468989 0.0660567 0.1538407 0.0311177 0.1357216 0.1878289 0.1779819 0.0943348 0.0943348 0.0552742 0.0924277 0.1164743 0.2555947 0.2366500 0.2012521 0.2861390 0.2237468 0.2836338 0.4628124 0.3043403 0.2237468 0.2949380 0.2178675 0.0829631 0.0847094 0.0686237 0.1215458 0.0796964 0.0796964 0.0924277 0.0812939 0.0552742 0.0552742 0.0673135 0.0812939 0.0829631 0.0673135 0.0552742 0.0435726 0.1055112 0.0552742 0.0686237 0.0686237 0.0686237 0.0673135 0.1055112 0.0316504 0.0316504 0.0435726 0.0660567 0.1033719 0.1164743 0.0648492 0.0766984 0.0766984 0.1189498 0.1468989 0.1468989 0.1164743 0.1013271 0.1164743 0.1299118 0.1299118 0.0906029 0.1033719 0.1327454 0.1141112 0.1575993 0.0796964 0.0781652 0.0533056 0.0829631 0.0686237 0.0552742 0.0924277 0.1100994 0.0812939 0.0673135 0.0435726 0.0943348 0.0924277 0.0781652 0.0796964 0.0796964 0.0943348 0.0781652 0.0781652 0.0533056 0.2658595 0.0906029 0.0099343 0.0099343 0.0099343 0.0099343 0.0099343 0.0311177 0.0099343 0.0201334 0.0099343 0.0660567 0.0420634 0.0542710 0.0906029 0.0812939 0.0542710 0.0660567 0.0552742 0.1100994 0.0943348 0.2669667 0.2555947 0.0660567 0.0552742 0.0812939 
XM_004753515_2_PREDICTED_Mustela_putorius_furo_REV3_like_polymerase_DNA_directed_zeta_catalytic_subunit_REV3L_transcript_variant_X1_mRNA_1                 0.0673135 0.2366500 0.2523126 0.0435726 0.0316504 0.1327454 0.0673135 0.1164743 0.1357216 0.0435726 0.0000000 0.0533056 0.0686237 0.0924277 0.1388516 0.1215458 0.0660567 0.1436851 0.0924277 0.1734844 0.0660567 0.1388516 0.1827541 0.1734844 0.1055112 0.1055112 0.0812939 0.0660567 0.1013271 0.2121960 0.2121960 0.1962426 0.2413638 0.2178675 0.2750246 0.3959576 0.2555947 0.2178675 0.2861390 0.2123249 0.0812939 0.0829631 0.0673135 0.1189498 0.0781652 0.0781652 0.0906029 0.0533056 0.0542710 0.0542710 0.0660567 0.0533056 0.0316504 0.0306032 0.0099343 0.0000010 0.0781652 0.0812939 0.0673135 0.0204627 0.0204627 0.0306032 0.0781652 0.0100924 0.0100924 0.0208033 0.0924277 0.1327454 0.1468989 0.0906029 0.1033719 0.1033719 0.1164743 0.1436851 0.1436851 0.1141112 0.1299118 0.1141112 0.1272104 0.1272104 0.0888568 0.1013271 0.1299118 0.1436851 0.1538407 0.0781652 0.0673135 0.0660567 0.0812939 0.0829631 0.0542710 0.0906029 0.1077510 0.0796964 0.0943348 0.0428042 0.0924277 0.0906029 0.0766984 0.0781652 0.0781652 0.0924277 0.0766984 0.1055112 0.0781652 0.2535019 0.1189498 0.0552742 0.0552742 0.0552742 0.0552742 0.0552742 0.0812939 0.0552742 0.0673135 0.0552742 0.0796964 0.0660567 0.0796964 0.1055112 0.0796964 0.0533056 0.0924277 0.0542710 0.1077510 0.1242721 0.2555947 0.2437533 0.0796964 0.0099343 0.0552742 
XM_034668992_1_PREDICTED_Ailuropoda_melanoleuca_REV3_like_DNA_directed_polymerase_zeta_catalytic_subunit_REV3L_transcript_variant_X1_mRNA_1                0.1215458 0.3473041 0.3161799 0.0943348 0.0924277 0.1962426 0.1215458 0.1915063 0.2178675 0.0943348 0.0533056 0.0000000 0.1388516 0.1357216 0.2065602 0.2012521 0.1327454 0.2230304 0.1215458 0.2482527 0.1055112 0.2065602 0.2836338 0.2669667 0.1652188 0.1652188 0.1388516 0.1327454 0.1436851 0.3153405 0.2750246 0.2883944 0.3464909 0.2778915 0.3473041 0.5472079 0.3695904 0.2778915 0.3576629 0.2701461 0.1242721 0.1215458 0.1357216 0.1962426 0.1468989 0.1468989 0.1614105 0.0906029 0.0924277 0.0924277 0.1055112 0.0906029 0.0924277 0.0204627 0.0648492 0.0533056 0.1055112 0.1100994 0.1077510 0.0781652 0.0781652 0.0204627 0.1055112 0.0542710 0.0542710 0.0673135 0.1502792 0.1962426 0.2123249 0.1468989 0.1614105 0.1614105 0.1915063 0.2230304 0.2230304 0.1870203 0.1915063 0.1870203 0.2021365 0.2021365 0.1577945 0.1722396 0.1762798 0.2070897 0.2413638 0.1189498 0.1215458 0.1189498 0.1538407 0.1421513 0.1189498 0.1327454 0.1850416 0.1502792 0.1538407 0.0796964 0.1652188 0.1327454 0.1436851 0.1189498 0.1189498 0.1357216 0.1436851 0.1357216 0.1055112 0.3666297 0.1502792 0.1077510 0.1077510 0.1077510 0.1077510 0.0812939 0.1388516 0.1077510 0.1215458 0.1077510 0.1357216 0.0924277 0.1077510 0.1357216 0.1215458 0.1164743 0.1502792 0.1189498 0.1850416 0.1898054 0.3043403 0.2928502 0.1357216 0.0648492 0.1215458 
XM_015600069_2_PREDICTED_Pteropus_alecto_REV3_like_DNA_directed_polymerase_zeta_catalytic_subunit_REV3L_transcript_variant_X1_mRNA_1                       0.0963310 0.3364958 0.3057753 0.0699898 0.1125656 0.1388516 0.0963310 0.1502792 0.1734844 0.0699898 0.0686237 0.1388516 0.0000000 0.1242721 0.1615734 0.1575993 0.0943348 0.1805398 0.1242721 0.1657835 0.0943348 0.1779819 0.2120449 0.2002251 0.1615734 0.1615734 0.1125656 0.1215458 0.1614105 0.3043403 0.3043403 0.2065602 0.2555947 0.2669667 0.2555947 0.3959576 0.3153405 0.2669667 0.3043403 0.2237468 0.0686237 0.0829631 0.0963310 0.1055112 0.1077510 0.1077510 0.1077510 0.1100994 0.0812939 0.0812939 0.0943348 0.1100994 0.1125656 0.1077510 0.0812939 0.0686237 0.1734844 0.1125656 0.0699898 0.0963310 0.0963310 0.1077510 0.1734844 0.0829631 0.0829631 0.0984231 0.1242721 0.1388516 0.1538407 0.0943348 0.1077510 0.1077510 0.1077510 0.1357216 0.1357216 0.1468989 0.1502792 0.1468989 0.1614105 0.1614105 0.1189498 0.1327454 0.1299118 0.1652188 0.1948571 0.1077510 0.1242721 0.0943348 0.0099343 0.0100924 0.0812939 0.0943348 0.1271405 0.0963310 0.1125656 0.0686237 0.1242721 0.1215458 0.1055112 0.1077510 0.1077510 0.1242721 0.1055112 0.1388516 0.0943348 0.2535019 0.1242721 0.0829631 0.0829631 0.0829631 0.0829631 0.0829631 0.1125656 0.0829631 0.0963310 0.0829631 0.0963310 0.0812939 0.1100994 0.1388516 0.1100994 0.0796964 0.0673135 0.0686237 0.0943348 0.1242721 0.2928502 0.3027348 0.1100994 0.0686237 0.1100994 
XM_005883745_2_PREDICTED_Myotis_brandtii_REV3_like_polymerase_DNA_directed_zeta_catalytic_subunit_REV3L_transcript_variant_X1_mRNA_1                       0.1215458 0.3043403 0.2065602 0.0943348 0.1388516 0.1962426 0.1215458 0.1614105 0.1692374 0.0943348 0.0924277 0.1357216 0.1242721 0.0000000 0.2065602 0.1189498 0.1189498 0.2070897 0.1077510 0.2012521 0.1189498 0.2237468 0.2121960 0.1692374 0.1734844 0.1734844 0.1388516 0.1468989 0.1870203 0.2750246 0.2750246 0.2012521 0.2523126 0.1734844 0.2836338 0.4900557 0.3255603 0.2594112 0.3362428 0.2523126 0.1100994 0.1421513 0.1215458 0.1502792 0.1055112 0.1055112 0.1189498 0.1077510 0.0796964 0.0796964 0.0924277 0.1077510 0.1388516 0.1327454 0.1055112 0.0924277 0.2012521 0.1100994 0.0943348 0.1215458 0.1215458 0.1327454 0.2012521 0.1077510 0.1077510 0.1242721 0.1357216 0.1962426 0.2123249 0.1468989 0.1327454 0.1327454 0.1762798 0.2070897 0.2070897 0.1436851 0.1614105 0.1436851 0.1577945 0.1577945 0.1164743 0.1299118 0.1614105 0.1762798 0.1898054 0.0796964 0.1502792 0.1189498 0.1100994 0.1421513 0.1055112 0.0888568 0.1013271 0.1033719 0.1189498 0.0924277 0.1502792 0.0673135 0.0542710 0.0100924 0.0100924 0.0000010 0.1299118 0.1215458 0.1055112 0.3318533 0.1502792 0.1077510 0.1077510 0.1077510 0.1077510 0.1077510 0.1388516 0.1077510 0.0943348 0.1077510 0.1357216 0.0924277 0.1077510 0.1077510 0.1357216 0.1033719 0.1502792 0.1055112 0.1692374 0.1898054 0.2861390 0.2750246 0.1215458 0.1055112 0.1357216 
XM_006157005_3_PREDICTED_Tupaia_chinensis_REV3_like_DNA_directed_polymerase_zeta_catalytic_subunit_REV3L_transcript_variant_X3_mRNA_1                      0.1502792 0.4723606 0.4253586 0.1215458 0.1779819 0.2287872 0.1502792 0.2348874 0.2178675 0.1215458 0.1388516 0.2065602 0.1615734 0.2065602 0.0000000 0.2482527 0.1692374 0.2348874 0.1805398 0.2482527 0.1538407 0.2237468 0.3251949 0.3043403 0.2237468 0.2237468 0.1692374 0.1614105 0.2287872 0.4305698 0.4061320 0.3464909 0.2861390 0.3796283 0.4207389 0.6925364 0.4993523 0.3796283 0.4021767 0.3676121 0.1615734 0.2002251 0.1734844 0.2237468 0.1850416 0.1850416 0.2012521 0.1734844 0.1388516 0.1388516 0.1538407 0.1734844 0.1779819 0.1692374 0.1538407 0.1388516 0.2178675 0.1538407 0.1575993 0.1575993 0.1575993 0.1692374 0.2178675 0.1357216 0.1357216 0.1538407 0.1805398 0.2287872 0.2456310 0.1762798 0.1915063 0.1915063 0.2178675 0.2523126 0.2523126 0.2287872 0.2230304 0.2287872 0.2456310 0.2456310 0.1962426 0.2123249 0.2348874 0.2393302 0.2949380 0.1189498 0.1652188 0.1327454 0.1779819 0.1421513 0.1538407 0.2012521 0.2299954 0.1898054 0.1850416 0.1388516 0.2065602 0.2012521 0.1805398 0.1850416 0.1850416 0.2065602 0.1652188 0.1962426 0.1614105 0.3666297 0.2123249 0.1357216 0.1357216 0.1357216 0.1357216 0.1357216 0.1692374 0.1357216 0.1502792 0.1357216 0.1502792 0.1468989 0.1652188 0.1805398 0.1502792 0.0943348 0.1652188 0.1538407 0.2299954 0.2065602 0.3057753 0.2949380 0.1805398 0.1538407 0.1502792 
XM_027402162_2_PREDICTED_Cricetulus_griseus_REV3_like_DNA_directed_polymerase_zeta_catalytic_subunit_Rev3l_transcript_variant_X5_mRNA_1                    0.1538407 0.1421513 0.1468989 0.1242721 0.1734844 0.1850416 0.1538407 0.1805398 0.0542710 0.1242721 0.1215458 0.2012521 0.1575993 0.1189498 0.2482527 0.0000000 0.1357216 0.1164743 0.1692374 0.2237468 0.1502792 0.2299954 0.2366500 0.2237468 0.1948571 0.1948571 0.1575993 0.1502792 0.1915063 0.1242721 0.1388516 0.0906029 0.2413638 0.1189498 0.1421513 0.3043403 0.1734844 0.1055112 0.1538407 0.1033719 0.1575993 0.1615734 0.1388516 0.1850416 0.1357216 0.1357216 0.1502792 0.1388516 0.1357216 0.1357216 0.1502792 0.1388516 0.1734844 0.1652188 0.1357216 0.1215458 0.2413638 0.1734844 0.1538407 0.1538407 0.1538407 0.1652188 0.2413638 0.1388516 0.1388516 0.1575993 0.1242721 0.1850416 0.2012521 0.1357216 0.1215458 0.1215458 0.1436851 0.1722396 0.1722396 0.1614105 0.1805398 0.1614105 0.1762798 0.1762798 0.1468989 0.1468989 0.1805398 0.1962426 0.1948571 0.1652188 0.1850416 0.1502792 0.1421513 0.1779819 0.1357216 0.1502792 0.1357216 0.1388516 0.1271405 0.1215458 0.1850416 0.1502792 0.1327454 0.1033719 0.1033719 0.1189498 0.1614105 0.1850416 0.1652188 0.3868187 0.2178675 0.1388516 0.1388516 0.1388516 0.1388516 0.1388516 0.1734844 0.1388516 0.1538407 0.1388516 0.1692374 0.1502792 0.1692374 0.1850416 0.0796964 0.1327454 0.1850416 0.1077510 0.1652188 0.1850416 0.3153405 0.3473041 0.1538407 0.1357216 0.1692374 
XM_013069186_2_PREDICTED_Heterocephalus_glaber_REV3_like_DNA_directed_polymerase_zeta_catalytic_subunit_Rev3l_transcript_variant_X1_mRNA_1                 0.0924277 0.2949380 0.2701461 0.0673135 0.1077510 0.1614105 0.0924277 0.1436851 0.1215458 0.0673135 0.0660567 0.1327454 0.0943348 0.1189498 0.1692374 0.1357216 0.0000000 0.1577945 0.1189498 0.1502792 0.0906029 0.1538407 0.1575993 0.1502792 0.0924277 0.0924277 0.0781652 0.1033719 0.1141112 0.2669667 0.2669667 0.2123249 0.2968108 0.2348874 0.2949380 0.4159187 0.2750246 0.2012521 0.3057753 0.2287872 0.0781652 0.0796964 0.0648492 0.1189498 0.0781652 0.0781652 0.0906029 0.1055112 0.0781652 0.0781652 0.0906029 0.1055112 0.1077510 0.1033719 0.0781652 0.0660567 0.1652188 0.0812939 0.0924277 0.0924277 0.0924277 0.1033719 0.1652188 0.0796964 0.0796964 0.0943348 0.1189498 0.1614105 0.1468989 0.1164743 0.1299118 0.1299118 0.1436851 0.1436851 0.1436851 0.1406253 0.1577945 0.1406253 0.1543550 0.1543550 0.1141112 0.1272104 0.1577945 0.1722396 0.1692374 0.1033719 0.1055112 0.0906029 0.1077510 0.1100994 0.0781652 0.1164743 0.1357216 0.1055112 0.1215458 0.0660567 0.1189498 0.1033719 0.1013271 0.1033719 0.1033719 0.1189498 0.1013271 0.1327454 0.1033719 0.2060522 0.1468989 0.0796964 0.0796964 0.0796964 0.0796964 0.0796964 0.1077510 0.0796964 0.0924277 0.0796964 0.1055112 0.0906029 0.1055112 0.0766984 0.0924277 0.0766984 0.0924277 0.0781652 0.1357216 0.1538407 0.2594112 0.2482527 0.1055112 0.0781652 0.1055112 
XM_008852401_2_PREDICTED_Nannospalax_galili_REV3_like_DNA_directed_polymerase_zeta_catalytic_subunit_Rev3l_transcript_variant_X1_mRNA_1                    0.1468989 0.2237468 0.2393302 0.1468989 0.1962426 0.2559925 0.1468989 0.2021365 0.1299118 0.1468989 0.1436851 0.2230304 0.1805398 0.2070897 0.2348874 0.1164743 0.1577945 0.0000000 0.2070897 0.2594112 0.1436851 0.2178675 0.2750246 0.2594112 0.2348874 0.2348874 0.1805398 0.1436851 0.1827637 0.2012521 0.2012521 0.1870203 0.2287872 0.2070897 0.2594112 0.4400571 0.2778915 0.2070897 0.2701461 0.2021365 0.1805398 0.1538407 0.1614105 0.2070897 0.1577945 0.1577945 0.1722396 0.1614105 0.1577945 0.1577945 0.1722396 0.1614105 0.1962426 0.1870203 0.1299118 0.1436851 0.2628598 0.1962426 0.1762798 0.1762798 0.1762798 0.1870203 0.2628598 0.1614105 0.1614105 0.1805398 0.2070897 0.2559925 0.2730248 0.2021365 0.2175889 0.2175889 0.2333795 0.2659916 0.2659916 0.2277484 0.2495117 0.2277484 0.2124357 0.2124357 0.1974415 0.2124357 0.2495117 0.2659916 0.2178675 0.1577945 0.2070897 0.1722396 0.1962426 0.2012521 0.1577945 0.2021365 0.1962426 0.1915063 0.1805398 0.1436851 0.1762798 0.1722396 0.1543550 0.1870203 0.1870203 0.2070897 0.1827637 0.1915063 0.1870203 0.3822767 0.2393302 0.1614105 0.1614105 0.1614105 0.1614105 0.1614105 0.1652188 0.1327454 0.1468989 0.1327454 0.1915063 0.1722396 0.1915063 0.2070897 0.1327454 0.1272104 0.2070897 0.1577945 0.1962426 0.2523126 0.3576629 0.3473041 0.2070897 0.1577945 0.1915063 
XM_023650934_1_PREDICTED_Equus_caballus_REV3_like_DNA_directed_polymerase_zeta_catalytic_subunit_REV3L_transcript_variant_X1_mRNA_1                        0.0906029 0.2482527 0.2123249 0.0660567 0.1388516 0.1577945 0.0906029 0.1614105 0.1538407 0.0660567 0.0924277 0.1215458 0.1242721 0.1077510 0.1805398 0.1692374 0.1189498 0.2070897 0.0000000 0.2178675 0.1055112 0.1962426 0.2634376 0.2482527 0.1164743 0.1164743 0.1055112 0.1468989 0.1722396 0.2237468 0.2065602 0.2523126 0.3464909 0.1805398 0.2861390 0.4061320 0.2861390 0.2594112 0.3153405 0.2348874 0.1242721 0.1421513 0.1215458 0.1502792 0.1055112 0.1055112 0.1189498 0.1357216 0.1055112 0.1055112 0.1189498 0.1357216 0.1388516 0.0924277 0.1055112 0.0924277 0.1614105 0.1055112 0.1215458 0.1215458 0.1215458 0.0924277 0.1614105 0.0781652 0.0781652 0.0796964 0.0993692 0.1577945 0.1722396 0.1141112 0.1141112 0.1141112 0.1762798 0.2070897 0.2070897 0.1722396 0.1543550 0.1722396 0.1870203 0.1870203 0.1436851 0.1577945 0.1915063 0.1684016 0.2065602 0.1055112 0.1299118 0.1013271 0.1242721 0.1215458 0.0924277 0.1468989 0.1692374 0.1215458 0.1189498 0.0673135 0.1357216 0.0796964 0.0906029 0.0924277 0.0924277 0.1077510 0.1299118 0.0099343 0.1013271 0.3156109 0.1436851 0.0781652 0.0781652 0.0781652 0.0781652 0.0781652 0.1055112 0.0781652 0.0660567 0.0781652 0.1164743 0.0420634 0.0542710 0.0906029 0.1077510 0.1033719 0.1164743 0.1055112 0.1692374 0.1502792 0.3258873 0.3153405 0.0906029 0.1055112 0.1357216 
XM_007484437_2_PREDICTED_Monodelphis_domestica_REV3_like_DNA_directed_polymerase_zeta_catalytic_subunit_REV3L_transcript_variant_X1_mRNA_1                 0.1850416 0.4900557 0.4400571 0.1538407 0.2366500 0.2348874 0.1850416 0.2065602 0.2750246 0.1538407 0.1734844 0.2482527 0.1657835 0.2012521 0.2482527 0.2237468 0.1502792 0.2594112 0.2178675 0.0000000 0.1575993 0.0552742 0.0812939 0.0542710 0.1850416 0.1850416 0.1652188 0.1421513 0.1388516 0.4461846 0.4207389 0.2949380 0.2949380 0.3924482 0.4105215 0.5380299 0.4900557 0.3473041 0.4207389 0.3153405 0.1898054 0.1948571 0.1692374 0.2178675 0.1652188 0.1652188 0.1805398 0.2299954 0.1898054 0.1898054 0.2065602 0.2299954 0.2366500 0.2065602 0.1898054 0.1734844 0.2413638 0.2065602 0.1779819 0.2121960 0.2121960 0.2065602 0.2413638 0.1692374 0.1692374 0.1898054 0.2178675 0.2348874 0.2348874 0.1805398 0.1962426 0.1962426 0.2237468 0.2594112 0.2594112 0.2701461 0.2628598 0.2701461 0.2883944 0.2883944 0.2348874 0.2523126 0.2968108 0.2804797 0.2836338 0.2237468 0.1468989 0.1357216 0.1827541 0.1456335 0.1575993 0.2065602 0.1805398 0.2299954 0.2237468 0.1734844 0.2121960 0.2413638 0.2178675 0.1805398 0.1805398 0.2012521 0.1850416 0.2348874 0.1652188 0.4173784 0.2178675 0.1692374 0.1538407 0.1538407 0.1692374 0.1692374 0.1734844 0.1388516 0.1538407 0.1388516 0.1850416 0.1805398 0.2012521 0.1762798 0.2121960 0.1850416 0.1850416 0.1898054 0.2555947 0.2482527 0.2123249 0.2523126 0.1915063 0.1898054 0.2299954 
XM_035296530_1_PREDICTED_Callithrix_jacchus_REV3_like_DNA_directed_polymerase_zeta_catalytic_subunit_REV3L_transcript_variant_X1_mRNA_1                    0.0533056 0.3153405 0.2883944 0.0311177 0.1077510 0.1468989 0.0533056 0.0906029 0.1652188 0.0311177 0.0660567 0.1055112 0.0943348 0.1189498 0.1538407 0.1502792 0.0906029 0.1436851 0.1055112 0.1575993 0.0000000 0.1388516 0.1657835 0.1421513 0.1388516 0.1388516 0.0943348 0.0906029 0.1013271 0.2861390 0.2482527 0.2287872 0.3161799 0.2523126 0.3153405 0.4461846 0.2949380 0.2523126 0.3258873 0.2456310 0.1077510 0.1100994 0.0924277 0.1468989 0.1033719 0.1033719 0.1164743 0.1055112 0.0781652 0.0781652 0.0906029 0.1055112 0.1077510 0.0781652 0.0781652 0.0660567 0.1502792 0.0943348 0.0924277 0.0924277 0.0924277 0.0781652 0.1502792 0.0673135 0.0673135 0.0812939 0.1055112 0.1468989 0.1614105 0.1033719 0.1164743 0.1164743 0.1436851 0.1722396 0.1722396 0.1141112 0.1164743 0.1141112 0.1272104 0.1272104 0.1141112 0.1272104 0.1299118 0.1299118 0.1850416 0.1033719 0.1055112 0.0781652 0.1077510 0.0963310 0.0781652 0.1164743 0.1357216 0.1055112 0.1077510 0.0660567 0.1189498 0.1164743 0.1013271 0.1033719 0.1033719 0.1189498 0.1013271 0.1189498 0.0906029 0.3156109 0.1327454 0.0420634 0.0420634 0.0420634 0.0420634 0.0420634 0.0428042 0.0204627 0.0311177 0.0204627 0.0924277 0.0781652 0.0924277 0.1189498 0.1055112 0.0766984 0.1055112 0.0781652 0.1357216 0.1388516 0.3153405 0.3043403 0.1055112 0.0781652 0.0796964 
XM_031964400_1_PREDICTED_Sarcophilus_harrisii_REV3_like_DNA_directed_polymerase_zeta_catalytic_subunit_REV3L_transcript_variant_X1_mRNA_1                  0.1652188 0.3924482 0.3563404 0.1357216 0.1948571 0.2456310 0.1652188 0.1850416 0.2299954 0.1357216 0.1388516 0.2065602 0.1779819 0.2237468 0.2237468 0.2299954 0.1538407 0.2178675 0.1962426 0.0552742 0.1388516 0.0000000 0.0963310 0.0673135 0.1734844 0.1734844 0.1692374 0.1242721 0.1215458 0.3576629 0.3362428 0.2861390 0.2861390 0.3161799 0.3695904 0.5773786 0.3924482 0.2949380 0.4061320 0.3057753 0.1948571 0.2002251 0.1734844 0.1805398 0.1327454 0.1327454 0.1468989 0.1898054 0.1692374 0.1692374 0.1850416 0.1898054 0.1948571 0.1692374 0.1538407 0.1388516 0.2012521 0.1850416 0.1898054 0.1734844 0.1734844 0.1692374 0.2012521 0.1357216 0.1357216 0.1538407 0.1962426 0.2456310 0.2456310 0.1915063 0.2070897 0.2070897 0.2348874 0.2701461 0.2701461 0.2456310 0.2393302 0.2456310 0.2628598 0.2628598 0.2123249 0.2287872 0.2701461 0.2559925 0.2555947 0.2012521 0.1436851 0.1327454 0.1948571 0.1575993 0.1388516 0.1850416 0.2012521 0.2065602 0.2012521 0.1538407 0.1898054 0.2178675 0.1962426 0.2012521 0.2012521 0.2237468 0.1652188 0.2123249 0.1468989 0.4397502 0.1962426 0.1502792 0.1357216 0.1357216 0.1502792 0.1502792 0.1538407 0.1215458 0.1357216 0.1215458 0.1652188 0.1614105 0.1805398 0.1805398 0.1734844 0.1652188 0.1652188 0.1692374 0.2299954 0.2237468 0.2861390 0.3362428 0.1436851 0.1538407 0.2065602 
XM_036766364_1_PREDICTED_Trichosurus_vulpecula_REV3_like_DNA_directed_polymerase_zeta_catalytic_subunit_REV3L_transcript_variant_X1_mRNA_1                 0.2245859 0.4900557 0.4400571 0.1878289 0.2120449 0.2836338 0.2245859 0.2002251 0.2928502 0.1878289 0.1827541 0.2836338 0.2120449 0.2121960 0.3251949 0.2366500 0.1575993 0.2750246 0.2634376 0.0812939 0.1657835 0.0963310 0.0000000 0.0542710 0.2245859 0.2245859 0.2002251 0.1657835 0.2121960 0.4461846 0.4461846 0.4061320 0.3591327 0.3924482 0.4628124 0.6323445 0.4628124 0.4207389 0.5682427 0.4305698 0.2002251 0.2059415 0.1779819 0.2299954 0.1734844 0.1734844 0.1898054 0.2437533 0.2002251 0.2002251 0.2181920 0.2437533 0.2120449 0.2366500 0.2002251 0.1827541 0.2928502 0.2513510 0.2245859 0.1878289 0.1878289 0.2366500 0.2928502 0.2059415 0.2059415 0.2314190 0.2245859 0.2836338 0.2836338 0.2181920 0.2366500 0.2366500 0.2750246 0.3153405 0.3153405 0.2299954 0.2949380 0.2299954 0.2482527 0.2482527 0.2121960 0.2299954 0.2949380 0.2750246 0.3251949 0.2366500 0.2121960 0.2002251 0.2314190 0.2387396 0.2002251 0.2181920 0.1898054 0.2437533 0.2718308 0.1827541 0.2634376 0.2555947 0.2299954 0.1898054 0.1898054 0.2121960 0.1948571 0.2836338 0.2002251 0.4642339 0.2245859 0.2059415 0.1878289 0.1878289 0.2059415 0.2059415 0.1750084 0.1702530 0.1878289 0.1702530 0.2059415 0.2181920 0.2437533 0.2299954 0.2245859 0.1615734 0.2245859 0.2002251 0.2718308 0.3027348 0.2949380 0.3473041 0.2299954 0.2002251 0.2245859 
XM_027848601_1_PREDICTED_Vombatus_ursinus_REV3_like_DNA_directed_polymerase_zeta_catalytic_subunit_REV3L_transcript_variant_X1_mRNA_1                      0.2121960 0.4557080 0.3676121 0.1779819 0.2366500 0.3057753 0.2121960 0.1734844 0.2750246 0.1779819 0.1734844 0.2669667 0.2002251 0.1692374 0.3043403 0.2237468 0.1502792 0.2594112 0.2482527 0.0542710 0.1421513 0.0673135 0.0542710 0.0000000 0.2121960 0.2121960 0.1898054 0.1575993 0.1692374 0.4159187 0.4159187 0.2949380 0.2949380 0.3258873 0.4305698 0.4993523 0.4061320 0.3473041 0.4723606 0.3576629 0.1898054 0.1948571 0.1692374 0.2178675 0.1652188 0.1652188 0.1805398 0.2299954 0.1898054 0.1898054 0.2065602 0.2299954 0.2366500 0.2237468 0.1898054 0.1734844 0.2750246 0.2366500 0.2121960 0.2121960 0.2121960 0.2237468 0.2750246 0.1948571 0.1948571 0.2181920 0.2482527 0.3057753 0.3057753 0.2413638 0.2594112 0.2594112 0.2594112 0.2968108 0.2968108 0.2012521 0.2237468 0.2012521 0.2178675 0.2178675 0.2012521 0.2178675 0.2237468 0.2413638 0.3043403 0.2237468 0.2012521 0.1898054 0.2181920 0.2245859 0.1575993 0.1734844 0.1805398 0.2299954 0.2555947 0.1734844 0.2121960 0.2065602 0.1850416 0.1502792 0.1502792 0.1692374 0.1850416 0.2669667 0.1898054 0.4173784 0.2482527 0.1948571 0.1779819 0.1779819 0.1948571 0.1948571 0.2002251 0.1615734 0.1779819 0.1615734 0.2299954 0.2065602 0.2299954 0.1850416 0.2121960 0.1850416 0.2121960 0.1898054 0.2555947 0.2836338 0.2778915 0.3258873 0.2178675 0.1898054 0.1948571 
XM_040983897_1_PREDICTED_Ochotona_curzoniae_REV3_like_DNA_directed_polymerase_zeta_catalytic_subunit_REV3L_transcript_variant_X1_mRNA_1                    0.1215458 0.3473041 0.3161799 0.0943348 0.1538407 0.1962426 0.1215458 0.2178675 0.1779819 0.0943348 0.1055112 0.1652188 0.1615734 0.1734844 0.2237468 0.1948571 0.0924277 0.2348874 0.1164743 0.1850416 0.1388516 0.1734844 0.2245859 0.2121960 0.0000000 0.0201334 0.0796964 0.1388516 0.1652188 0.3153405 0.2949380 0.2861390 0.3924482 0.2778915 0.3473041 0.4816249 0.3695904 0.2750246 0.3591327 0.2669667 0.1388516 0.1421513 0.1215458 0.1575993 0.1100994 0.1100994 0.1242721 0.1215458 0.1100994 0.1100994 0.1242721 0.1215458 0.1538407 0.1327454 0.1189498 0.1055112 0.1762798 0.1388516 0.1575993 0.1357216 0.1357216 0.1327454 0.1762798 0.0906029 0.0906029 0.1055112 0.1299118 0.1962426 0.1805398 0.1468989 0.1468989 0.1468989 0.1850416 0.2178675 0.2178675 0.1805398 0.1614105 0.1805398 0.1962426 0.1962426 0.1502792 0.1652188 0.2012521 0.1762798 0.2366500 0.1692374 0.1502792 0.1327454 0.1615734 0.1575993 0.1388516 0.1850416 0.1948571 0.1734844 0.1538407 0.1242721 0.1898054 0.1692374 0.1502792 0.1538407 0.1538407 0.1734844 0.1357216 0.1299118 0.1327454 0.3156109 0.1652188 0.1077510 0.0812939 0.0812939 0.1077510 0.1077510 0.1388516 0.1077510 0.1215458 0.1077510 0.1502792 0.1189498 0.1357216 0.1436851 0.1575993 0.1357216 0.1502792 0.1388516 0.2121960 0.1575993 0.2861390 0.3153405 0.1215458 0.1189498 0.1734844 
XM_004580498_1_PREDICTED_Ochotona_princeps_REV3_like_DNA_directed_polymerase_zeta_catalytic_subunit_REV3L_mRNA_1                                           0.1215458 0.3043403 0.3161799 0.0943348 0.1538407 0.1962426 0.1215458 0.2178675 0.1779819 0.0943348 0.1055112 0.1652188 0.1615734 0.1734844 0.2237468 0.1948571 0.0924277 0.2348874 0.1164743 0.1850416 0.1388516 0.1734844 0.2245859 0.2121960 0.0201334 0.0000000 0.0796964 0.1388516 0.1652188 0.2750246 0.2949380 0.2861390 0.3924482 0.2778915 0.3043403 0.4305698 0.3255603 0.2750246 0.3591327 0.2299954 0.1388516 0.1421513 0.1215458 0.1575993 0.1100994 0.1100994 0.1242721 0.1502792 0.1388516 0.1388516 0.1538407 0.1502792 0.1538407 0.1327454 0.1189498 0.1055112 0.1762798 0.1388516 0.1575993 0.1357216 0.1357216 0.1327454 0.1762798 0.0906029 0.0906029 0.1055112 0.1299118 0.1962426 0.1805398 0.1468989 0.1468989 0.1468989 0.1850416 0.2178675 0.2178675 0.2123249 0.1915063 0.2123249 0.2287872 0.2287872 0.1805398 0.1962426 0.2348874 0.2070897 0.2366500 0.1692374 0.1502792 0.1327454 0.1615734 0.1575993 0.1388516 0.1850416 0.1948571 0.1734844 0.1538407 0.1242721 0.1898054 0.1692374 0.1215458 0.1538407 0.1538407 0.1734844 0.1357216 0.1299118 0.1327454 0.2839789 0.1805398 0.1077510 0.0812939 0.0812939 0.1077510 0.1077510 0.1388516 0.1077510 0.1215458 0.1077510 0.1502792 0.1189498 0.1357216 0.1436851 0.1575993 0.1357216 0.1502792 0.1388516 0.2121960 0.1575993 0.2861390 0.2949380 0.1215458 0.1189498 0.1734844 
XM_008263376_2_PREDICTED_Oryctolagus_cuniculus_REV3_like_DNA_directed_polymerase_zeta_catalytic_subunit_REV3L_transcript_variant_X1_mRNA_1                 0.0796964 0.3144047 0.3057753 0.0552742 0.1271405 0.1468989 0.0796964 0.1652188 0.1734844 0.0552742 0.0812939 0.1388516 0.1125656 0.1388516 0.1692374 0.1575993 0.0781652 0.1805398 0.1055112 0.1652188 0.0943348 0.1692374 0.2002251 0.1898054 0.0796964 0.0796964 0.0000000 0.1215458 0.1189498 0.3043403 0.2836338 0.2413638 0.3362428 0.2669667 0.3364958 0.4159187 0.3591327 0.2669667 0.3043403 0.2237468 0.0943348 0.0963310 0.0311177 0.1388516 0.0943348 0.0943348 0.1077510 0.1242721 0.0943348 0.0943348 0.1077510 0.1242721 0.1271405 0.1077510 0.0943348 0.0812939 0.1299118 0.0943348 0.1100994 0.1100994 0.1100994 0.1077510 0.1299118 0.0673135 0.0673135 0.0812939 0.1055112 0.1468989 0.1614105 0.1033719 0.1164743 0.1164743 0.1652188 0.1962426 0.1962426 0.1614105 0.1436851 0.1614105 0.1762798 0.1762798 0.1327454 0.1468989 0.1805398 0.1577945 0.1948571 0.1215458 0.0924277 0.0660567 0.1271405 0.1100994 0.0943348 0.1357216 0.1575993 0.1242721 0.0906029 0.0686237 0.1100994 0.1357216 0.1189498 0.1215458 0.1215458 0.1388516 0.0924277 0.1189498 0.0906029 0.2839789 0.1327454 0.0673135 0.0673135 0.0673135 0.0673135 0.0673135 0.0943348 0.0673135 0.0796964 0.0673135 0.0796964 0.0781652 0.0924277 0.1013271 0.1100994 0.0924277 0.1055112 0.0943348 0.1575993 0.0924277 0.2413638 0.2299954 0.1055112 0.0943348 0.1242721 
