124
NM_001372078_1_Homo_sapiens_REV3_like_DNA_directed_polymerase_zeta_catalytic_subunit_REV3L_transcript_variant_4_mRNA_1                                     0.0000000 0.0380453 0.0587117 0.0071116 0.0258246 0.0374863 0.0000010 0.0338299 0.0336484 0.0071116 0.0181519 0.0218966 0.0343225 0.2692552 0.0000010 0.0375489 0.0456758 0.0510667 0.0334905 0.0180570 0.1289425 0.0906373 0.1101139 0.0867497 0.0416004 0.0497466 0.0218938 0.0638206 0.0375485 0.0000010 0.0420789 0.0372373 0.0625063 0.0672775 0.0377969 0.0718730 0.0378708 0.0455994 0.0459854 0.0459854 0.0753248 0.0334285 0.0258692 0.0335833 0.0338368 0.0144582 0.0144582 0.0374863 0.0181519 0.0182703 0.0181519 0.0181519 0.0107795 0.0107795 0.0332756 0.0332756 0.0181519 0.0144351 0.0144351 0.0181374 0.0256570 0.0218779 0.0218779 0.0258246 0.0335579 0.0296407 0.0296407 0.0258634 0.0297140 0.0258634 0.0218966 0.0218608 0.0181529 0.0256798 0.0256798 0.0218966 0.0258940 0.0181529 0.0294254 0.0500890 0.0217081 0.0299384 0.0299649 0.0300844 0.0182505 0.0144594 0.0414879 0.0336131 0.0338630 0.0335816 0.0811400 0.0144333 0.0339504 0.0298285 0.2622316 0.0259366 0.0225353 0.0220336 0.0374099 0.1092545 0.1098306 0.0107227 0.0107227 0.0144346 0.0107324 0.0035410 0.0071116 0.0107135 0.0071632 0.0071116 0.1196090 0.0181529 0.0256789 0.0259147 0.0297249 0.0216919 0.0334582 0.0217081 0.0332535 0.0338725 0.2365616 0.2146918 0.0258438 0.0181901 
NM_011264_3_Mus_musculus_REV3_like_DNA_directed_polymerase_zeta_catalytic_subunit_Rev3l_mRNA_1                                                             0.0380453 0.0000000 0.0376244 0.0380453 0.0502437 0.0583648 0.0380453 0.0591367 0.0219181 0.0380453 0.0418077 0.0458575 0.0600367 0.2995994 0.0000010 0.0256800 0.0586598 0.0510184 0.0495356 0.0464172 0.1371148 0.1099806 0.1305479 0.1060499 0.0337479 0.0417356 0.0298877 0.0220266 0.0545709 0.0000010 0.0035324 0.0297253 0.0622632 0.0456381 0.0144104 0.0376226 0.0144369 0.0334036 0.0376637 0.0376637 0.0533908 0.0418506 0.0381967 0.0463017 0.0466643 0.0378334 0.0378334 0.0583648 0.0418077 0.0420898 0.0418077 0.0418077 0.0338366 0.0338366 0.0536915 0.0536915 0.0418077 0.0377676 0.0377676 0.0417685 0.0498980 0.0458118 0.0458118 0.0502437 0.0586272 0.0543526 0.0543526 0.0503263 0.0544949 0.0503263 0.0458511 0.0457759 0.0418044 0.0499425 0.0499425 0.0458511 0.0414466 0.0418044 0.0457759 0.0671470 0.0217081 0.0459941 0.0460436 0.0552095 0.0420441 0.0378365 0.0672496 0.0587237 0.0550453 0.0586686 0.1064091 0.0377627 0.0464322 0.0547259 0.2923653 0.0504797 0.0225353 0.0461620 0.0536360 0.1153526 0.1159719 0.0382587 0.0382587 0.0463820 0.0502762 0.0420789 0.0380453 0.0420426 0.0383394 0.0380453 0.1281434 0.0418044 0.0499407 0.0504366 0.0545179 0.0216919 0.0584424 0.0217081 0.0538366 0.0592032 0.2301659 0.2145010 0.0415805 0.0378049 
XM_006256524_2_PREDICTED_Rattus_norvegicus_REV3_like_DNA_directed_polymerase_zeta_catalytic_subunit_Rev3l_transcript_variant_X1_mRNA_1                     0.0587117 0.0376244 0.0000000 0.0587117 0.0583876 0.0801128 0.0587117 0.0723203 0.0374521 0.0587117 0.0541937 0.0583849 0.0734399 0.3785643 0.0216919 0.0335260 0.0854787 0.0685254 0.0629369 0.0676671 0.1443701 0.1164121 0.1375572 0.1124293 0.0500126 0.0584069 0.0459910 0.0300598 0.0633964 0.0216919 0.0337131 0.0457351 0.0712017 0.0070744 0.0296191 0.0502897 0.0374571 0.0494896 0.0541014 0.0541014 0.0894263 0.0672594 0.0548941 0.0633835 0.0638947 0.0500891 0.0500891 0.0801128 0.0541937 0.0545643 0.0541937 0.0541937 0.0459406 0.0459406 0.0749793 0.0749793 0.0541937 0.0499986 0.0499986 0.0541379 0.0625502 0.0583224 0.0583224 0.0583876 0.0669246 0.0625625 0.0625625 0.0631005 0.0674154 0.0631005 0.0583722 0.0418863 0.0541852 0.0626056 0.0626056 0.0583722 0.0537076 0.0541852 0.0379871 0.0816644 0.0444973 0.0679830 0.0768822 0.0683171 0.0545048 0.0500932 0.0757113 0.0670339 0.0633694 0.0669716 0.1316861 0.0499921 0.0725949 0.0630658 0.3705409 0.0632992 0.0462527 0.0587808 0.0672435 0.1416203 0.1424080 0.0590470 0.0590470 0.0590603 0.0716305 0.0629729 0.0587117 0.0629190 0.0591791 0.0587117 0.1120126 0.0541852 0.0626035 0.0632450 0.0674455 0.0444642 0.0544555 0.0444973 0.0665812 0.0723956 0.2660156 0.2339718 0.0546208 0.0543119 
XM_028847034_1_PREDICTED_Macaca_mulatta_REV3_like_DNA_directed_polymerase_zeta_catalytic_subunit_REV3L_transcript_variant_X1_mRNA_1                        0.0071116 0.0380453 0.0587117 0.0000000 0.0182694 0.0374863 0.0071116 0.0260545 0.0336484 0.0000010 0.0181519 0.0218966 0.0343225 0.2692552 0.0000010 0.0375489 0.0456758 0.0510667 0.0334905 0.0180570 0.1289425 0.0906373 0.1101139 0.0867497 0.0416004 0.0497466 0.0218938 0.0638206 0.0375485 0.0000010 0.0420789 0.0372373 0.0625063 0.0672775 0.0377969 0.0718730 0.0378708 0.0455994 0.0459854 0.0459854 0.0753248 0.0334285 0.0258692 0.0335833 0.0338368 0.0144582 0.0144582 0.0374863 0.0181519 0.0182703 0.0181519 0.0181519 0.0107795 0.0107795 0.0332756 0.0332756 0.0181519 0.0144351 0.0144351 0.0181374 0.0256570 0.0218779 0.0218779 0.0182694 0.0258484 0.0220171 0.0220171 0.0182963 0.0220709 0.0182963 0.0218966 0.0218608 0.0181529 0.0256798 0.0256798 0.0218966 0.0258940 0.0181529 0.0294254 0.0500890 0.0217081 0.0222347 0.0299649 0.0300844 0.0182505 0.0144594 0.0414879 0.0336131 0.0338630 0.0335816 0.0811400 0.0144333 0.0339504 0.0298285 0.2622316 0.0259366 0.0225353 0.0220336 0.0374099 0.1092545 0.1098306 0.0035409 0.0035409 0.0071491 0.0180570 0.0107231 0.0071116 0.0107135 0.0071632 0.0071116 0.1196090 0.0181529 0.0256789 0.0259147 0.0297249 0.0216919 0.0334582 0.0217081 0.0332535 0.0338725 0.2365616 0.2146918 0.0258438 0.0181901 
XM_024996589_1_PREDICTED_Bos_taurus_REV3_like_DNA_directed_polymerase_zeta_catalytic_subunit_REV3L_transcript_variant_X1_mRNA_1                            0.0258246 0.0502437 0.0583876 0.0182694 0.0000000 0.0414657 0.0258246 0.0222420 0.0297887 0.0182694 0.0144629 0.0181734 0.0303829 0.3034265 0.0000010 0.0415376 0.0455942 0.0553188 0.0296495 0.0296980 0.1180208 0.0810872 0.1000012 0.0772311 0.0376609 0.0377342 0.0256845 0.0503077 0.0336567 0.0000010 0.0461711 0.0411909 0.0668028 0.0584430 0.0418150 0.0763186 0.0418976 0.0496824 0.0419796 0.0419796 0.0797564 0.0295954 0.0297298 0.0297298 0.0299531 0.0181727 0.0181727 0.0414657 0.0144629 0.0145570 0.0144629 0.0144629 0.0144516 0.0144516 0.0371767 0.0371767 0.0144629 0.0107829 0.0107829 0.0144516 0.0219029 0.0181582 0.0181582 0.0000010 0.0071128 0.0035352 0.0035352 0.0220773 0.0183190 0.0145788 0.0181753 0.0181455 0.0144653 0.0219244 0.0219244 0.0181753 0.0221061 0.0144653 0.0256453 0.0460384 0.0217081 0.0260872 0.0418494 0.0262173 0.0220226 0.0181742 0.0370044 0.0217836 0.0295341 0.0217614 0.0948298 0.0181410 0.0379383 0.0337471 0.2961363 0.0298086 0.0225353 0.0258496 0.0335332 0.1045894 0.1051384 0.0220380 0.0220380 0.0259655 0.0296980 0.0220408 0.0258246 0.0296445 0.0260170 0.0258246 0.1273236 0.0219037 0.0295098 0.0221231 0.0297054 0.0216919 0.0256398 0.0217081 0.0371538 0.0378497 0.2385479 0.2290308 0.0297019 0.0256672 
XM_014118216_3_PREDICTED_Canis_lupus_familiaris_REV3_like_DNA_directed_polymerase_zeta_catalytic_subunit_REV3L_transcript_variant_X1_mRNA_1                0.0374863 0.0583648 0.0801128 0.0374863 0.0414657 0.0000000 0.0374863 0.0498173 0.0496828 0.0374863 0.0333748 0.0372818 0.0591060 0.2931599 0.0000010 0.0537424 0.0663290 0.0771948 0.0576235 0.0495236 0.1616969 0.1194941 0.1405146 0.1155612 0.0535893 0.0619848 0.0451744 0.0857731 0.0537467 0.0000010 0.0626030 0.0372150 0.0626828 0.0891186 0.0579708 0.0893241 0.0580899 0.0455749 0.0627163 0.0627163 0.0792534 0.0575069 0.0457716 0.0457716 0.0461254 0.0372805 0.0372805 0.0000010 0.0333748 0.0335955 0.0333748 0.0333748 0.0333455 0.0333455 0.0035471 0.0035471 0.0333748 0.0294844 0.0294844 0.0333455 0.0411891 0.0372469 0.0335272 0.0414657 0.0495442 0.0454350 0.0454350 0.0495719 0.0536733 0.0495719 0.0451740 0.0451008 0.0411905 0.0492008 0.0492008 0.0451740 0.0496325 0.0411905 0.0531323 0.0502142 0.0217081 0.0419704 0.0378078 0.0543668 0.0414233 0.0372835 0.0662179 0.0578330 0.0582802 0.0495789 0.1091979 0.0294833 0.0501478 0.0457397 0.2934197 0.0337491 0.0225353 0.0454746 0.0618002 0.1096695 0.1102511 0.0414557 0.0414557 0.0456879 0.0495236 0.0414571 0.0374863 0.0414218 0.0377709 0.0374863 0.1183633 0.0411905 0.0491990 0.0496787 0.0457341 0.0216919 0.0575602 0.0217081 0.0571928 0.0582984 0.2279427 0.2031849 0.0495417 0.0451390 
XM_016956167_2_PREDICTED_Pan_troglodytes_REV3_like_DNA_directed_polymerase_zeta_catalytic_subunit_REV3L_transcript_variant_X1_mRNA_1                       0.0000010 0.0380453 0.0587117 0.0071116 0.0258246 0.0374863 0.0000000 0.0338299 0.0336484 0.0071116 0.0181519 0.0218966 0.0343225 0.2692552 0.0000010 0.0375489 0.0456758 0.0510667 0.0334905 0.0180570 0.1289425 0.0906373 0.1101139 0.0867497 0.0416004 0.0497466 0.0218938 0.0638206 0.0375485 0.0000010 0.0420789 0.0372373 0.0625063 0.0672775 0.0377969 0.0718730 0.0378708 0.0455994 0.0459854 0.0459854 0.0753248 0.0334285 0.0258692 0.0335833 0.0338368 0.0144582 0.0144582 0.0374863 0.0181519 0.0182703 0.0181519 0.0181519 0.0107795 0.0107795 0.0332756 0.0332756 0.0181519 0.0144351 0.0144351 0.0181374 0.0256570 0.0218779 0.0218779 0.0258246 0.0335579 0.0296407 0.0296407 0.0258634 0.0297140 0.0258634 0.0218966 0.0218608 0.0181529 0.0256798 0.0256798 0.0218966 0.0258940 0.0181529 0.0294254 0.0500890 0.0217081 0.0299384 0.0299649 0.0300844 0.0182505 0.0144594 0.0414879 0.0336131 0.0338630 0.0335816 0.0811400 0.0144333 0.0339504 0.0298285 0.2622316 0.0259366 0.0225353 0.0220336 0.0374099 0.1092545 0.1098306 0.0107227 0.0107227 0.0144346 0.0107324 0.0035410 0.0071116 0.0107135 0.0071632 0.0071116 0.1196090 0.0181529 0.0256789 0.0259147 0.0297249 0.0216919 0.0334582 0.0217081 0.0332535 0.0338725 0.2365616 0.2146918 0.0258438 0.0181901 
XM_021091238_1_PREDICTED_Sus_scrofa_REV3_like_DNA_directed_polymerase_zeta_catalytic_subunit_REV3L_transcript_variant_X1_mRNA_1                            0.0338299 0.0591367 0.0723203 0.0260545 0.0222420 0.0498173 0.0338299 0.0000000 0.0379481 0.0260545 0.0297495 0.0336478 0.0387211 0.2815089 0.0229327 0.0500450 0.0542343 0.0591818 0.0299188 0.0378278 0.1226430 0.0914232 0.1111113 0.0875017 0.0542935 0.0544049 0.0336435 0.0689186 0.0419272 0.0229327 0.0549410 0.0496187 0.0665534 0.0723894 0.0503906 0.0760320 0.0504935 0.0584620 0.0505905 0.0505905 0.0805848 0.0376958 0.0378686 0.0458941 0.0462509 0.0259144 0.0259144 0.0498173 0.0297495 0.0299470 0.0297495 0.0297495 0.0220769 0.0220769 0.0453397 0.0453397 0.0297495 0.0258711 0.0258711 0.0297237 0.0375506 0.0336167 0.0336167 0.0222420 0.0299770 0.0260622 0.0260622 0.0299917 0.0261271 0.0222745 0.0259171 0.0258744 0.0220978 0.0297775 0.0297775 0.0259171 0.0300304 0.0220978 0.0335904 0.0450394 0.0471466 0.0262530 0.0504351 0.0343553 0.0299148 0.0259165 0.0541402 0.0379068 0.0462904 0.0458951 0.1052942 0.0258678 0.0464178 0.0420425 0.2817638 0.0379736 0.0491267 0.0338645 0.0338409 0.1099569 0.1105412 0.0299357 0.0299357 0.0340192 0.0378278 0.0299395 0.0338299 0.0377592 0.0340872 0.0338299 0.1300513 0.0297493 0.0375827 0.0300553 0.0418897 0.0471094 0.0377299 0.0471466 0.0454341 0.0463043 0.2432446 0.2210559 0.0378364 0.0336192 
XM_040758199_1_PREDICTED_Mesocricetus_auratus_REV3_like_DNA_directed_polymerase_zeta_catalytic_subunit_Rev3l_transcript_variant_X1_mRNA_1                  0.0336484 0.0219181 0.0374521 0.0336484 0.0297887 0.0496828 0.0336484 0.0379481 0.0000000 0.0336484 0.0295920 0.0334682 0.0385060 0.3172903 0.0000010 0.0107244 0.0457726 0.0381603 0.0375631 0.0338668 0.1218255 0.0957691 0.1156110 0.0918545 0.0335947 0.0336591 0.0181901 0.0299820 0.0337836 0.0000010 0.0181873 0.0144766 0.0491991 0.0374875 0.0217835 0.0497487 0.0218235 0.0180761 0.0145304 0.0145304 0.0708557 0.0297050 0.0260192 0.0337829 0.0340394 0.0257782 0.0257782 0.0496828 0.0295920 0.0297874 0.0295920 0.0295920 0.0219617 0.0219617 0.0452184 0.0452184 0.0295920 0.0257354 0.0257354 0.0295665 0.0373486 0.0334374 0.0334374 0.0297887 0.0376391 0.0336583 0.0336583 0.0376572 0.0337424 0.0298343 0.0257808 0.0257386 0.0219825 0.0296197 0.0296197 0.0257808 0.0218039 0.0219825 0.0257386 0.0628929 0.0217081 0.0419692 0.0501517 0.0341671 0.0297555 0.0257802 0.0538367 0.0377010 0.0420495 0.0456422 0.1001116 0.0257321 0.0461587 0.0418116 0.3098426 0.0377671 0.0225353 0.0336826 0.0415420 0.1050760 0.1056306 0.0338333 0.0338333 0.0417652 0.0376228 0.0297800 0.0336484 0.0375550 0.0339028 0.0336484 0.1283252 0.0295918 0.0373805 0.0298946 0.0416605 0.0216919 0.0375260 0.0217081 0.0411592 0.0460456 0.2593601 0.2234927 0.0376313 0.0257606 
XM_015448392_1_PREDICTED_Macaca_fascicularis_REV3_like_DNA_directed_polymerase_zeta_catalytic_subunit_REV3L_transcript_variant_X1_mRNA_1                   0.0071116 0.0380453 0.0587117 0.0000010 0.0182694 0.0374863 0.0071116 0.0260545 0.0336484 0.0000000 0.0181519 0.0218966 0.0343225 0.2692552 0.0000010 0.0375489 0.0456758 0.0510667 0.0334905 0.0180570 0.1289425 0.0906373 0.1101139 0.0867497 0.0416004 0.0497466 0.0218938 0.0638206 0.0375485 0.0000010 0.0420789 0.0372373 0.0625063 0.0672775 0.0377969 0.0718730 0.0378708 0.0455994 0.0459854 0.0459854 0.0753248 0.0334285 0.0258692 0.0335833 0.0338368 0.0144582 0.0144582 0.0374863 0.0181519 0.0182703 0.0181519 0.0181519 0.0107795 0.0107795 0.0332756 0.0332756 0.0181519 0.0144351 0.0144351 0.0181374 0.0256570 0.0218779 0.0218779 0.0182694 0.0258484 0.0220171 0.0220171 0.0182963 0.0220709 0.0182963 0.0218966 0.0218608 0.0181529 0.0256798 0.0256798 0.0218966 0.0258940 0.0181529 0.0294254 0.0500890 0.0217081 0.0222347 0.0299649 0.0300844 0.0182505 0.0144594 0.0414879 0.0336131 0.0338630 0.0335816 0.0811400 0.0144333 0.0339504 0.0298285 0.2622316 0.0259366 0.0225353 0.0220336 0.0374099 0.1092545 0.1098306 0.0035409 0.0035409 0.0071491 0.0180570 0.0107231 0.0071116 0.0107135 0.0071632 0.0071116 0.1196090 0.0181529 0.0256789 0.0259147 0.0297249 0.0216919 0.0334582 0.0217081 0.0332535 0.0338725 0.2365616 0.2146918 0.0258438 0.0181901 
XM_004753515_2_PREDICTED_Mustela_putorius_furo_REV3_like_polymerase_DNA_directed_zeta_catalytic_subunit_REV3L_transcript_variant_X1_mRNA_1                 0.0181519 0.0418077 0.0541937 0.0181519 0.0144629 0.0333748 0.0181519 0.0297495 0.0295920 0.0181519 0.0000000 0.0107316 0.0301781 0.2747224 0.0000010 0.0334342 0.0452894 0.0466162 0.0294545 0.0295025 0.1186374 0.0855342 0.1046568 0.0816738 0.0296398 0.0374826 0.0180548 0.0591604 0.0334338 0.0000010 0.0378382 0.0331598 0.0579537 0.0626189 0.0336516 0.0671197 0.0337163 0.0413498 0.0416972 0.0416972 0.0705688 0.0294011 0.0219406 0.0182869 0.0221028 0.0035351 0.0035351 0.0333748 0.0071171 0.0071632 0.0000010 0.0071171 0.0071116 0.0071116 0.0292644 0.0292644 0.0071171 0.0035380 0.0035380 0.0071116 0.0143712 0.0107229 0.0107229 0.0144629 0.0219226 0.0181555 0.0181555 0.0219353 0.0257253 0.0219353 0.0180574 0.0180280 0.0143718 0.0217817 0.0217817 0.0180574 0.0219609 0.0143718 0.0254782 0.0377306 0.0217081 0.0259167 0.0336776 0.0260425 0.0144482 0.0107320 0.0373139 0.0295619 0.0220618 0.0144499 0.0851003 0.0107123 0.0298544 0.0258227 0.2677489 0.0219964 0.0225353 0.0181678 0.0333119 0.1038416 0.1043830 0.0218958 0.0218958 0.0257967 0.0295025 0.0218966 0.0181519 0.0218779 0.0182850 0.0181519 0.1183633 0.0143718 0.0217809 0.0219780 0.0219226 0.0216919 0.0294269 0.0217081 0.0292491 0.0297874 0.2102986 0.2015766 0.0219182 0.0180433 
XM_034668992_1_PREDICTED_Ailuropoda_melanoleuca_REV3_like_DNA_directed_polymerase_zeta_catalytic_subunit_REV3L_transcript_variant_X1_mRNA_1                0.0218966 0.0458575 0.0583849 0.0218966 0.0181734 0.0372818 0.0218966 0.0336478 0.0334682 0.0218966 0.0107316 0.0000000 0.0341342 0.2900727 0.0000010 0.0373472 0.0493257 0.0507808 0.0333119 0.0333653 0.1281511 0.0901131 0.1094650 0.0862457 0.0335229 0.0414527 0.0217790 0.0634592 0.0373468 0.0000010 0.0418490 0.0370389 0.0621586 0.0669002 0.0375926 0.0714666 0.0376656 0.0453521 0.0457341 0.0457341 0.0749017 0.0332507 0.0257320 0.0257320 0.0259231 0.0143829 0.0143829 0.0372818 0.0035352 0.0108009 0.0107316 0.0107316 0.0107233 0.0107233 0.0330963 0.0330963 0.0035352 0.0071119 0.0071119 0.0107233 0.0180574 0.0143718 0.0143718 0.0181734 0.0257114 0.0219009 0.0219009 0.0219988 0.0258005 0.0219988 0.0217817 0.0217463 0.0180580 0.0255445 0.0255445 0.0217817 0.0257565 0.0180580 0.0292702 0.0417301 0.0217081 0.0297778 0.0376225 0.0299222 0.0181548 0.0143840 0.0412643 0.0334333 0.0336806 0.0257295 0.0896510 0.0143578 0.0337670 0.0296690 0.2829002 0.0257986 0.0225353 0.0219173 0.0372097 0.1086146 0.1091840 0.0256794 0.0256794 0.0296385 0.0333653 0.0256803 0.0218966 0.0256584 0.0220580 0.0218966 0.1273068 0.0180580 0.0218984 0.0257770 0.0257109 0.0216919 0.0332801 0.0217081 0.0330775 0.0336900 0.2303438 0.2210738 0.0257068 0.0217648 
XM_015600069_2_PREDICTED_Pteropus_alecto_REV3_like_DNA_directed_polymerase_zeta_catalytic_subunit_REV3L_transcript_variant_X1_mRNA_1                       0.0343225 0.0600367 0.0734399 0.0343225 0.0303829 0.0591060 0.0343225 0.0387211 0.0385060 0.0343225 0.0301781 0.0341342 0.0000000 0.3296573 0.0465919 0.0507900 0.0550450 0.0612054 0.0383198 0.0344216 0.1382451 0.0979227 0.1036441 0.0939262 0.0551064 0.0552212 0.0341298 0.0699964 0.0425459 0.0465919 0.0557738 0.0503506 0.0773749 0.0735110 0.0511454 0.0874903 0.0512514 0.0593414 0.0472319 0.0472319 0.0909676 0.0382459 0.0384238 0.0465728 0.0469395 0.0262863 0.0262863 0.0591060 0.0301781 0.0303815 0.0301781 0.0301781 0.0223917 0.0223917 0.0543668 0.0543668 0.0301781 0.0262417 0.0262417 0.0262893 0.0341657 0.0302068 0.0302068 0.0303829 0.0341151 0.0343328 0.0343328 0.0384176 0.0344204 0.0304303 0.0262890 0.0262451 0.0224133 0.0302069 0.0302069 0.0262890 0.0304669 0.0224133 0.0340751 0.0642237 0.0717939 0.0380892 0.0511914 0.0035698 0.0146903 0.0262884 0.0549493 0.0384633 0.0469803 0.0465740 0.1015898 0.0262383 0.0427394 0.0383894 0.3219250 0.0343264 0.0468678 0.0302325 0.0423837 0.1173462 0.1179868 0.0383432 0.0383432 0.0383469 0.0383817 0.0303738 0.0304006 0.0343582 0.0262339 0.0304006 0.1528308 0.0301778 0.0381284 0.0304930 0.0425071 0.0717381 0.0382810 0.0717939 0.0460980 0.0387662 0.2744950 0.2501466 0.0383909 0.0341047 
XM_005883745_2_PREDICTED_Myotis_brandtii_REV3_like_polymerase_DNA_directed_zeta_catalytic_subunit_REV3L_transcript_variant_X1_mRNA_1                       0.2692552 0.2995994 0.3785643 0.2692552 0.3034265 0.2931599 0.2692552 0.2815089 0.3172903 0.2692552 0.2747224 0.2900727 0.3296573 0.0000000 0.0225353 0.3277853 0.3216262 0.3316995 0.2928627 0.2993565 0.5590272 0.4655546 0.4825773 0.4256885 0.3075274 0.3301132 0.3002844 0.3655311 0.3156021 0.0225353 0.2995994 0.3104685 0.3158822 0.3905735 0.3096929 0.3482958 0.3042755 0.3293326 0.3406905 0.3406905 0.3269857 0.3068579 0.2791487 0.2904040 0.2877624 0.2652557 0.2652557 0.2931599 0.2900727 0.2788862 0.2747224 0.2788862 0.2692552 0.2692552 0.2775572 0.2775572 0.2900727 0.2788862 0.2788862 0.2889127 0.2891686 0.2791390 0.2889127 0.3034265 0.2976580 0.3136207 0.3136207 0.2692552 0.2805626 0.2791487 0.2791487 0.2988393 0.2791487 0.2791487 0.2791487 0.2791487 0.2948956 0.2791487 0.3193445 0.3200111 0.0462885 0.2733941 0.2986949 0.3120278 0.2721483 0.2802556 0.3382179 0.3155774 0.2888681 0.2987841 0.2911110 0.2692552 0.2685380 0.2664781 0.0098135 0.2431122 0.0000010 0.2561274 0.2928627 0.3213850 0.3210605 0.2791390 0.2791390 0.2654721 0.2695577 0.2791487 0.2791390 0.2765303 0.2834115 0.2791390 0.2087340 0.2817939 0.2919120 0.2763422 0.2846574 0.0462527 0.3028677 0.0462885 0.2988845 0.2670342 0.6009012 0.5653297 0.2862420 0.2791487 
XM_006157005_3_PREDICTED_Tupaia_chinensis_REV3_like_DNA_directed_polymerase_zeta_catalytic_subunit_REV3L_transcript_variant_X3_mRNA_1                      0.0000010 0.0000010 0.0216919 0.0000010 0.0000010 0.0000010 0.0000010 0.0229327 0.0000010 0.0000010 0.0000010 0.0000010 0.0465919 0.0225353 0.0000000 0.0000010 0.0226610 0.0000010 0.0217081 0.0000010 0.0763014 0.0465062 0.0716552 0.0465062 0.0000010 0.0000010 0.0000010 0.0000010 0.0229444 0.0000010 0.0000010 0.0000010 0.0000010 0.0216919 0.0000010 0.0216919 0.0000010 0.0000010 0.0000010 0.0000010 0.0000010 0.0000010 0.0000010 0.0000010 0.0000010 0.0000010 0.0000010 0.0000010 0.0000010 0.0000010 0.0000010 0.0000010 0.0000010 0.0000010 0.0000010 0.0000010 0.0000010 0.0000010 0.0000010 0.0000010 0.0000010 0.0000010 0.0000010 0.0000010 0.0000010 0.0000010 0.0000010 0.0000010 0.0000010 0.0000010 0.0000010 0.0000010 0.0000010 0.0000010 0.0000010 0.0000010 0.0000010 0.0000010 0.0000010 0.0229327 0.0217081 0.0229327 0.0229444 0.0465919 0.0217081 0.0219312 0.0217081 0.0000010 0.0000010 0.0000010 0.0225353 0.0000010 0.0225353 0.0225353 0.0225353 0.0225353 0.0225353 0.0225353 0.0217081 0.0000010 0.0216919 0.0000010 0.0000010 0.0225353 0.0000010 0.0000010 0.0000010 0.0000010 0.0000010 0.0000010 0.1777718 0.0000010 0.0000010 0.0000010 0.0217081 0.0216919 0.0225353 0.0217081 0.0000010 0.0217081 0.1207382 0.0981291 0.0000010 0.0000010 
XM_027402162_2_PREDICTED_Cricetulus_griseus_REV3_like_DNA_directed_polymerase_zeta_catalytic_subunit_Rev3l_transcript_variant_X5_mRNA_1                    0.0375489 0.0256800 0.0335260 0.0375489 0.0415376 0.0537424 0.0375489 0.0500450 0.0107244 0.0375489 0.0334342 0.0373472 0.0507900 0.3277853 0.0000010 0.0000000 0.0580356 0.0421626 0.0495277 0.0457965 0.1314363 0.1048136 0.1250291 0.1009040 0.0374892 0.0455167 0.0219204 0.0338775 0.0377015 0.0000010 0.0219173 0.0181727 0.0451701 0.0414154 0.0180578 0.0456716 0.0255686 0.0217827 0.0257806 0.0257806 0.0751325 0.0414204 0.0298650 0.0376999 0.0379875 0.0295872 0.0295872 0.0537424 0.0334342 0.0336556 0.0334342 0.0334342 0.0257312 0.0257312 0.0492006 0.0492006 0.0334342 0.0295375 0.0295375 0.0334047 0.0334320 0.0373122 0.0373122 0.0415376 0.0496274 0.0455125 0.0455125 0.0416033 0.0456285 0.0416033 0.0373439 0.0372831 0.0334332 0.0412967 0.0412967 0.0373439 0.0331553 0.0334332 0.0295412 0.0586331 0.0217081 0.0459876 0.0542528 0.0462125 0.0336195 0.0295895 0.0497149 0.0416480 0.0380145 0.0416090 0.1047734 0.0295338 0.0502283 0.0458140 0.3202691 0.0417259 0.0225353 0.0375879 0.0536260 0.1097940 0.1103763 0.0377559 0.0377559 0.0457620 0.0496022 0.0415253 0.0375489 0.0414898 0.0378343 0.0375489 0.1196025 0.0334332 0.0412952 0.0379067 0.0456466 0.0216919 0.0494755 0.0217081 0.0450935 0.0501033 0.2525383 0.2171260 0.0415758 0.0295665 
XM_013069186_2_PREDICTED_Heterocephalus_glaber_REV3_like_DNA_directed_polymerase_zeta_catalytic_subunit_Rev3l_transcript_variant_X1_mRNA_1                 0.0456758 0.0586598 0.0854787 0.0456758 0.0455942 0.0663290 0.0456758 0.0542343 0.0457726 0.0456758 0.0452894 0.0493257 0.0550450 0.3216262 0.0226610 0.0580356 0.0000000 0.0729518 0.0536684 0.0497960 0.1407908 0.1008297 0.1209901 0.0968971 0.0623607 0.0624916 0.0413299 0.0683364 0.0498042 0.0226610 0.0545035 0.0575386 0.0758000 0.0855594 0.0499968 0.0908084 0.0500978 0.0665910 0.0586719 0.0586719 0.0709536 0.0145073 0.0456727 0.0538104 0.0542308 0.0413299 0.0413299 0.0663290 0.0452894 0.0455922 0.0452894 0.0452894 0.0373411 0.0373411 0.0615335 0.0615335 0.0452894 0.0412581 0.0412581 0.0452465 0.0533475 0.0492762 0.0492762 0.0455942 0.0537765 0.0496102 0.0496102 0.0538015 0.0497375 0.0456672 0.0413306 0.0412633 0.0373763 0.0453274 0.0453274 0.0413306 0.0457229 0.0373763 0.0412633 0.0715283 0.0465424 0.0584243 0.0669662 0.0503783 0.0455433 0.0413332 0.0706515 0.0538642 0.0626498 0.0621079 0.1239821 0.0412529 0.0504610 0.0581984 0.3142660 0.0458031 0.0484678 0.0496500 0.0578126 0.1241075 0.1247731 0.0497472 0.0497472 0.0541296 0.0497960 0.0416862 0.0456758 0.0497066 0.0460281 0.0456758 0.1482383 0.0452849 0.0533925 0.0457646 0.0579780 0.0465062 0.0536106 0.0465424 0.0614723 0.0626697 0.2702164 0.2615076 0.0499957 0.0334667 
XM_008852401_2_PREDICTED_Nannospalax_galili_REV3_like_DNA_directed_polymerase_zeta_catalytic_subunit_Rev3l_transcript_variant_X1_mRNA_1                    0.0510667 0.0510184 0.0685254 0.0510667 0.0553188 0.0771948 0.0510667 0.0591818 0.0381603 0.0510667 0.0466162 0.0507808 0.0612054 0.3316995 0.0000010 0.0421626 0.0729518 0.0000000 0.0638147 0.0469660 0.1440362 0.1289580 0.1404001 0.1248988 0.0642622 0.0732054 0.0425334 0.0693098 0.0597880 0.0000010 0.0468794 0.0466155 0.0623074 0.0774574 0.0506777 0.0766511 0.0462613 0.0504401 0.0467967 0.0467967 0.0909316 0.0551573 0.0429511 0.0512825 0.0475459 0.0425334 0.0425334 0.0771948 0.0466162 0.0469372 0.0466162 0.0466162 0.0384196 0.0384196 0.0720363 0.0720363 0.0466162 0.0424571 0.0424571 0.0384196 0.0466093 0.0424926 0.0424926 0.0553188 0.0639467 0.0595413 0.0595413 0.0554125 0.0597010 0.0554125 0.0507720 0.0506875 0.0466110 0.0466561 0.0549796 0.0507720 0.0462017 0.0466110 0.0506875 0.0718902 0.0217081 0.0602012 0.0690344 0.0562678 0.0468854 0.0425368 0.0728269 0.0640533 0.0603194 0.0639925 0.1133263 0.0424515 0.0647633 0.0506282 0.3239350 0.0555861 0.0225353 0.0511252 0.0681843 0.1253765 0.1141184 0.0552994 0.0552994 0.0598866 0.0639066 0.0553014 0.0427726 0.0468792 0.0473453 0.0427726 0.1288839 0.0384532 0.0466500 0.0555380 0.0597271 0.0216919 0.0637402 0.0217081 0.0589628 0.0604094 0.2509061 0.2375225 0.0553800 0.0424997 
XM_023650934_1_PREDICTED_Equus_caballus_REV3_like_DNA_directed_polymerase_zeta_catalytic_subunit_REV3L_transcript_variant_X1_mRNA_1                        0.0334905 0.0495356 0.0629369 0.0334905 0.0296495 0.0576235 0.0334905 0.0299188 0.0375631 0.0334905 0.0294545 0.0333119 0.0383198 0.2928627 0.0217081 0.0495277 0.0536684 0.0638147 0.0000000 0.0374453 0.1125582 0.0763614 0.0949693 0.0725268 0.0537262 0.0538351 0.0333078 0.0544338 0.0414993 0.0217081 0.0455229 0.0491101 0.0753681 0.0629968 0.0498647 0.0752064 0.0499652 0.0578470 0.0500604 0.0500604 0.0700386 0.0373159 0.0374853 0.0454237 0.0457721 0.0256590 0.0256590 0.0576235 0.0294545 0.0296482 0.0294545 0.0294545 0.0218608 0.0218608 0.0530234 0.0530234 0.0294545 0.0256166 0.0256166 0.0294293 0.0371736 0.0332815 0.0332815 0.0296495 0.0374613 0.0335003 0.0335003 0.0374792 0.0335836 0.0296946 0.0256616 0.0181251 0.0218814 0.0294821 0.0294821 0.0256616 0.0297299 0.0218814 0.0256175 0.0534905 0.0000010 0.0334068 0.0412687 0.0340044 0.0296166 0.0256610 0.0454714 0.0375227 0.0458106 0.0454245 0.1040827 0.0256134 0.0374132 0.0416122 0.2858213 0.0375881 0.0462885 0.0335244 0.0035298 0.1141005 0.1147060 0.0374086 0.0374086 0.0415663 0.0374453 0.0296409 0.0334905 0.0373781 0.0337426 0.0334905 0.1458237 0.0294544 0.0372052 0.0297543 0.0335931 0.0444973 0.0256380 0.0000010 0.0449729 0.0458242 0.2217394 0.2054267 0.0143360 0.0332839 
XM_035296530_1_PREDICTED_Callithrix_jacchus_REV3_like_DNA_directed_polymerase_zeta_catalytic_subunit_REV3L_transcript_variant_X1_mRNA_1                    0.0180570 0.0464172 0.0676671 0.0180570 0.0296980 0.0495236 0.0180570 0.0378278 0.0338668 0.0180570 0.0295025 0.0333653 0.0344216 0.2993565 0.0000010 0.0457965 0.0497960 0.0469660 0.0374453 0.0000000 0.1343133 0.0953838 0.1054657 0.0914872 0.0499733 0.0500742 0.0296599 0.0642560 0.0415641 0.0000010 0.0505626 0.0454101 0.0715109 0.0677316 0.0461070 0.0812341 0.0462007 0.0540798 0.0381917 0.0381917 0.0886797 0.0373749 0.0375448 0.0454932 0.0458425 0.0257014 0.0257014 0.0495236 0.0295025 0.0296967 0.0295025 0.0295025 0.0218974 0.0218974 0.0450771 0.0450771 0.0295025 0.0256588 0.0256588 0.0218974 0.0295012 0.0256798 0.0256798 0.0296980 0.0375207 0.0335542 0.0335542 0.0375387 0.0336378 0.0297433 0.0257041 0.0256620 0.0219181 0.0219388 0.0295301 0.0257041 0.0297787 0.0219181 0.0333089 0.0626720 0.0217081 0.0418339 0.0418767 0.0301692 0.0296650 0.0257034 0.0536562 0.0375823 0.0458812 0.0454941 0.0948859 0.0256556 0.0460060 0.0416773 0.2921700 0.0376479 0.0225353 0.0335784 0.0414095 0.1142151 0.1148211 0.0143834 0.0143834 0.0256579 0.0218012 0.0143852 0.0107324 0.0143717 0.0145004 0.0107324 0.1371904 0.0295023 0.0372638 0.0298032 0.0415273 0.0216919 0.0374084 0.0217081 0.0450412 0.0458948 0.2565103 0.2337286 0.0375130 0.0295649 
XM_007484437_2_PREDICTED_Monodelphis_domestica_REV3_like_DNA_directed_polymerase_zeta_catalytic_subunit_REV3L_transcript_variant_X1_mRNA_1                 0.1289425 0.1371148 0.1443701 0.1289425 0.1180208 0.1616969 0.1289425 0.1226430 0.1218255 0.1289425 0.1186374 0.1281511 0.1382451 0.5590272 0.0763014 0.1314363 0.1407908 0.1440362 0.1125582 0.1343133 0.0000000 0.0422564 0.0507492 0.0385011 0.1567854 0.1572208 0.1281341 0.1253043 0.1344209 0.0763014 0.1320367 0.1436811 0.1566900 0.1445033 0.1325700 0.1562718 0.1385666 0.1479625 0.1387440 0.1387440 0.1784773 0.1290928 0.1344689 0.1344689 0.1463805 0.1136593 0.1136593 0.1616969 0.1229972 0.1239180 0.1186374 0.1229972 0.1127951 0.1127951 0.1543699 0.1543699 0.1229972 0.1177295 0.1177295 0.1228113 0.1287484 0.1235766 0.1279489 0.1180208 0.1283793 0.1230029 0.1230029 0.1345290 0.1293885 0.1241832 0.1179369 0.1125313 0.1129025 0.1230304 0.1230304 0.1179369 0.1117403 0.1129025 0.1171132 0.1363609 0.1047869 0.1286264 0.1283929 0.1313459 0.1237749 0.1180088 0.1497259 0.1285865 0.1357616 0.1344125 0.2231058 0.1177138 0.1342949 0.1406440 0.5482876 0.1350495 0.1098017 0.1291618 0.1175783 0.2276549 0.2290819 0.1341835 0.1341835 0.1403721 0.1343133 0.1238756 0.1289425 0.1340758 0.1301211 0.1289425 0.2741391 0.1229146 0.1332528 0.1245405 0.1399289 0.1047016 0.1139992 0.1047869 0.1275259 0.1466698 0.2613662 0.2401990 0.1068798 0.1279569 
XM_031964400_1_PREDICTED_Sarcophilus_harrisii_REV3_like_DNA_directed_polymerase_zeta_catalytic_subunit_REV3L_transcript_variant_X1_mRNA_1                  0.0906373 0.1099806 0.1164121 0.0906373 0.0810872 0.1194941 0.0906373 0.0914232 0.0957691 0.0906373 0.0855342 0.0901131 0.0979227 0.4655546 0.0465062 0.1048136 0.1008297 0.1289580 0.0763614 0.0953838 0.0422564 0.0000000 0.0294833 0.0145009 0.1150589 0.1153395 0.0901014 0.0992704 0.0954294 0.0465062 0.1052456 0.1088851 0.1359050 0.1165213 0.1056534 0.1312262 0.1110786 0.1200041 0.1112453 0.1112453 0.1397093 0.0907141 0.0862836 0.0954899 0.0963000 0.0810729 0.0810729 0.1194941 0.0855342 0.0861397 0.0855342 0.0855342 0.0765013 0.0765013 0.1134040 0.1134040 0.0855342 0.0809106 0.0809106 0.0854302 0.0905283 0.0859319 0.0899980 0.0810872 0.0902457 0.0855381 0.0855381 0.0955068 0.0909232 0.0863024 0.0810532 0.0763463 0.0765739 0.0855831 0.0855831 0.0810532 0.0864152 0.0765739 0.0805421 0.1043198 0.0716552 0.0904132 0.0861668 0.0921928 0.0860442 0.0810794 0.0996819 0.0813233 0.0911320 0.0903000 0.1612221 0.0809001 0.0953396 0.0965481 0.4564157 0.0958349 0.0747285 0.0816529 0.0808292 0.1895832 0.1907044 0.0952909 0.0952909 0.1005622 0.0953838 0.0861145 0.0906373 0.0952138 0.0914002 0.0906373 0.2294879 0.0855025 0.0855719 0.0865176 0.1002748 0.0715997 0.0772646 0.0716552 0.1037516 0.1059517 0.2511779 0.2281588 0.0715088 0.0900039 
XM_036766364_1_PREDICTED_Trichosurus_vulpecula_REV3_like_DNA_directed_polymerase_zeta_catalytic_subunit_REV3L_transcript_variant_X1_mRNA_1                 0.1101139 0.1305479 0.1375572 0.1101139 0.1000012 0.1405146 0.1101139 0.1111113 0.1156110 0.1101139 0.1046568 0.1094650 0.1036441 0.4825773 0.0716552 0.1250291 0.1209901 0.1404001 0.0949693 0.1054657 0.0507492 0.0294833 0.0000000 0.0258533 0.1359055 0.1362551 0.1094508 0.1190755 0.1151835 0.0716552 0.1255833 0.1291932 0.1579987 0.1376840 0.1260826 0.1575727 0.1319027 0.1411287 0.1219417 0.1219417 0.1618186 0.1102231 0.1152404 0.1250910 0.1261967 0.0999835 0.0999835 0.1405146 0.1046568 0.1054103 0.1046568 0.1046568 0.0951542 0.0951542 0.1339052 0.1339052 0.1046568 0.0997716 0.0997716 0.0951542 0.1004479 0.0957202 0.0998520 0.1000012 0.1096407 0.1046616 0.1046616 0.1152756 0.1104737 0.1056201 0.0999455 0.0949489 0.0952437 0.1047007 0.1047007 0.0999455 0.1057610 0.0952437 0.0992888 0.1244443 0.0981555 0.1098457 0.1096479 0.0977359 0.0958520 0.0999914 0.1295022 0.1098163 0.1205432 0.1194029 0.1897441 0.0997586 0.1096106 0.1152648 0.4731583 0.1101900 0.0721410 0.1048906 0.0996586 0.1918673 0.1929885 0.1150008 0.1150008 0.1150729 0.1151112 0.1053773 0.1005760 0.1052786 0.1064418 0.1005760 0.2445688 0.1046032 0.1142505 0.1059003 0.1202956 0.0980802 0.0961256 0.0981555 0.1237175 0.1066700 0.2575144 0.2301867 0.0897654 0.1093178 
XM_027848601_1_PREDICTED_Vombatus_ursinus_REV3_like_DNA_directed_polymerase_zeta_catalytic_subunit_REV3L_transcript_variant_X1_mRNA_1                      0.0867497 0.1060499 0.1124293 0.0867497 0.0772311 0.1155612 0.0867497 0.0875017 0.0918545 0.0867497 0.0816738 0.0862457 0.0939262 0.4256885 0.0465062 0.1009040 0.0968971 0.1248988 0.0725268 0.0914872 0.0385011 0.0145009 0.0258533 0.0000000 0.1111192 0.1113898 0.0862344 0.0953928 0.0915287 0.0465062 0.1013175 0.1049929 0.1319222 0.1125361 0.1017115 0.1251466 0.1071099 0.1160565 0.1072755 0.1072755 0.1357571 0.0868214 0.0871300 0.0964424 0.0972695 0.0772173 0.0772173 0.1155612 0.0816738 0.0822548 0.0816738 0.0816738 0.0726590 0.0726590 0.1095145 0.1095145 0.0816738 0.0770632 0.0770632 0.0815757 0.0866467 0.0820570 0.0861368 0.0772311 0.0863715 0.0816775 0.0816775 0.0916038 0.0870239 0.0824098 0.0772005 0.0725126 0.0727287 0.0817233 0.0817233 0.0772005 0.0825180 0.0727287 0.0767138 0.1004241 0.0716552 0.0865328 0.0810217 0.0882424 0.0821630 0.0772235 0.1006808 0.0821105 0.0920372 0.0911881 0.1682459 0.0770531 0.0914416 0.0911538 0.4169974 0.0919181 0.0747285 0.0824468 0.0769870 0.1784295 0.1794785 0.0913971 0.0913971 0.0966401 0.0914872 0.0822308 0.0867497 0.0913224 0.0874818 0.0867497 0.2077520 0.0816455 0.0864039 0.0826145 0.0963636 0.0715997 0.0733867 0.0716552 0.0998800 0.1020039 0.2337736 0.2072079 0.0677052 0.0861426 
XM_040983897_1_PREDICTED_Ochotona_curzoniae_REV3_like_DNA_directed_polymerase_zeta_catalytic_subunit_REV3L_transcript_variant_X1_mRNA_1                    0.0416004 0.0337479 0.0500126 0.0416004 0.0376609 0.0535893 0.0416004 0.0542935 0.0335947 0.0416004 0.0296398 0.0335229 0.0551064 0.3075274 0.0000010 0.0374892 0.0623607 0.0642622 0.0537262 0.0499733 0.1567854 0.1150589 0.1359055 0.1111192 0.0000000 0.0071009 0.0182201 0.0505574 0.0498565 0.0000010 0.0298668 0.0371785 0.0585159 0.0583417 0.0258286 0.0583951 0.0258771 0.0375652 0.0459119 0.0459119 0.0705120 0.0455113 0.0377295 0.0377295 0.0380176 0.0335217 0.0335217 0.0535893 0.0296398 0.0298359 0.0296398 0.0296398 0.0296142 0.0296142 0.0490617 0.0490617 0.0296398 0.0257764 0.0257764 0.0296142 0.0374103 0.0334920 0.0334920 0.0376609 0.0456879 0.0337136 0.0337136 0.0457137 0.0497897 0.0457137 0.0413710 0.0413036 0.0374117 0.0453731 0.0453731 0.0413710 0.0457695 0.0374117 0.0413036 0.0630072 0.0217081 0.0501873 0.0585621 0.0504321 0.0376222 0.0335244 0.0622553 0.0539225 0.0543388 0.0457201 0.0992237 0.0334604 0.0544928 0.0499952 0.3002844 0.0458499 0.0225353 0.0416446 0.0578768 0.1191692 0.1198063 0.0418310 0.0418310 0.0499371 0.0538056 0.0456268 0.0416004 0.0455879 0.0419190 0.0416004 0.1353495 0.0374117 0.0453715 0.0458113 0.0456817 0.0216919 0.0536682 0.0217081 0.0533267 0.0543556 0.2542144 0.2361761 0.0456846 0.0334975 
XM_004580498_1_PREDICTED_Ochotona_princeps_REV3_like_DNA_directed_polymerase_zeta_catalytic_subunit_REV3L_mRNA_1                                           0.0497466 0.0417356 0.0584069 0.0497466 0.0377342 0.0619848 0.0497466 0.0544049 0.0336591 0.0497466 0.0374826 0.0414527 0.0552212 0.3301132 0.0000010 0.0455167 0.0624916 0.0732054 0.0538351 0.0500742 0.1572208 0.1153395 0.1362551 0.1113898 0.0071009 0.0000000 0.0258008 0.0506610 0.0499570 0.0000010 0.0377737 0.0451348 0.0671358 0.0584624 0.0335953 0.0669939 0.0336598 0.0375323 0.0378515 0.0378515 0.0754473 0.0456014 0.0458101 0.0458101 0.0461655 0.0414512 0.0414512 0.0619848 0.0374826 0.0377325 0.0374826 0.0374826 0.0374486 0.0374486 0.0572821 0.0572821 0.0374826 0.0335256 0.0335256 0.0374486 0.0454183 0.0414127 0.0414127 0.0377342 0.0457787 0.0337785 0.0337785 0.0539690 0.0498899 0.0458047 0.0414518 0.0413841 0.0374840 0.0454627 0.0454627 0.0414518 0.0458607 0.0374840 0.0413841 0.0717643 0.0217081 0.0586115 0.0671887 0.0505350 0.0456799 0.0414545 0.0708886 0.0540322 0.0628540 0.0539768 0.1088578 0.0413737 0.0630386 0.0583850 0.3226823 0.0541332 0.0225353 0.0498018 0.0579954 0.1194616 0.1201021 0.0500249 0.0500249 0.0583138 0.0539147 0.0457174 0.0497466 0.0538181 0.0501336 0.0497466 0.1442575 0.0416895 0.0497984 0.0459027 0.0539289 0.0216919 0.0537769 0.0217081 0.0616680 0.0628740 0.2639145 0.2356136 0.0539376 0.0414194 
XM_008263376_2_PREDICTED_Oryctolagus_cuniculus_REV3_like_DNA_directed_polymerase_zeta_catalytic_subunit_REV3L_transcript_variant_X1_mRNA_1                 0.0218938 0.0298877 0.0459910 0.0218938 0.0256845 0.0451744 0.0218938 0.0336435 0.0181901 0.0218938 0.0180548 0.0217790 0.0341298 0.3002844 0.0000010 0.0219204 0.0413299 0.0425334 0.0333078 0.0296599 0.1281341 0.0901014 0.1094508 0.0862344 0.0182201 0.0258008 0.0000000 0.0464898 0.0295869 0.0000010 0.0260375 0.0217438 0.0455568 0.0542454 0.0220585 0.0542928 0.0220996 0.0295667 0.0298131 0.0298131 0.0663376 0.0256131 0.0182038 0.0257310 0.0259221 0.0143810 0.0143810 0.0451744 0.0180548 0.0181719 0.0180548 0.0180548 0.0107219 0.0107219 0.0408392 0.0408392 0.0180548 0.0143578 0.0143578 0.0180404 0.0255187 0.0217605 0.0217605 0.0256845 0.0333745 0.0219001 0.0219001 0.0257230 0.0295520 0.0257230 0.0217790 0.0217436 0.0180558 0.0255413 0.0255413 0.0217790 0.0257532 0.0180558 0.0217436 0.0498076 0.0217081 0.0297740 0.0376177 0.0299184 0.0181525 0.0143822 0.0412591 0.0334290 0.0336763 0.0333979 0.0896394 0.0143565 0.0337627 0.0296653 0.2930532 0.0257953 0.0225353 0.0219145 0.0372050 0.1086005 0.1091698 0.0220117 0.0220117 0.0296347 0.0333611 0.0256771 0.0218938 0.0256552 0.0220552 0.0218938 0.1281145 0.0180558 0.0255404 0.0257737 0.0295627 0.0216919 0.0332759 0.0217081 0.0330734 0.0336857 0.2432348 0.2210466 0.0257036 0.0143723 
XM_029482641_1_PREDICTED_Mus_caroli_REV3_like_DNA_directed_polymerase_zeta_catalytic_subunit_Rev3l_mRNA_1                                                  0.0638206 0.0220266 0.0300598 0.0638206 0.0503077 0.0857731 0.0638206 0.0689186 0.0299820 0.0638206 0.0591604 0.0634592 0.0699964 0.3655311 0.0000010 0.0338775 0.0683364 0.0693098 0.0544338 0.0642560 0.1253043 0.0992704 0.1190755 0.0953928 0.0505574 0.0506610 0.0464898 0.0000000 0.0555175 0.0000010 0.0182769 0.0462280 0.0720022 0.0300887 0.0221683 0.0463595 0.0299024 0.0500217 0.0464107 0.0464107 0.0712397 0.0508022 0.0555035 0.0640956 0.0646186 0.0549557 0.0549557 0.0857731 0.0591604 0.0595717 0.0591604 0.0591604 0.0506966 0.0506966 0.0804511 0.0804511 0.0591604 0.0548535 0.0548535 0.0590980 0.0677251 0.0633884 0.0633884 0.0503077 0.0587055 0.0544234 0.0544234 0.0683345 0.0640136 0.0596767 0.0549519 0.0423854 0.0507455 0.0592059 0.0592059 0.0549519 0.0502959 0.0507455 0.0343335 0.0771799 0.0217081 0.0636591 0.0724612 0.0648777 0.0595059 0.0549602 0.0760395 0.0588023 0.0636419 0.0672581 0.1390200 0.0548463 0.0642852 0.0730941 0.3576448 0.0685552 0.0225353 0.0638987 0.0586449 0.1277306 0.1284381 0.0641916 0.0641916 0.0642084 0.0682581 0.0595555 0.0638206 0.0681337 0.0643390 0.0638206 0.1308964 0.0591491 0.0677833 0.0598138 0.0727963 0.0216919 0.0589777 0.0217081 0.0718423 0.0779194 0.2500347 0.2333664 0.0545387 0.0549082 
