148
NM_011264_3_Mus_musculus_REV3_like_DNA_directed_polymerase_zeta_catalytic_subunit_Rev3l_mRNA_1                                                             0.0000000 0.1015782 0.0952179 0.1098828 0.1030113 0.1113485 0.0586547 0.1154258 0.1238375 0.1022116 0.0915406 0.1152976 0.0888269 0.0680276 0.1219990 0.0879491 0.1025291 0.1858929 0.1015782 0.1266284 0.1795845 0.1385142 0.1423252 0.1116267 0.0613161 0.1680187 0.0704141 0.8645005 0.1835171 0.0927118 0.0289369 0.0525055 0.0784358 0.0944289 0.0581172 0.0609749 0.1482640 0.0530743 0.1006229 0.1094680 0.1034554 0.1063881 0.0609749 0.2941520 0.0956059 0.1014485 0.0672516 0.1171403 0.0956059 0.0985968 0.0922645 0.0974147 0.0981046 0.1015545 0.1193649 0.1193649 0.1017423 0.0985968 0.1079782 0.0981407 0.0952179 0.0968919 0.1006693 0.1006693 0.0978345 0.1160216 0.1024179 0.1113485 0.1052479 0.1092407 0.1082302 0.0998548 0.0939547 0.0974147 0.1011087 0.0981676 0.0998548 0.1052788 0.1055635 0.0947912 0.1052788 0.1011087 0.0977155 0.0977702 0.0977702 0.0976219 0.0981676 0.1034319 0.0947912 0.1466392 0.0949730 0.1156007 0.1073185 0.1206570 0.1587036 0.0988265 0.1102671 0.1098775 0.0974869 0.1083218 0.1062766 0.1196651 0.1176561 0.1007022 0.0977155 0.0949730 0.1566749 0.1220368 0.1153599 0.1296641 0.1219990 0.0984560 0.1233844 0.1496832 0.1518808 0.1073661 0.1073661 0.1045128 0.0987895 0.1106679 0.0992476 0.0987895 0.1071975 0.1016763 0.1022116 0.1046558 0.1084653 0.1120528 0.1091608 0.1349012 0.1073267 0.0994363 0.1082230 0.1365404 0.1027836 0.0822910 0.1328322 0.1397936 0.1815571 0.1585636 0.1248295 0.1109336 0.1005298 0.2763834 0.2668846 0.1225668 0.1127003 0.1287717 
XM_028847034_1_PREDICTED_Macaca_mulatta_REV3_like_DNA_directed_polymerase_zeta_catalytic_subunit_REV3L_transcript_variant_X1_mRNA_1                        0.1015782 0.0000000 0.0458740 0.0578331 0.0059594 0.0647174 0.0601768 0.0537798 0.0688398 0.0039561 0.0527008 0.0638346 0.0580647 0.1282827 0.0659221 0.0901540 0.0205784 0.1415572 0.0000010 0.0740197 0.1532809 0.0989614 0.0894707 0.0727079 0.0765131 0.1421979 0.0952308 0.8645005 0.1461324 0.0748394 0.1045654 0.0884063 0.1118097 0.0788070 0.1189197 0.0772847 0.1075585 0.0936613 0.0805797 0.0762703 0.0672805 0.0699093 0.0718060 0.2360284 0.0481890 0.0762119 0.0803158 0.0774801 0.0481890 0.0506140 0.0482688 0.0480269 0.0483599 0.0482547 0.0566603 0.0566603 0.0461740 0.0506140 0.0559446 0.0482594 0.0458740 0.0459905 0.0505577 0.0505577 0.0503312 0.0798706 0.0573148 0.0647174 0.0597090 0.0626774 0.0621873 0.0436081 0.0435975 0.0480269 0.0507769 0.0531559 0.0436081 0.0646123 0.0632354 0.0546375 0.0646123 0.0507769 0.0523323 0.0523554 0.0523554 0.0522847 0.0531559 0.0571452 0.0546375 0.0882845 0.0499913 0.0695256 0.0506968 0.0662520 0.0798437 0.0528959 0.0739287 0.0607817 0.0585405 0.0660303 0.0509462 0.0646136 0.0586681 0.0681352 0.0523323 0.0499913 0.0900648 0.0631942 0.0606668 0.0715780 0.0659221 0.0411462 0.0713704 0.1111328 0.1015060 0.0039369 0.0039369 0.0019617 0.0019615 0.0099718 0.0059594 0.0019615 0.0603228 0.0039390 0.0039561 0.0039369 0.0059606 0.0059999 0.0080329 0.0415010 0.0226615 0.0207013 0.0185537 0.0903651 0.0456280 0.0384041 0.0738883 0.0951310 0.1403984 0.1048674 0.0766464 0.0638640 0.0392381 0.2093772 0.2000994 0.0591869 0.0504510 0.0761716 
XM_014118216_3_PREDICTED_Canis_lupus_familiaris_REV3_like_DNA_directed_polymerase_zeta_catalytic_subunit_REV3L_transcript_variant_X1_mRNA_1                0.0952179 0.0458740 0.0000000 0.0363427 0.0485084 0.0480990 0.0685833 0.0271692 0.0441587 0.0460993 0.0225428 0.0734202 0.0537872 0.1246131 0.0440944 0.0846672 0.0432505 0.1350027 0.0458740 0.0532556 0.1395956 0.0927819 0.0733528 0.0800918 0.0856016 0.1342352 0.0865909 0.8645005 0.1425773 0.0603182 0.1042260 0.0956969 0.1215529 0.0752118 0.1186067 0.0799527 0.1012254 0.1035216 0.0543623 0.0644143 0.0702450 0.0729190 0.0743907 0.2311195 0.0182473 0.0563949 0.0840493 0.0731213 0.0182473 0.0161514 0.0019601 0.0268682 0.0203249 0.0224933 0.0295946 0.0295946 0.0182848 0.0161514 0.0225675 0.0019598 0.0000010 0.0226868 0.0202995 0.0202995 0.0224201 0.0626155 0.0456896 0.0480990 0.0433330 0.0460442 0.0456982 0.0205378 0.0205332 0.0268682 0.0297284 0.0319542 0.0205378 0.0480297 0.0487418 0.0364540 0.0480297 0.0297284 0.0342307 0.0342447 0.0342447 0.0388165 0.0319542 0.0388165 0.0364540 0.0769519 0.0319879 0.0566808 0.0435338 0.0417698 0.0769030 0.0346024 0.0484752 0.0410912 0.0343172 0.0390971 0.0255539 0.0373991 0.0347514 0.0433307 0.0342307 0.0319879 0.0734149 0.0463732 0.0392091 0.0492411 0.0440944 0.0463651 0.0507979 0.0937733 0.0838467 0.0485011 0.0485011 0.0482688 0.0435472 0.0531880 0.0485084 0.0435472 0.0343598 0.0459163 0.0460993 0.0506393 0.0505430 0.0537848 0.0513742 0.0830616 0.0601774 0.0511757 0.0534464 0.1003711 0.0461710 0.0388426 0.0696142 0.0755702 0.1235756 0.0903541 0.0585030 0.0508324 0.0343097 0.2122214 0.2227960 0.0318431 0.0250783 0.0630956 
XM_021091238_1_PREDICTED_Sus_scrofa_REV3_like_DNA_directed_polymerase_zeta_catalytic_subunit_REV3L_transcript_variant_X1_mRNA_1                            0.1098828 0.0578331 0.0363427 0.0000000 0.0606378 0.0550819 0.0764475 0.0541148 0.0611430 0.0581315 0.0409639 0.0721096 0.0669400 0.1311965 0.0533222 0.0944786 0.0558745 0.1321262 0.0578331 0.0582135 0.1365783 0.1033290 0.0975036 0.0937753 0.0881094 0.1313742 0.0950784 0.8645005 0.1395446 0.0752650 0.1130431 0.0984120 0.1232594 0.0825174 0.1189908 0.0994527 0.1060134 0.1030562 0.0852660 0.0804998 0.0813803 0.0841583 0.0935828 0.2299808 0.0391338 0.0754706 0.0922578 0.0898773 0.0391338 0.0368002 0.0386483 0.0456689 0.0459858 0.0438622 0.0570080 0.0570080 0.0417777 0.0368002 0.0439597 0.0386416 0.0363427 0.0504842 0.0481713 0.0481713 0.0458353 0.0578457 0.0526167 0.0550819 0.0502144 0.0530325 0.0478090 0.0480783 0.0480666 0.0456689 0.0389641 0.0366486 0.0480783 0.0501463 0.0486081 0.0274326 0.0501463 0.0389641 0.0342334 0.0342474 0.0342474 0.0388178 0.0366486 0.0388178 0.0274326 0.0900958 0.0340681 0.0619565 0.0532627 0.0586236 0.0901885 0.0346051 0.0485479 0.0506990 0.0407391 0.0508709 0.0389908 0.0541833 0.0512333 0.0529943 0.0342334 0.0340681 0.0815128 0.0606272 0.0483106 0.0586451 0.0533222 0.0613695 0.0557140 0.1081853 0.0976575 0.0627784 0.0627784 0.0603233 0.0554261 0.0654596 0.0606378 0.0554261 0.0460395 0.0578867 0.0581315 0.0627784 0.0633750 0.0662066 0.0637118 0.1139948 0.0603506 0.0583988 0.0585002 0.0983040 0.0610048 0.0532892 0.0882344 0.0878769 0.1285772 0.0942110 0.0702014 0.0656524 0.0406649 0.1971217 0.1997175 0.0595438 0.0386429 0.0639333 
NM_001372078_1_Homo_sapiens_REV3_like_DNA_directed_polymerase_zeta_catalytic_subunit_REV3L_transcript_variant_4_mRNA_1                                     0.1030113 0.0059594 0.0485084 0.0606378 0.0000000 0.0675952 0.0572933 0.0565624 0.0718418 0.0019618 0.0554125 0.0660522 0.0608712 0.1221771 0.0688642 0.0935566 0.0226374 0.1372041 0.0059594 0.0771020 0.1486708 0.0896919 0.0862295 0.0749699 0.0733706 0.1378108 0.0987935 0.8645005 0.1506062 0.0717677 0.0988348 0.0830543 0.1060399 0.0756230 0.1129680 0.0741061 0.0980535 0.0881039 0.0837983 0.0793624 0.0702973 0.0729665 0.0687120 0.2415938 0.0508551 0.0793007 0.0770717 0.0806367 0.0508551 0.0533161 0.0509378 0.0506796 0.0510323 0.0509251 0.0594996 0.0594996 0.0488285 0.0533161 0.0587423 0.0509277 0.0485084 0.0486340 0.0532537 0.0532537 0.0530168 0.0829680 0.0600841 0.0675952 0.0625103 0.0655443 0.0650249 0.0462172 0.0462058 0.0506796 0.0534860 0.0558968 0.0462172 0.0674826 0.0661299 0.0573575 0.0674826 0.0534860 0.0550240 0.0550488 0.0550488 0.0549735 0.0558968 0.0599056 0.0573575 0.0850203 0.0526520 0.0704706 0.0534046 0.0692148 0.0800670 0.0556201 0.0769910 0.0636379 0.0613824 0.0689803 0.0536645 0.0675889 0.0615188 0.0710894 0.0550240 0.0526520 0.0867002 0.0712999 0.0635265 0.0746287 0.0688642 0.0386202 0.0744112 0.1149246 0.1051007 0.0100090 0.0100090 0.0079796 0.0079786 0.0162287 0.0039401 0.0079786 0.0631601 0.0100143 0.0019618 0.0100090 0.0079500 0.0080022 0.0100436 0.0452362 0.0247218 0.0227717 0.0206165 0.0926057 0.0430521 0.0359426 0.0657014 0.0917059 0.1360757 0.0990938 0.0797736 0.0609725 0.0418045 0.2090047 0.1945312 0.0620640 0.0531447 0.0792737 
XM_024996589_1_PREDICTED_Bos_taurus_REV3_like_DNA_directed_polymerase_zeta_catalytic_subunit_REV3L_transcript_variant_X1_mRNA_1                            0.1113485 0.0647174 0.0480990 0.0550819 0.0675952 0.0000000 0.0783246 0.0560714 0.0681167 0.0650572 0.0501004 0.0912225 0.0761732 0.1511037 0.0688233 0.1019408 0.0628896 0.1439017 0.0647174 0.0733598 0.1486837 0.1103365 0.0828771 0.0990496 0.0867823 0.1364332 0.0920824 0.8645005 0.1450740 0.0698356 0.1144830 0.1117378 0.1421607 0.0984583 0.1385755 0.0955341 0.1193008 0.1198626 0.0762736 0.0876499 0.0884768 0.0912728 0.0897892 0.2546556 0.0388681 0.0721085 0.0908429 0.0914997 0.0388681 0.0412173 0.0505058 0.0501741 0.0457891 0.0389202 0.0589776 0.0589776 0.0436165 0.0412173 0.0483924 0.0504958 0.0480990 0.0509778 0.0479688 0.0479688 0.0456395 0.0332903 0.0059327 0.0000010 0.0039390 0.0000010 0.0099614 0.0485486 0.0485366 0.0501741 0.0529588 0.0553421 0.0485486 0.0119920 0.0121516 0.0451324 0.0119920 0.0529588 0.0428872 0.0429054 0.0429054 0.0475466 0.0553421 0.0429133 0.0451324 0.0908974 0.0406142 0.0772433 0.0629147 0.0655569 0.0962910 0.0433478 0.0680890 0.0602367 0.0580110 0.0603835 0.0514440 0.0561582 0.0580541 0.0625764 0.0428872 0.0406142 0.0966160 0.0667801 0.0641910 0.0754033 0.0688233 0.0533409 0.0707325 0.1077078 0.0936860 0.0697183 0.0697183 0.0672387 0.0622868 0.0673183 0.0675952 0.0622868 0.0609199 0.0647769 0.0650572 0.0697183 0.0703787 0.0681923 0.0657060 0.0958570 0.0724020 0.0704828 0.0705906 0.1085141 0.0558970 0.0504147 0.0814668 0.0974774 0.1406267 0.0986522 0.0737172 0.0743605 0.0531204 0.2365224 0.2510806 0.0615168 0.0527058 0.0680602 
XM_040758199_1_PREDICTED_Mesocricetus_auratus_REV3_like_DNA_directed_polymerase_zeta_catalytic_subunit_Rev3l_transcript_variant_X1_mRNA_1                  0.0586547 0.0601768 0.0685833 0.0764475 0.0572933 0.0783246 0.0000000 0.0834536 0.0945166 0.0547620 0.0760517 0.0730038 0.0487104 0.0762329 0.0845081 0.0632557 0.0599335 0.1476847 0.0601768 0.0889345 0.1550062 0.1088681 0.0927878 0.0664292 0.0248065 0.1468967 0.0464936 0.8645005 0.1651378 0.0637332 0.0532898 0.0497662 0.0751602 0.0687972 0.0660640 0.0290548 0.1118117 0.0452968 0.0630673 0.0665102 0.0782110 0.0809461 0.0246858 0.2674471 0.0688651 0.0694443 0.0316593 0.0922313 0.0688651 0.0715874 0.0712758 0.0761921 0.0692588 0.0689672 0.0869033 0.0869033 0.0690667 0.0715874 0.0800644 0.0712587 0.0685833 0.0713538 0.0716644 0.0716644 0.0690436 0.0854171 0.0702853 0.0783246 0.0728698 0.0762039 0.0755604 0.0707788 0.0686464 0.0761921 0.0719950 0.0746416 0.0707788 0.0781791 0.0731115 0.0756190 0.0781791 0.0719950 0.0730881 0.0731252 0.0731252 0.0730180 0.0746416 0.0784453 0.0756190 0.0936379 0.0704999 0.0899360 0.0706270 0.0916065 0.1131543 0.0739149 0.0823445 0.0765516 0.0742237 0.0801573 0.0726742 0.0844414 0.0831006 0.0737321 0.0730881 0.0704999 0.1066345 0.0903722 0.0785761 0.0910418 0.0845081 0.0471175 0.0860364 0.1409212 0.1283875 0.0653212 0.0653212 0.0627677 0.0576748 0.0681184 0.0572933 0.0576748 0.0793770 0.0602343 0.0547620 0.0653212 0.0600510 0.0628963 0.0603734 0.0888106 0.0644240 0.0573932 0.0598803 0.1057204 0.0672206 0.0591299 0.0891000 0.1082899 0.1457083 0.1179043 0.0894843 0.0742864 0.0664568 0.2628863 0.2210989 0.0898022 0.0683868 0.0945570 
XM_004753515_2_PREDICTED_Mustela_putorius_furo_REV3_like_polymerase_DNA_directed_zeta_catalytic_subunit_REV3L_transcript_variant_X1_mRNA_1                 0.1154258 0.0537798 0.0271692 0.0541148 0.0565624 0.0560714 0.0834536 0.0000000 0.0491458 0.0540564 0.0273386 0.0821966 0.0756033 0.1468252 0.0576479 0.0919031 0.0489780 0.1324131 0.0537798 0.0695457 0.1439767 0.1036159 0.0794325 0.0926350 0.1015658 0.1316321 0.1050952 0.8645005 0.1349300 0.0776261 0.1163736 0.1155391 0.1434447 0.0975402 0.1404375 0.0956200 0.1127779 0.1242865 0.0705199 0.0817455 0.0825101 0.0853275 0.0897091 0.2282314 0.0249505 0.0730620 0.0954086 0.0855522 0.0249505 0.0271517 0.0293843 0.0249257 0.0162567 0.0270177 0.0039342 0.0039342 0.0184422 0.0271517 0.0294619 0.0293795 0.0271692 0.0272498 0.0204754 0.0204754 0.0226166 0.0711472 0.0535578 0.0560714 0.0511099 0.0539891 0.0535687 0.0250464 0.0250407 0.0249257 0.0395945 0.0419283 0.0250464 0.0559843 0.0568394 0.0466506 0.0559843 0.0395945 0.0443282 0.0443476 0.0443476 0.0491521 0.0419283 0.0491521 0.0466506 0.0861965 0.0467379 0.0628976 0.0443088 0.0467080 0.0806215 0.0448183 0.0543072 0.0488601 0.0470999 0.0544278 0.0351739 0.0476535 0.0395498 0.0538596 0.0443282 0.0467379 0.0860966 0.0549350 0.0524109 0.0632390 0.0576479 0.0594764 0.0669114 0.1136032 0.1026814 0.0559048 0.0559048 0.0562700 0.0513689 0.0613998 0.0565624 0.0513689 0.0422856 0.0538302 0.0540564 0.0587285 0.0586317 0.0621056 0.0596061 0.1064080 0.0665689 0.0624487 0.0596324 0.1202866 0.0620330 0.0540929 0.0873985 0.0687873 0.1290029 0.0864350 0.0542750 0.0591113 0.0396388 0.2172208 0.2254989 0.0059261 0.0368055 0.0588808 
XM_015600069_2_PREDICTED_Pteropus_alecto_REV3_like_DNA_directed_polymerase_zeta_catalytic_subunit_REV3L_transcript_variant_X1_mRNA_1                       0.1238375 0.0688398 0.0441587 0.0611430 0.0718418 0.0681167 0.0945166 0.0491458 0.0000000 0.0692148 0.0436123 0.0943452 0.0862813 0.1446607 0.0537849 0.1116368 0.0721436 0.1389753 0.0688398 0.0768551 0.1478646 0.1329030 0.1071274 0.1074340 0.1131329 0.1423046 0.1048584 0.8645005 0.1423782 0.0852870 0.1314401 0.1177644 0.1521729 0.1139925 0.1320462 0.1068770 0.1452888 0.1201385 0.0929766 0.0902373 0.0994574 0.1024065 0.1068770 0.2955680 0.0366083 0.0905705 0.1119067 0.1026510 0.0366083 0.0389419 0.0465674 0.0532667 0.0461275 0.0412789 0.0540208 0.0540208 0.0439401 0.0389419 0.0488289 0.0465584 0.0441587 0.0568741 0.0488735 0.0488735 0.0465036 0.0836242 0.0655093 0.0681167 0.0629878 0.0660515 0.0655238 0.0543647 0.0543508 0.0532667 0.0512626 0.0536623 0.0543647 0.0680020 0.0690589 0.0535451 0.0680020 0.0512626 0.0511975 0.0512205 0.0512205 0.0560964 0.0536623 0.0533191 0.0535451 0.1014565 0.0536449 0.0648628 0.0611767 0.0019618 0.0903307 0.0517604 0.0554892 0.0479268 0.0461397 0.0385092 0.0371764 0.0367093 0.0079471 0.0475417 0.0511975 0.0536449 0.0873350 0.0588082 0.0513293 0.0619068 0.0537849 0.0726087 0.0741764 0.1147345 0.1070999 0.0688735 0.0688735 0.0714488 0.0663292 0.0768512 0.0718418 0.0663292 0.0415240 0.0689045 0.0692148 0.0740115 0.0747303 0.0777519 0.0751493 0.1178780 0.0841950 0.0801124 0.0802255 0.1285008 0.0686837 0.0640405 0.0802164 0.0903966 0.1279524 0.1061228 0.0648651 0.0648135 0.0540356 0.2197828 0.2279945 0.0565168 0.0509318 0.0769222 
XM_016956167_2_PREDICTED_Pan_troglodytes_REV3_like_DNA_directed_polymerase_zeta_catalytic_subunit_REV3L_transcript_variant_X1_mRNA_1                       0.1022116 0.0039561 0.0460993 0.0581315 0.0019618 0.0650572 0.0547620 0.0540564 0.0692148 0.0000000 0.0529653 0.0635016 0.0583644 0.1212654 0.0662754 0.0906952 0.0204917 0.1339180 0.0039561 0.0744310 0.1452597 0.0925647 0.0835406 0.0723104 0.0706985 0.1345030 0.0958250 0.8645005 0.1471942 0.0691476 0.0980704 0.0824103 0.1052392 0.0729288 0.1121139 0.0714075 0.1009839 0.0874112 0.0810433 0.0766942 0.0676493 0.0702973 0.0660573 0.2415938 0.0484280 0.0766351 0.0743341 0.0779197 0.0484280 0.0508677 0.0485084 0.0482640 0.0486003 0.0484944 0.0569566 0.0569566 0.0464025 0.0508677 0.0562332 0.0484989 0.0460993 0.0462172 0.0508106 0.0508106 0.0505820 0.0803132 0.0576070 0.0650572 0.0600161 0.0630060 0.0625103 0.0438208 0.0438100 0.0482640 0.0510321 0.0534254 0.0438208 0.0649508 0.0635700 0.0549120 0.0649508 0.0510321 0.0525933 0.0526167 0.0526167 0.0525451 0.0534254 0.0574363 0.0549120 0.0823068 0.0502383 0.0699081 0.0509514 0.0666094 0.0802981 0.0531626 0.0743369 0.0611000 0.0588463 0.0663851 0.0512030 0.0649642 0.0589755 0.0685009 0.0525933 0.0502383 0.0839134 0.0686936 0.0609849 0.0719728 0.0662754 0.0363177 0.0717629 0.1118541 0.1021394 0.0079733 0.0079733 0.0059594 0.0059586 0.0141397 0.0019618 0.0059586 0.0606368 0.0079776 0.0000010 0.0079733 0.0059375 0.0059764 0.0080011 0.0411622 0.0225653 0.0206135 0.0184758 0.0898476 0.0407243 0.0336851 0.0682811 0.0888956 0.1328066 0.0983227 0.0770769 0.0584531 0.0394272 0.2074348 0.1907097 0.0594996 0.0507032 0.0765964 
XM_034668992_1_PREDICTED_Ailuropoda_melanoleuca_REV3_like_DNA_directed_polymerase_zeta_catalytic_subunit_REV3L_transcript_variant_X1_mRNA_1                0.0915406 0.0527008 0.0225428 0.0409639 0.0554125 0.0501004 0.0760517 0.0273386 0.0436123 0.0529653 0.0000000 0.0785644 0.0659032 0.1206309 0.0440660 0.0868135 0.0500063 0.1407672 0.0527008 0.0553511 0.1454432 0.0949167 0.0844107 0.0877471 0.0933324 0.1334008 0.0910197 0.8645005 0.1483281 0.0729260 0.0944501 0.0978221 0.1236346 0.0805081 0.1147182 0.0819867 0.1033335 0.1056668 0.0726272 0.0769629 0.0723916 0.0750639 0.0764407 0.2179128 0.0226031 0.0635789 0.0918810 0.0752681 0.0226031 0.0247680 0.0204020 0.0079266 0.0204496 0.0269415 0.0297807 0.0297807 0.0183974 0.0247680 0.0270329 0.0246931 0.0225428 0.0292912 0.0224861 0.0224861 0.0246307 0.0596990 0.0476922 0.0501004 0.0453384 0.0480619 0.0477012 0.0270839 0.0270778 0.0079266 0.0317962 0.0295557 0.0270839 0.0500280 0.0507673 0.0339969 0.0500280 0.0317962 0.0363023 0.0363171 0.0363171 0.0408917 0.0295557 0.0408917 0.0339969 0.0842923 0.0385945 0.0538878 0.0456168 0.0460019 0.0842358 0.0366943 0.0411137 0.0385710 0.0343100 0.0411877 0.0300362 0.0442383 0.0389571 0.0407852 0.0363023 0.0385945 0.0680267 0.0415524 0.0438702 0.0491981 0.0440660 0.0532806 0.0528919 0.0901701 0.0804708 0.0575344 0.0575344 0.0551329 0.0503444 0.0601389 0.0554125 0.0503444 0.0389299 0.0527492 0.0529653 0.0575344 0.0574392 0.0608152 0.0583749 0.1014612 0.0622586 0.0631829 0.0604296 0.1024619 0.0530562 0.0409230 0.0769587 0.0754208 0.1230994 0.0957021 0.0633852 0.0588513 0.0388709 0.2016115 0.2118663 0.0320436 0.0361049 0.0679939 
XM_006157005_3_PREDICTED_Tupaia_chinensis_REV3_like_DNA_directed_polymerase_zeta_catalytic_subunit_REV3L_transcript_variant_X3_mRNA_1                      0.1152976 0.0638346 0.0734202 0.0721096 0.0660522 0.0912225 0.0730038 0.0821966 0.0943452 0.0635016 0.0785644 0.0000000 0.0864520 0.1339247 0.0903978 0.1053563 0.0608554 0.1512192 0.0638346 0.0995295 0.1585247 0.1245424 0.1006971 0.0834465 0.0845010 0.1504417 0.1095791 0.8645005 0.1518472 0.0848552 0.1110731 0.0966712 0.1229570 0.0933735 0.1219526 0.0896776 0.1386398 0.1045566 0.1040958 0.0953064 0.0983063 0.1012180 0.0896776 0.2917960 0.0737171 0.0931977 0.0931019 0.1132051 0.0737171 0.0764495 0.0761217 0.0751276 0.0739306 0.0705428 0.0855553 0.0855553 0.0716256 0.0764495 0.0849610 0.0761031 0.0734202 0.0789732 0.0763244 0.0763244 0.0737086 0.1038599 0.0829756 0.0912225 0.0856137 0.0891396 0.0883718 0.0762432 0.0762225 0.0751276 0.0766680 0.0793078 0.0762432 0.0910411 0.0899412 0.0753383 0.0910411 0.0766680 0.0676490 0.0728672 0.0728672 0.0727614 0.0793078 0.0781369 0.0753383 0.1070656 0.0673615 0.0832281 0.0821128 0.0914682 0.1140659 0.0736474 0.0872112 0.0706732 0.0677970 0.0849096 0.0712882 0.0836819 0.0830502 0.0839157 0.0676490 0.0673615 0.1124426 0.0904232 0.0845496 0.0968741 0.0903978 0.0637450 0.0965862 0.1435614 0.1312346 0.0689278 0.0689278 0.0664020 0.0613587 0.0615431 0.0609558 0.0613587 0.0778261 0.0588972 0.0635016 0.0689278 0.0636960 0.0665305 0.0640348 0.1072624 0.0652520 0.0583640 0.0557987 0.0982817 0.0768379 0.0656289 0.1031583 0.0963416 0.1580348 0.1146113 0.0841079 0.0698735 0.0624521 0.2603212 0.2501172 0.0883801 0.0762107 0.0946385 
XM_013069186_2_PREDICTED_Heterocephalus_glaber_REV3_like_DNA_directed_polymerase_zeta_catalytic_subunit_Rev3l_transcript_variant_X1_mRNA_1                 0.0888269 0.0580647 0.0537872 0.0669400 0.0608712 0.0761732 0.0487104 0.0756033 0.0862813 0.0583644 0.0659032 0.0864520 0.0000000 0.1180527 0.0787793 0.0878799 0.0683463 0.1507864 0.0580647 0.0754980 0.1542727 0.1054140 0.0965690 0.0695417 0.0692401 0.1462175 0.0845842 0.8645005 0.1548153 0.0664284 0.0947118 0.0878089 0.1081041 0.0736336 0.1064937 0.0690957 0.1141176 0.0856218 0.0385453 0.0311678 0.0608996 0.0634294 0.0639026 0.2601736 0.0590365 0.0355583 0.0756934 0.0738693 0.0590365 0.0565171 0.0562756 0.0710831 0.0614348 0.0641407 0.0788391 0.0788391 0.0642268 0.0565171 0.0695239 0.0513777 0.0537872 0.0671023 0.0637182 0.0637182 0.0612443 0.0920403 0.0684035 0.0761732 0.0709046 0.0741105 0.0735052 0.0645043 0.0644875 0.0710831 0.0669541 0.0694821 0.0645043 0.0760375 0.0772387 0.0634636 0.0760375 0.0669541 0.0660567 0.0660884 0.0660884 0.0659952 0.0694821 0.0711652 0.0634636 0.1038134 0.0635820 0.0818510 0.0669841 0.0835183 0.1096398 0.0667826 0.0829696 0.0744423 0.0670239 0.0725187 0.0626503 0.0711582 0.0754310 0.0717202 0.0660567 0.0635820 0.1096156 0.0813378 0.0731428 0.0849381 0.0787793 0.0515463 0.0782041 0.1359937 0.1240877 0.0630102 0.0630102 0.0605554 0.0556567 0.0624679 0.0608712 0.0556567 0.0725711 0.0581184 0.0583644 0.0630102 0.0636086 0.0664400 0.0639466 0.1174894 0.0706787 0.0687431 0.0661836 0.0904670 0.0612393 0.0534346 0.0937316 0.1086369 0.1635042 0.1256393 0.0889795 0.0842780 0.0670806 0.2351744 0.2279146 0.0815840 0.0664361 0.0859291 
XM_006256524_2_PREDICTED_Rattus_norvegicus_REV3_like_DNA_directed_polymerase_zeta_catalytic_subunit_Rev3l_transcript_variant_X1_mRNA_1                     0.0680276 0.1282827 0.1246131 0.1311965 0.1221771 0.1511037 0.0762329 0.1468252 0.1446607 0.1212654 0.1206309 0.1339247 0.1180527 0.0000000 0.1333913 0.1273748 0.1301252 0.2046448 0.1282827 0.1398832 0.1906277 0.1593629 0.1688459 0.1299343 0.0813385 0.1863905 0.1019654 2.2019620 0.2173690 0.1332059 0.0685710 0.0614161 0.0861759 0.1218047 0.0078203 0.0800344 0.1624514 0.0703682 0.1389903 0.1407733 0.1371308 0.1404034 0.0747867 0.3242492 0.1251117 0.1446257 0.0911884 0.1537998 0.1251117 0.1283391 0.1277888 0.1270093 0.1276407 0.1315084 0.1511555 0.1511555 0.1317978 0.1283391 0.1385501 0.1277463 0.1246131 0.1296418 0.1303496 0.1303496 0.1335109 0.1497941 0.1412608 0.1511037 0.1443226 0.1490870 0.1449560 0.1328644 0.1264458 0.1270093 0.1311408 0.1279838 0.1328644 0.1480396 0.1447008 0.1347846 0.1480396 0.1311408 0.1316554 0.1317391 0.1317391 0.1315287 0.1279838 0.1317830 0.1347846 0.1479994 0.1286728 0.1337989 0.1311664 0.1413378 0.1756261 0.1396776 0.1381224 0.1399282 0.1266552 0.1347274 0.1327131 0.1471409 0.1446085 0.1214060 0.1316554 0.1286728 0.1417329 0.1413677 0.1342300 0.1426130 0.1333913 0.1229444 0.1365255 0.1855036 0.1822682 0.1344382 0.1344382 0.1314155 0.1253337 0.1380600 0.1243243 0.1253337 0.1395234 0.1284059 0.1212654 0.1344382 0.1203631 0.1315595 0.1285933 0.1752995 0.1230288 0.1270741 0.1300102 0.1454215 0.1219776 0.1087664 0.1519241 0.1666364 0.1909322 0.1875837 0.1556846 0.1329934 0.1349105 0.2862158 0.2639316 0.1545937 0.1367375 0.1605643 
XM_005883745_2_PREDICTED_Myotis_brandtii_REV3_like_polymerase_DNA_directed_zeta_catalytic_subunit_REV3L_transcript_variant_X1_mRNA_1                       0.1219990 0.0659221 0.0440944 0.0533222 0.0688642 0.0688233 0.0845081 0.0576479 0.0537849 0.0662754 0.0440660 0.0903978 0.0787793 0.1333913 0.0000000 0.1180515 0.0623427 0.1435717 0.0659221 0.0724150 0.1480023 0.1308635 0.1058803 0.1039767 0.1028502 0.1425201 0.1066641 0.8645005 0.1508495 0.0920067 0.1253871 0.1156989 0.1396381 0.1038304 0.1249808 0.0991300 0.1402612 0.1157968 0.0829499 0.0851970 0.1005718 0.1035575 0.0931346 0.2703319 0.0395496 0.0910805 0.1014684 0.1038055 0.0395496 0.0419417 0.0465040 0.0488993 0.0492432 0.0443360 0.0606406 0.0606406 0.0470221 0.0419417 0.0493280 0.0464950 0.0440944 0.0568187 0.0514780 0.0514780 0.0518304 0.0824332 0.0661857 0.0688233 0.0636363 0.0667395 0.0662005 0.0543065 0.0542927 0.0488993 0.0495258 0.0519406 0.0543065 0.0687057 0.0697847 0.0568340 0.0687057 0.0495258 0.0544398 0.0544649 0.0544649 0.0594465 0.0519406 0.0565932 0.0568340 0.0881764 0.0541950 0.0657250 0.0595906 0.0513190 0.0981028 0.0550455 0.0568991 0.0540787 0.0443318 0.0485039 0.0276206 0.0469014 0.0440821 0.0488083 0.0544398 0.0541950 0.0411955 0.0161431 0.0059250 0.0100539 0.0000010 0.0733851 0.0697465 0.1171713 0.1060506 0.0710216 0.0710216 0.0684935 0.0634445 0.0717542 0.0688642 0.0634445 0.0344090 0.0659837 0.0662754 0.0710216 0.0688822 0.0746688 0.0721014 0.1155577 0.0742599 0.0701442 0.0702559 0.1236391 0.0694012 0.0647101 0.0845388 0.0846714 0.1235803 0.1089936 0.0771847 0.0724872 0.0512606 0.2131531 0.2078163 0.0632476 0.0541578 0.0819452 
XM_008852401_2_PREDICTED_Nannospalax_galili_REV3_like_DNA_directed_polymerase_zeta_catalytic_subunit_Rev3l_transcript_variant_X1_mRNA_1                    0.0879491 0.0901540 0.0846672 0.0944786 0.0935566 0.1019408 0.0632557 0.0919031 0.1116368 0.0906952 0.0868135 0.1053563 0.0878799 0.1273748 0.1180515 0.0000000 0.0815045 0.1560759 0.0901540 0.1167743 0.1781432 0.1486320 0.1172383 0.0999266 0.0739939 0.1621351 0.0845679 1.3054637 0.1747205 0.0831604 0.0903978 0.0908135 0.1170176 0.1011305 0.1155736 0.0791851 0.1516936 0.0937656 0.0954293 0.1082796 0.0756207 0.0783300 0.0738511 0.2324253 0.0850084 0.0908542 0.0807168 0.0844351 0.0850084 0.0878548 0.0874784 0.0924992 0.0931446 0.0849862 0.0954511 0.0954511 0.0908291 0.0878548 0.0967530 0.0874552 0.0846672 0.0929863 0.0956384 0.0956384 0.0928872 0.1014413 0.0932725 0.1019408 0.0960311 0.0998281 0.0989282 0.0901422 0.0901170 0.0924992 0.1037052 0.1007558 0.0901422 0.1017206 0.0963271 0.0839015 0.1017206 0.1037052 0.0867357 0.0867823 0.0867823 0.0922897 0.1007558 0.0922897 0.0839015 0.1495946 0.0840625 0.1152437 0.1036642 0.1085524 0.1397383 0.0877189 0.1067777 0.0945335 0.0923834 0.0928318 0.0929803 0.1034406 0.1017453 0.0971780 0.0867357 0.0840625 0.1449651 0.1245031 0.1115181 0.1255540 0.1180515 0.0902260 0.1136210 0.1576938 0.1477507 0.0957631 0.0957631 0.0929933 0.0874443 0.0989202 0.0935566 0.0874443 0.0975924 0.0902410 0.0906952 0.0957631 0.0967321 0.1001388 0.0973295 0.1100504 0.0957013 0.0971577 0.0965023 0.1193819 0.0969961 0.0822890 0.1260789 0.1351521 0.1811724 0.1473026 0.1040141 0.1015300 0.0834684 0.2635076 0.2504712 0.0984023 0.0915229 0.1199071 
XM_035296530_1_PREDICTED_Callithrix_jacchus_REV3_like_DNA_directed_polymerase_zeta_catalytic_subunit_REV3L_transcript_variant_X1_mRNA_1                    0.1025291 0.0205784 0.0432505 0.0558745 0.0226374 0.0628896 0.0599335 0.0489780 0.0721436 0.0204917 0.0500063 0.0608554 0.0683463 0.1301252 0.0623427 0.0815045 0.0000000 0.1416333 0.0205784 0.0744526 0.1533011 0.0954363 0.0777728 0.0753531 0.0761782 0.1408624 0.0961262 0.8645005 0.1584366 0.0721898 0.0983705 0.0934259 0.1172323 0.0756171 0.1183078 0.0760331 0.1059973 0.0988321 0.0751538 0.0872671 0.0727615 0.0754435 0.0706385 0.2322322 0.0434250 0.0762102 0.0745560 0.0778097 0.0434250 0.0458075 0.0456129 0.0433852 0.0457007 0.0434835 0.0517929 0.0517929 0.0435311 0.0458075 0.0531696 0.0456043 0.0432505 0.0433582 0.0478771 0.0478771 0.0455514 0.0760631 0.0554622 0.0628896 0.0578661 0.0608303 0.0603527 0.0410084 0.0409986 0.0433852 0.0537211 0.0561405 0.0410084 0.0627879 0.0613776 0.0527836 0.0627879 0.0537211 0.0504681 0.0504904 0.0504904 0.0552975 0.0561405 0.0552975 0.0527836 0.0932157 0.0481181 0.0837783 0.0637304 0.0695078 0.0889310 0.0510163 0.0668585 0.0589165 0.0566557 0.0641738 0.0521949 0.0627221 0.0617854 0.0663031 0.0504681 0.0481181 0.0877753 0.0647743 0.0570390 0.0680336 0.0623427 0.0455438 0.0717822 0.1218693 0.1117632 0.0248881 0.0248881 0.0227343 0.0227309 0.0315375 0.0226374 0.0227309 0.0597420 0.0249009 0.0204917 0.0248881 0.0205655 0.0227931 0.0249682 0.0217249 0.0140974 0.0101462 0.0100770 0.0895646 0.0453569 0.0381848 0.0712776 0.0922366 0.1302621 0.1078006 0.0802397 0.0613349 0.0372908 0.2317260 0.2132810 0.0542833 0.0485608 0.0797346 
XM_031964400_1_PREDICTED_Sarcophilus_harrisii_REV3_like_DNA_directed_polymerase_zeta_catalytic_subunit_REV3L_transcript_variant_X1_mRNA_1                  0.1858929 0.1415572 0.1350027 0.1321262 0.1372041 0.1439017 0.1476847 0.1324131 0.1389753 0.1339180 0.1407672 0.1512192 0.1507864 0.2046448 0.1435717 0.1560759 0.1416333 0.0000000 0.1415572 0.1458869 0.0365039 0.1866401 0.1408996 0.1620972 0.1553828 0.0414870 0.1618538 0.8645005 0.0496910 0.1373230 0.1818162 0.1627077 0.1994340 0.1535307 0.1900584 0.1498104 0.1929436 0.1595233 0.1678071 0.1590832 0.1643931 0.1607337 0.1498104 0.3714954 0.1266138 0.1532812 0.1563489 0.1715992 0.1266138 0.1298578 0.1383089 0.1475838 0.1354542 0.1330414 0.1352553 0.1352553 0.1346783 0.1298578 0.1375188 0.1382599 0.1350027 0.1416877 0.1382497 0.1382497 0.1351347 0.1578518 0.1339589 0.1439017 0.1370622 0.1418094 0.1431311 0.1383524 0.1383086 0.1475838 0.1390977 0.1422434 0.1383524 0.1398585 0.1394021 0.1380550 0.1398585 0.1390977 0.1327398 0.1351650 0.1351650 0.1349412 0.1422434 0.1375427 0.1380550 0.1477340 0.1322959 0.1371264 0.1259207 0.1356624 0.1396591 0.1367017 0.1476125 0.1443775 0.1376546 0.1223882 0.1285612 0.1193506 0.1325518 0.1362889 0.1327398 0.1322959 0.1470089 0.1436170 0.1403091 0.1512558 0.1435717 0.1428509 0.1424399 0.1981553 0.1902927 0.1481654 0.1481654 0.1449260 0.1384009 0.1497460 0.1372041 0.1384009 0.1404863 0.1393429 0.1339180 0.1481654 0.1408830 0.1450679 0.1418938 0.1845947 0.1426354 0.1448005 0.1448855 0.1844047 0.1431113 0.1377095 0.1538117 0.1417288 0.2098010 0.1459457 0.1453841 0.1291729 0.1145527 0.2382223 0.2246065 0.1386273 0.1345389 0.1440035 
XM_015448392_1_PREDICTED_Macaca_fascicularis_REV3_like_DNA_directed_polymerase_zeta_catalytic_subunit_REV3L_transcript_variant_X1_mRNA_1                   0.1015782 0.0000010 0.0458740 0.0578331 0.0059594 0.0647174 0.0601768 0.0537798 0.0688398 0.0039561 0.0527008 0.0638346 0.0580647 0.1282827 0.0659221 0.0901540 0.0205784 0.1415572 0.0000000 0.0740197 0.1532809 0.0989614 0.0894707 0.0727079 0.0765131 0.1421979 0.0952308 0.8645005 0.1461324 0.0748394 0.1045654 0.0884063 0.1118097 0.0788070 0.1189197 0.0772847 0.1075585 0.0936613 0.0805797 0.0762703 0.0672805 0.0699093 0.0718060 0.2360284 0.0481890 0.0762119 0.0803158 0.0774801 0.0481890 0.0506140 0.0482688 0.0480269 0.0483599 0.0482547 0.0566603 0.0566603 0.0461740 0.0506140 0.0559446 0.0482594 0.0458740 0.0459905 0.0505577 0.0505577 0.0503312 0.0798706 0.0573148 0.0647174 0.0597090 0.0626774 0.0621873 0.0436081 0.0435975 0.0480269 0.0507769 0.0531559 0.0436081 0.0646123 0.0632354 0.0546375 0.0646123 0.0507769 0.0523323 0.0523554 0.0523554 0.0522847 0.0531559 0.0571452 0.0546375 0.0882845 0.0499913 0.0695256 0.0506968 0.0662520 0.0798437 0.0528959 0.0739287 0.0607817 0.0585405 0.0660303 0.0509462 0.0646136 0.0586681 0.0681352 0.0523323 0.0499913 0.0900648 0.0631942 0.0606668 0.0715780 0.0659221 0.0411462 0.0713704 0.1111328 0.1015060 0.0039369 0.0039369 0.0019617 0.0019615 0.0099718 0.0059594 0.0019615 0.0603228 0.0039390 0.0039561 0.0039369 0.0059606 0.0059999 0.0080329 0.0415010 0.0226615 0.0207013 0.0185537 0.0903651 0.0456280 0.0384041 0.0738883 0.0951310 0.1403984 0.1048674 0.0766464 0.0638640 0.0392381 0.2093772 0.2000994 0.0591869 0.0504510 0.0761716 
XM_023650934_1_PREDICTED_Equus_caballus_REV3_like_DNA_directed_polymerase_zeta_catalytic_subunit_REV3L_transcript_variant_X1_mRNA_1                        0.1266284 0.0740197 0.0532556 0.0582135 0.0771020 0.0733598 0.0889345 0.0695457 0.0768551 0.0744310 0.0553511 0.0995295 0.0754980 0.1398832 0.0724150 0.1167743 0.0744526 0.1458869 0.0740197 0.0000000 0.1507799 0.1361173 0.1074760 0.1109136 0.1012395 0.1473994 0.1089433 0.8645005 0.1536617 0.0877350 0.1303078 0.1033731 0.1432607 0.1080946 0.1272859 0.1038035 0.1285999 0.1168426 0.1005130 0.0926062 0.0938632 0.0967774 0.0977783 0.2318903 0.0514294 0.0899336 0.1085561 0.0994551 0.0514294 0.0539157 0.0557212 0.0603188 0.0558201 0.0563981 0.0674818 0.0674818 0.0564687 0.0539157 0.0616152 0.0557097 0.0532556 0.0613014 0.0580604 0.0580604 0.0556440 0.0784528 0.0656399 0.0733598 0.0681272 0.0712906 0.0705947 0.0587700 0.0587550 0.0603188 0.0560566 0.0584857 0.0587700 0.0680308 0.0690905 0.0507240 0.0680308 0.0560566 0.0581597 0.0532258 0.0532258 0.0581057 0.0584857 0.0631442 0.0507240 0.1106572 0.0557403 0.0837479 0.0689050 0.0741960 0.1025445 0.0537839 0.0737412 0.0707228 0.0634321 0.0688061 0.0567655 0.0674158 0.0664086 0.0731305 0.0581597 0.0557403 0.1011087 0.0695725 0.0721131 0.0783474 0.0724150 0.0726522 0.0019550 0.1157690 0.1108040 0.0792728 0.0792728 0.0766719 0.0714730 0.0821747 0.0771020 0.0714730 0.0664409 0.0740895 0.0744310 0.0740568 0.0800468 0.0831463 0.0805056 0.1258158 0.0874583 0.0801697 0.0802830 0.1261905 0.0746003 0.0662945 0.0976394 0.1007514 0.1551498 0.1269671 0.0904449 0.0802648 0.0584196 0.2322560 0.2325777 0.0701186 0.0508635 0.0843573 
XM_036766364_1_PREDICTED_Trichosurus_vulpecula_REV3_like_DNA_directed_polymerase_zeta_catalytic_subunit_REV3L_transcript_variant_X1_mRNA_1                 0.1795845 0.1532809 0.1395956 0.1365783 0.1486708 0.1486837 0.1550062 0.1439767 0.1478646 0.1452597 0.1454432 0.1585247 0.1542727 0.1906277 0.1480023 0.1781432 0.1533011 0.0365039 0.1532809 0.1507799 0.0000000 0.1951505 0.1518973 0.1812857 0.1492339 0.0209138 0.1772506 0.8645005 0.0421910 0.1443764 0.1832349 0.1707819 0.2011577 0.1541754 0.1761712 0.1574660 0.2015516 0.1462681 0.1793860 0.1627329 0.1722151 0.1684611 0.1574660 0.3996477 0.1309705 0.1568605 0.1640684 0.1742120 0.1309705 0.1342851 0.1429746 0.1524196 0.1400488 0.1375353 0.1469140 0.1469140 0.1392410 0.1342851 0.1421425 0.1429223 0.1395956 0.1464345 0.1428997 0.1428997 0.1397217 0.1629659 0.1385135 0.1486837 0.1416801 0.1465798 0.1478759 0.1430250 0.1429789 0.1524196 0.1344781 0.1375859 0.1430250 0.1445327 0.1441443 0.1427007 0.1445327 0.1344781 0.1305891 0.1330366 0.1330366 0.1328145 0.1375859 0.1354371 0.1427007 0.1873960 0.1301434 0.1418300 0.1370357 0.1444388 0.1615068 0.1413676 0.1549495 0.1572717 0.1449924 0.1305481 0.1303829 0.1223054 0.1412318 0.1518039 0.1305891 0.1301434 0.1487423 0.1480498 0.1446786 0.1540802 0.1480023 0.1476601 0.1472527 0.2090894 0.2007686 0.1601334 0.1601334 0.1567793 0.1500161 0.1595322 0.1486708 0.1500161 0.1384053 0.1510396 0.1452597 0.1601334 0.1524930 0.1569130 0.1536307 0.2325920 0.1608707 0.1565750 0.1566462 0.1956257 0.1478319 0.1358791 0.1588163 0.1464470 0.2162439 0.1579005 0.1502211 0.1332820 0.1250920 0.2197837 0.2062000 0.1504161 0.1459238 0.1445864 
XM_040983897_1_PREDICTED_Ochotona_curzoniae_REV3_like_DNA_directed_polymerase_zeta_catalytic_subunit_REV3L_transcript_variant_X1_mRNA_1                    0.1385142 0.0989614 0.0927819 0.1033290 0.0896919 0.1103365 0.1088681 0.1036159 0.1329030 0.0925647 0.0949167 0.1245424 0.1054140 0.1593629 0.1308635 0.1486320 0.0954363 0.1866401 0.0989614 0.1361173 0.1951505 0.0000000 0.0960256 0.1117865 0.1249451 0.1932281 0.1513311 0.8645005 0.1988543 0.1271482 0.1367719 0.1364417 0.1633367 0.1115511 0.1527537 0.1345202 0.0226207 0.1253938 0.1230844 0.1215318 0.1152766 0.1184426 0.1309155 0.3961000 0.0989878 0.1028540 0.1278477 0.1337893 0.0989878 0.0960721 0.0899005 0.0913328 0.1040737 0.1015775 0.1072502 0.1072502 0.1017621 0.0960721 0.1052193 0.0956352 0.0927819 0.1051668 0.1066259 0.1066259 0.1037994 0.1310510 0.1130904 0.1103365 0.1100470 0.1112446 0.1191631 0.1021887 0.1021590 0.0913328 0.1006483 0.0977094 0.1021887 0.1100807 0.1181723 0.1093714 0.1100807 0.1006483 0.1102270 0.1125732 0.1125732 0.1123942 0.0977094 0.1186158 0.1093714 0.1263097 0.1073107 0.1289311 0.1188357 0.1296552 0.1295795 0.1138289 0.1204220 0.1153970 0.1105968 0.1197224 0.1116083 0.1252044 0.1230916 0.1190998 0.1102270 0.1073107 0.1292597 0.1339152 0.1240973 0.1387678 0.1308635 0.0851256 0.1327934 0.1528119 0.1466970 0.0988369 0.0988369 0.1019047 0.0961628 0.1036365 0.0954359 0.0961628 0.1170339 0.0968198 0.0925647 0.1047698 0.0986254 0.0963404 0.0935563 0.1358535 0.0929745 0.1001112 0.0994345 0.1327494 0.0938023 0.0792321 0.1166612 0.1408246 0.1963696 0.1652487 0.1355785 0.1219258 0.1070380 0.2756510 0.2266245 0.1102364 0.1084040 0.1345844 
XM_008263376_2_PREDICTED_Oryctolagus_cuniculus_REV3_like_DNA_directed_polymerase_zeta_catalytic_subunit_REV3L_transcript_variant_X1_mRNA_1                 0.1423252 0.0894707 0.0733528 0.0975036 0.0862295 0.0828771 0.0927878 0.0794325 0.1071274 0.0835406 0.0844107 0.1006971 0.0965690 0.1688459 0.1058803 0.1172383 0.0777728 0.1408996 0.0894707 0.1074760 0.1518973 0.0960256 0.0000000 0.0918028 0.1076117 0.1508370 0.1227565 1.1056914 0.1618754 0.0966924 0.1372974 0.1192418 0.1557078 0.1032411 0.1558634 0.1108662 0.0929493 0.1276216 0.0868255 0.1000278 0.1044433 0.1014712 0.1048537 0.3253572 0.0708212 0.0884862 0.1122438 0.1136991 0.0708212 0.0734451 0.0759741 0.0845706 0.0680591 0.0709221 0.0773767 0.0773767 0.0710217 0.0734451 0.0709867 0.0759561 0.0733528 0.0766856 0.0731441 0.0731441 0.0706338 0.0951092 0.0800828 0.0828771 0.0774070 0.0807855 0.0854340 0.0740398 0.0740203 0.0845706 0.0895853 0.0922972 0.0740398 0.0827205 0.0840679 0.0908746 0.0827205 0.0895853 0.0861354 0.0883423 0.0883423 0.0882116 0.0922972 0.0882116 0.0908746 0.1278003 0.0834852 0.1118133 0.0952307 0.1041727 0.1173628 0.0892843 0.0889148 0.0888789 0.0921066 0.1015761 0.0883249 0.0972712 0.0955392 0.1025253 0.0861354 0.0834852 0.1164397 0.1147752 0.0997004 0.1091960 0.1058803 0.0764820 0.1044734 0.1449677 0.1262551 0.0916478 0.0916478 0.0922227 0.0868434 0.0958131 0.0862295 0.0868434 0.0968762 0.0874170 0.0835406 0.0949079 0.0892047 0.0923661 0.0897203 0.1219771 0.0910815 0.0870633 0.0811053 0.1294519 0.0867548 0.0782237 0.1073752 0.1089285 0.1780013 0.1360297 0.1018658 0.0884135 0.0841776 0.2362029 0.2166527 0.0800753 0.0843918 0.1069117 
XM_020168699_1_PREDICTED_Castor_canadensis_REV3_like_DNA_directed_polymerase_zeta_catalytic_subunit_Rev3l_mRNA_1                                           0.1116267 0.0727079 0.0800918 0.0937753 0.0749699 0.0990496 0.0664292 0.0926350 0.1074340 0.0723104 0.0877471 0.0834465 0.0695417 0.1299343 0.1039767 0.0999266 0.0753531 0.1620972 0.0727079 0.1109136 0.1812857 0.1117865 0.0918028 0.0000000 0.0886528 0.1724192 0.0998856 0.8645005 0.1921636 0.0633492 0.1080134 0.1027455 0.1110046 0.0874450 0.1181258 0.0939844 0.1275631 0.1035258 0.0918840 0.0832827 0.0792372 0.0820043 0.0883643 0.2410139 0.0804187 0.0887664 0.0958210 0.0934187 0.0804187 0.0832524 0.0828914 0.0873636 0.0863913 0.0803981 0.0962062 0.0962062 0.0862059 0.0832524 0.0863137 0.0828699 0.0800918 0.0853165 0.0888868 0.0888868 0.0861418 0.1165199 0.0904635 0.0990496 0.0931997 0.0969366 0.0960700 0.0846409 0.0824879 0.0873636 0.0892071 0.0919765 0.0846409 0.0988396 0.0958814 0.0905291 0.0988396 0.0892071 0.0878956 0.0879435 0.0879435 0.0823383 0.0919765 0.0935201 0.0905291 0.1184170 0.0851894 0.1121305 0.0909473 0.1044044 0.1262425 0.0889018 0.1022381 0.0907062 0.0883956 0.1014526 0.0879139 0.1004244 0.0987874 0.0989449 0.0878956 0.0851894 0.1247424 0.1007433 0.0977817 0.1072899 0.1039767 0.0577920 0.1078148 0.1497246 0.1463409 0.0780147 0.0780147 0.0753872 0.0701349 0.0809419 0.0749699 0.0701349 0.0988448 0.0727783 0.0723104 0.0780147 0.0725263 0.0755251 0.0729318 0.1394399 0.0777617 0.0757969 0.0678065 0.1062833 0.0787758 0.0702576 0.1081245 0.1254570 0.1754689 0.1435069 0.1071698 0.0875460 0.0803243 0.2662792 0.2303628 0.0932350 0.0943219 0.1168536 
