152
NM_011264_3_Mus_musculus_REV3_like_DNA_directed_polymerase_zeta_catalytic_subunit_Rev3l_mRNA_1                                                             0.0000000 0.1933386 0.2127721 0.2149894 0.1910491 0.2170760 0.1102328 0.2151459 0.2067630 0.1910040 0.2053679 0.2101468 0.2080082 0.1019844 0.2198163 0.1551391 0.2002592 0.3961747 0.1933529 0.2008920 0.3815237 0.2385691 0.2130782 0.1855624 0.1082218 0.3753111 0.1227501 0.0166275 0.3829053 0.2220067 0.0387938 0.0600189 0.0679098 0.2158340 0.0974698 0.1214476 0.2403005 0.0586736 0.2212407 0.2088335 0.1994096 0.2001329 0.1203049 0.1977145 0.2085201 0.2110926 0.1275779 0.1979921 0.2065979 0.2062122 0.2125251 0.2072636 0.2065431 0.2073928 0.2096665 0.2062315 0.2099675 0.2152918 0.2125554 0.2063485 0.2189503 0.2159482 0.2131006 0.2082409 0.2122110 0.2148610 0.2151335 0.2149287 0.2177431 0.2170760 0.2163444 0.2149570 0.2171656 0.2102343 0.2097508 0.2069384 0.2065317 0.2092529 0.2095567 0.2191410 0.2177421 0.2126771 0.2195215 0.2092846 0.2144024 0.2137559 0.2142866 0.2134200 0.2125775 0.2095081 0.2137623 0.2130767 0.2770986 0.2137058 0.2445039 0.2341298 0.2076347 0.2521773 0.2132441 0.2199636 0.2240753 0.2155223 0.2122916 0.2151564 0.2315771 0.2079038 0.2132595 0.2140920 0.2138267 0.2283310 0.2207176 0.2227745 0.2243685 0.2206035 0.1973023 0.2011265 0.2864038 0.2979980 0.1942159 0.1953240 0.1929312 0.1932937 0.1910777 0.1911104 0.1929024 0.1911427 0.2165489 0.1944044 0.1911815 0.1928112 0.1904513 0.1898250 0.1897896 0.1974289 0.1944242 0.1973929 0.1923821 0.2134232 0.1863575 0.1905718 0.2088030 0.2168013 0.2611893 0.2362344 0.2146630 0.2172880 0.2220059 0.5203470 0.5118707 0.2088739 0.2035430 0.2128077 
XM_028847034_1_PREDICTED_Macaca_mulatta_REV3_like_DNA_directed_polymerase_zeta_catalytic_subunit_REV3L_transcript_variant_X1_mRNA_1                        0.1933386 0.0000000 0.0935468 0.0948943 0.0223815 0.1052500 0.1607444 0.0982038 0.0927938 0.0225436 0.0879982 0.0970977 0.1161467 0.2189197 0.0989616 0.1345550 0.0393034 0.2703742 0.0009457 0.0877183 0.2598204 0.1342850 0.0990439 0.1038080 0.1572298 0.2585337 0.1713321 0.1998279 0.2603624 0.1354992 0.1965625 0.1979485 0.2165981 0.1635282 0.2176471 0.1716604 0.1388459 0.1970701 0.1277132 0.1180889 0.1025713 0.1026868 0.1699466 0.0981497 0.0941744 0.1203986 0.1768881 0.0987886 0.0935487 0.0935661 0.0933498 0.0908814 0.0937994 0.0938437 0.0877403 0.0932222 0.0939232 0.0994773 0.0938909 0.0933152 0.1003386 0.0966211 0.0947630 0.0871143 0.0893533 0.0901026 0.0907096 0.1044256 0.1063451 0.1052500 0.1048532 0.1040870 0.1054507 0.0886683 0.0873363 0.0910534 0.0927718 0.0935121 0.0870977 0.1109681 0.1081073 0.0907247 0.1102738 0.0935246 0.0926620 0.0934508 0.0928033 0.0928402 0.0923997 0.0937122 0.0950172 0.0908882 0.1569944 0.0929233 0.1240396 0.1095897 0.0932312 0.1338275 0.0912035 0.1022518 0.1074196 0.0994107 0.0937273 0.0981650 0.1099755 0.0924966 0.0977451 0.0930541 0.0919397 0.1117346 0.1036654 0.1037079 0.1031322 0.0999935 0.0827032 0.0875458 0.1767248 0.1862522 0.0045965 0.0050775 0.0060344 0.0022159 0.0108813 0.0112061 0.0232540 0.0102335 0.1001821 0.0118791 0.0223698 0.0047578 0.0205111 0.0214057 0.0228275 0.0361433 0.0369171 0.0366685 0.0346572 0.0953483 0.0619020 0.0661188 0.0782799 0.1126472 0.1503630 0.1180352 0.1028089 0.1039931 0.1135179 0.4135447 0.4059432 0.0930703 0.0814848 0.0974874 
XM_014118216_3_PREDICTED_Canis_lupus_familiaris_REV3_like_DNA_directed_polymerase_zeta_catalytic_subunit_REV3L_transcript_variant_X1_mRNA_1                0.2127721 0.0935468 0.0000000 0.0837492 0.0935994 0.0951710 0.1765752 0.0478089 0.0796409 0.0945737 0.0394783 0.1183080 0.1315971 0.2433590 0.0901103 0.1480738 0.1031690 0.2698307 0.0935530 0.0777087 0.2575492 0.1604284 0.1225125 0.1188267 0.1745676 0.2606378 0.1910037 0.2174213 0.2640528 0.1558133 0.2193805 0.2140151 0.2379630 0.1786350 0.2390481 0.1774705 0.1619535 0.2111630 0.1451544 0.1335702 0.1171548 0.1174648 0.1786022 0.1143726 0.0464504 0.1365142 0.1968502 0.1137804 0.0458714 0.0453226 0.0001564 0.0409158 0.0458950 0.0462751 0.0390511 0.0457330 0.0452300 0.0483515 0.0479267 0.0451221 0.0547516 0.0077777 0.0071339 0.0365278 0.0408304 0.0421315 0.0423104 0.0921691 0.0954187 0.0951710 0.0947829 0.0942244 0.0953521 0.0372112 0.0372558 0.0410781 0.0795366 0.0796826 0.0368705 0.1015589 0.0979755 0.0775992 0.0984273 0.0796932 0.0779356 0.0786716 0.0784999 0.0782558 0.0772947 0.0798763 0.0800322 0.0757298 0.1511172 0.0769635 0.1129181 0.1015959 0.0802572 0.1199460 0.0767400 0.0874725 0.0926280 0.0845392 0.0781445 0.0842473 0.0969642 0.0811896 0.0831012 0.0785047 0.0767913 0.0978955 0.0922058 0.0937243 0.0938833 0.0911238 0.0989829 0.0771532 0.1652827 0.1704446 0.0951458 0.0951280 0.0942953 0.0933114 0.0942805 0.0946837 0.0953145 0.0939250 0.0846525 0.0955161 0.0943424 0.0939698 0.0914082 0.0937272 0.0946909 0.0989281 0.0978934 0.0987381 0.0971681 0.1210994 0.0885855 0.0912685 0.1099337 0.1134675 0.1562544 0.1211780 0.1069837 0.1070387 0.1155219 0.4171086 0.4074387 0.0445041 0.0695123 0.1008686 
XM_021091238_1_PREDICTED_Sus_scrofa_REV3_like_DNA_directed_polymerase_zeta_catalytic_subunit_REV3L_transcript_variant_X1_mRNA_1                            0.2149894 0.0948943 0.0837492 0.0000000 0.0936917 0.0700301 0.1793263 0.0865849 0.0846077 0.0938225 0.0803924 0.1136793 0.1319894 0.2447135 0.0933818 0.1517432 0.1029030 0.2730092 0.0949006 0.0812661 0.2612584 0.1554432 0.1205049 0.1197339 0.1784285 0.2609735 0.1938033 0.2203420 0.2617622 0.1562753 0.2197698 0.2186120 0.2388489 0.1803821 0.2442492 0.1866473 0.1581501 0.2168852 0.1468577 0.1331781 0.1194925 0.1188392 0.1849999 0.1160734 0.0826930 0.1393673 0.1991616 0.1160685 0.0830684 0.0826822 0.0837478 0.0819704 0.0827190 0.0835523 0.0748986 0.0821570 0.0838715 0.0872322 0.0840254 0.0826527 0.0887802 0.0869622 0.0853340 0.0766207 0.0763066 0.0786113 0.0788103 0.0676991 0.0710153 0.0700301 0.0700437 0.0690329 0.0705393 0.0781425 0.0776592 0.0821407 0.0673479 0.0678717 0.0764220 0.0739547 0.0717579 0.0517724 0.0723345 0.0678805 0.0545659 0.0538384 0.0541928 0.0526944 0.0530722 0.0680595 0.0547903 0.0510293 0.1597106 0.0536479 0.1196177 0.1085890 0.0852332 0.1286566 0.0518068 0.0928812 0.0984100 0.0910053 0.0841966 0.0902776 0.0997305 0.0848187 0.0894700 0.0534342 0.0533012 0.1025749 0.0980608 0.0976293 0.0973858 0.0932940 0.1027598 0.0813351 0.1651982 0.1717373 0.0963159 0.0964897 0.0951988 0.0951148 0.0970672 0.0964743 0.0958404 0.0972899 0.0912835 0.0983217 0.0935913 0.0953200 0.0937260 0.0948920 0.0952096 0.1003392 0.0986659 0.0995063 0.0976838 0.1202693 0.0926355 0.0951628 0.1118227 0.1163464 0.1565547 0.1228017 0.1101509 0.1143718 0.1159122 0.4245504 0.4143701 0.0822710 0.0736143 0.1082644 
NM_001372078_1_Homo_sapiens_REV3_like_DNA_directed_polymerase_zeta_catalytic_subunit_REV3L_transcript_variant_4_mRNA_1                                     0.1910491 0.0223815 0.0935994 0.0936917 0.0000000 0.1037873 0.1585909 0.0974297 0.0939616 0.0026853 0.0884497 0.0995037 0.1162579 0.2192806 0.0990517 0.1304130 0.0388920 0.2712315 0.0223828 0.0873969 0.2615420 0.1323135 0.0958874 0.1064513 0.1567788 0.2590069 0.1722357 0.1972718 0.2625697 0.1369214 0.1943043 0.1955080 0.2144941 0.1593536 0.2175838 0.1711053 0.1374331 0.1948610 0.1278685 0.1169341 0.1026453 0.1032430 0.1696003 0.0999448 0.0932451 0.1205001 0.1749568 0.1005862 0.0928167 0.0926385 0.0934027 0.0907242 0.0928709 0.0925108 0.0876450 0.0918918 0.0943698 0.0982285 0.0950207 0.0923888 0.0988614 0.0964241 0.0941664 0.0879682 0.0898590 0.0902044 0.0908110 0.1032047 0.1048767 0.1037873 0.1033921 0.1026236 0.1030857 0.0891236 0.0874439 0.0904920 0.0906188 0.0907761 0.0875539 0.1096427 0.1065835 0.0889779 0.1085367 0.0907883 0.0911113 0.0918968 0.0917025 0.0912890 0.0908510 0.0909750 0.0934542 0.0891413 0.1603817 0.0913705 0.1244449 0.1116777 0.0948472 0.1335324 0.0892576 0.1016503 0.1071547 0.0989630 0.0948189 0.0964014 0.1100751 0.0939186 0.0977226 0.0915020 0.0903909 0.1116097 0.1030958 0.1040094 0.1029823 0.1000810 0.0836589 0.0876644 0.1807394 0.1888319 0.0237287 0.0240808 0.0230439 0.0219233 0.0237580 0.0242690 0.0061976 0.0230851 0.0979767 0.0258405 0.0028441 0.0232317 0.0123344 0.0148462 0.0162171 0.0371363 0.0373839 0.0367870 0.0347890 0.0955964 0.0617516 0.0658164 0.0789742 0.1133023 0.1482683 0.1185504 0.1047037 0.1044989 0.1139831 0.4143413 0.4052037 0.0937199 0.0817566 0.0982823 
XM_024996589_1_PREDICTED_Bos_taurus_REV3_like_DNA_directed_polymerase_zeta_catalytic_subunit_REV3L_transcript_variant_X1_mRNA_1                            0.2170760 0.1052500 0.0951710 0.0700301 0.1037873 0.0000000 0.1877697 0.0982806 0.0951378 0.1032747 0.0927206 0.1257433 0.1408753 0.2497803 0.1031278 0.1629386 0.1112652 0.2823781 0.1052570 0.0911388 0.2758464 0.1644994 0.1286204 0.1267835 0.1846071 0.2731061 0.1997989 0.2225637 0.2747189 0.1630842 0.2233128 0.2191104 0.2451188 0.1851664 0.2493140 0.1929334 0.1682473 0.2196219 0.1556161 0.1417812 0.1280722 0.1269352 0.1916270 0.1252852 0.0942320 0.1461165 0.2044773 0.1262680 0.0944156 0.0928079 0.0951696 0.0939455 0.0934513 0.0943066 0.0878704 0.0936606 0.0943358 0.0982632 0.0922183 0.0931770 0.1016730 0.0978533 0.0959293 0.0877085 0.0894749 0.0920875 0.0918872 0.0243322 0.0020458 0.0000010 0.0015724 0.0000010 0.0105321 0.0890682 0.0889693 0.0933092 0.0746338 0.0761077 0.0872556 0.0237824 0.0212877 0.0565323 0.0234734 0.0761176 0.0593715 0.0591859 0.0589868 0.0584140 0.0582200 0.0762988 0.0599554 0.0560969 0.1657430 0.0580856 0.1289394 0.1155104 0.0961705 0.1388679 0.0571098 0.1013329 0.1076357 0.1008626 0.0920825 0.1002636 0.1101365 0.0943455 0.0972486 0.0589634 0.0580908 0.1093344 0.1058788 0.1051194 0.1055785 0.1037678 0.1127329 0.0916208 0.1816707 0.1910057 0.1069181 0.1070921 0.1058188 0.1052670 0.1072826 0.1064157 0.1057558 0.1072963 0.1009169 0.1085854 0.1030357 0.1056869 0.1038488 0.1039836 0.1041519 0.1092431 0.1079419 0.1085595 0.1045484 0.1333900 0.0990342 0.1015256 0.1168001 0.1251737 0.1651835 0.1324566 0.1178308 0.1207233 0.1228088 0.4208386 0.4126375 0.0938961 0.0831459 0.1156339 
XM_040758199_1_PREDICTED_Mesocricetus_auratus_REV3_like_DNA_directed_polymerase_zeta_catalytic_subunit_Rev3l_transcript_variant_X1_mRNA_1                  0.1102328 0.1607444 0.1765752 0.1793263 0.1585909 0.1877697 0.0000000 0.1770679 0.1728243 0.1588114 0.1678443 0.1774728 0.1747340 0.1394858 0.1858956 0.1226753 0.1650079 0.3540963 0.1607559 0.1678224 0.3473306 0.2102899 0.1721281 0.1520526 0.0382340 0.3387133 0.0764883 0.1157135 0.3406371 0.1852170 0.1112621 0.1120939 0.1334245 0.1748486 0.1364876 0.0722106 0.2126048 0.1083671 0.1870290 0.1743514 0.1623002 0.1626999 0.0711360 0.1607726 0.1740343 0.1797195 0.0794733 0.1610231 0.1715355 0.1723895 0.1763436 0.1687052 0.1736073 0.1737106 0.1709776 0.1726445 0.1723139 0.1780448 0.1736351 0.1725327 0.1813707 0.1792587 0.1772459 0.1696992 0.1739624 0.1748870 0.1751375 0.1878134 0.1881236 0.1877697 0.1868113 0.1860601 0.1889663 0.1705766 0.1708223 0.1684104 0.1738245 0.1764479 0.1703750 0.1920608 0.1886901 0.1746901 0.1911525 0.1759922 0.1789975 0.1786029 0.1786444 0.1777468 0.1775645 0.1766872 0.1791658 0.1758232 0.2438881 0.1778722 0.2086810 0.1946915 0.1724029 0.2139045 0.1769332 0.1869311 0.1906342 0.1820477 0.1767704 0.1814792 0.1952804 0.1728678 0.1799717 0.1792403 0.1774839 0.1966584 0.1900055 0.1911071 0.1921822 0.1876299 0.1638702 0.1685840 0.2606413 0.2711413 0.1613433 0.1621427 0.1594222 0.1608819 0.1609912 0.1609923 0.1606852 0.1621939 0.1787980 0.1629961 0.1589886 0.1616796 0.1584425 0.1577414 0.1587326 0.1624582 0.1585637 0.1624346 0.1608327 0.1863325 0.1510680 0.1562790 0.1721286 0.1866802 0.2267344 0.1980972 0.1833243 0.1795999 0.1892904 0.4912224 0.4810904 0.1718651 0.1658435 0.1806972 
XM_004753515_2_PREDICTED_Mustela_putorius_furo_REV3_like_polymerase_DNA_directed_zeta_catalytic_subunit_REV3L_transcript_variant_X1_mRNA_1                 0.2151459 0.0982038 0.0478089 0.0865849 0.0974297 0.0982806 0.1770679 0.0000000 0.0795391 0.0984137 0.0357394 0.1194607 0.1311577 0.2437241 0.0933835 0.1469124 0.1082811 0.2729891 0.0982103 0.0804295 0.2610866 0.1548866 0.1226196 0.1190322 0.1727893 0.2642160 0.1873727 0.2195609 0.2652187 0.1577090 0.2196944 0.2161027 0.2354200 0.1799672 0.2402335 0.1804433 0.1583080 0.2136476 0.1430897 0.1342888 0.1200083 0.1190734 0.1812174 0.1171372 0.0516289 0.1357669 0.1954247 0.1164967 0.0510581 0.0504998 0.0479906 0.0389271 0.0514490 0.0511096 0.0355049 0.0505596 0.0144580 0.0042726 0.0525529 0.0502940 0.0583938 0.0498105 0.0479891 0.0342363 0.0369187 0.0391023 0.0392797 0.0944217 0.0987418 0.0982806 0.0978905 0.0973416 0.0976462 0.0352632 0.0360018 0.0390891 0.0822266 0.0829807 0.0349250 0.1036797 0.0996807 0.0803595 0.0999250 0.0829917 0.0821120 0.0826498 0.0828698 0.0824584 0.0816507 0.0831760 0.0838341 0.0794467 0.1544165 0.0817233 0.1158316 0.1038508 0.0799653 0.1264027 0.0795403 0.0908677 0.0952831 0.0885890 0.0784872 0.0859110 0.0986330 0.0813009 0.0874735 0.0818628 0.0811591 0.1005883 0.0953824 0.0968137 0.0966260 0.0939560 0.1047479 0.0802641 0.1641067 0.1710393 0.1004577 0.1002174 0.0981619 0.0983860 0.1001957 0.1006046 0.0999948 0.1004328 0.0878483 0.1006305 0.0981786 0.0990459 0.0966323 0.0985574 0.0995035 0.1046511 0.1037410 0.1040182 0.1023936 0.1244297 0.0904314 0.0933988 0.1138033 0.1179938 0.1568549 0.1243744 0.1075325 0.1107200 0.1163672 0.4218333 0.4129261 0.0137967 0.0727416 0.1052072 
XM_015600069_2_PREDICTED_Pteropus_alecto_REV3_like_DNA_directed_polymerase_zeta_catalytic_subunit_REV3L_transcript_variant_X1_mRNA_1                       0.2067630 0.0927938 0.0796409 0.0846077 0.0939616 0.0951378 0.1728243 0.0795391 0.0000000 0.0937183 0.0730542 0.1147879 0.1268929 0.2381784 0.0738059 0.1468684 0.1021340 0.2711305 0.0927999 0.0745161 0.2644114 0.1579279 0.1174042 0.1182803 0.1710303 0.2625469 0.1838756 0.2116735 0.2653197 0.1547436 0.2112420 0.2098454 0.2288774 0.1774888 0.2360408 0.1776369 0.1599202 0.2075025 0.1439126 0.1312178 0.1157837 0.1163470 0.1779134 0.1130293 0.0788831 0.1343771 0.1900986 0.1131032 0.0767167 0.0775119 0.0794495 0.0750273 0.0777289 0.0779252 0.0702702 0.0775281 0.0786082 0.0807207 0.0782064 0.0772776 0.0846319 0.0828076 0.0805637 0.0695165 0.0716253 0.0735265 0.0733338 0.0905808 0.0962006 0.0951378 0.0947491 0.0935136 0.0946678 0.0706311 0.0716901 0.0748247 0.0809721 0.0819100 0.0695040 0.0971878 0.0938543 0.0763153 0.0958662 0.0819208 0.0763967 0.0769250 0.0773597 0.0771339 0.0763523 0.0821046 0.0780196 0.0760465 0.1528810 0.0763909 0.1147055 0.0989816 0.0034801 0.1227096 0.0741067 0.0753301 0.0802560 0.0753054 0.0560963 0.0729454 0.0748851 0.0223753 0.0743005 0.0765441 0.0758280 0.0803165 0.0749952 0.0763089 0.0761308 0.0743848 0.0997479 0.0749291 0.1675349 0.1708664 0.0949698 0.0955526 0.0939481 0.0938216 0.0945497 0.0949540 0.0956840 0.0947823 0.0708517 0.0962010 0.0934873 0.0937785 0.0925963 0.0935234 0.0944638 0.0993738 0.0999470 0.0997681 0.0960958 0.1254132 0.0862965 0.0869475 0.1070690 0.1111036 0.1501137 0.1208844 0.1060480 0.1067274 0.1144833 0.4188955 0.4146844 0.0768398 0.0676990 0.0995120 
XM_016956167_2_PREDICTED_Pan_troglodytes_REV3_like_DNA_directed_polymerase_zeta_catalytic_subunit_REV3L_transcript_variant_X1_mRNA_1                       0.1910040 0.0225436 0.0945737 0.0938225 0.0026853 0.1032747 0.1588114 0.0984137 0.0937183 0.0000000 0.0890152 0.0990637 0.1164279 0.2184552 0.0991078 0.1299381 0.0390583 0.2706253 0.0225450 0.0870263 0.2612420 0.1320535 0.0954517 0.1055838 0.1562722 0.2584528 0.1717098 0.1972251 0.2622675 0.1366385 0.1942584 0.1941924 0.2139119 0.1605252 0.2167628 0.1705804 0.1380694 0.1948148 0.1284580 0.1171046 0.1026194 0.1032168 0.1690766 0.0996593 0.0938166 0.1204543 0.1746934 0.1005608 0.0933878 0.0932096 0.0943767 0.0916932 0.0934423 0.0930822 0.0886101 0.0924625 0.0953467 0.0992137 0.0958111 0.0929594 0.0994359 0.0969968 0.0951412 0.0881316 0.0904235 0.0911752 0.0917828 0.1022640 0.1043618 0.1032747 0.1028801 0.1021110 0.1025738 0.0896857 0.0880083 0.0914604 0.0899819 0.0905400 0.0881148 0.1091200 0.1056480 0.0891443 0.1075954 0.0905521 0.0908741 0.0912580 0.0910639 0.0910517 0.0906141 0.0907386 0.0930143 0.0893077 0.1602219 0.0911330 0.1256073 0.1127977 0.0946030 0.1333530 0.0890220 0.1022627 0.1071274 0.0993517 0.0947951 0.0966005 0.1106834 0.0940825 0.0981106 0.0912645 0.0901541 0.1120850 0.1035580 0.1040685 0.1030408 0.1001377 0.0836378 0.0876937 0.1809107 0.1890065 0.0238910 0.0242433 0.0232061 0.0222586 0.0239206 0.0244317 0.0066768 0.0232475 0.0977655 0.0260037 0.0007861 0.0233940 0.0126572 0.0153361 0.0167100 0.0376527 0.0379015 0.0373031 0.0353044 0.0962395 0.0619239 0.0659880 0.0789633 0.1137649 0.1479877 0.1187271 0.1044341 0.1048638 0.1138647 0.4142439 0.4043701 0.0938839 0.0825029 0.0986427 
XM_034668992_1_PREDICTED_Ailuropoda_melanoleuca_REV3_like_DNA_directed_polymerase_zeta_catalytic_subunit_REV3L_transcript_variant_X1_mRNA_1                0.2053679 0.0879982 0.0394783 0.0803924 0.0884497 0.0927206 0.1678443 0.0357394 0.0730542 0.0890152 0.0000000 0.1134957 0.1255182 0.2305052 0.0856471 0.1427964 0.0984897 0.2673244 0.0884030 0.0711846 0.2562047 0.1530971 0.1179963 0.1122391 0.1645967 0.2575571 0.1832127 0.2102754 0.2597146 0.1513478 0.2086949 0.2079166 0.2259907 0.1734351 0.2278664 0.1697796 0.1562352 0.2036278 0.1373365 0.1295986 0.1107871 0.1107054 0.1720035 0.1085922 0.0424483 0.1305990 0.1884385 0.1081967 0.0413615 0.0410007 0.0396556 0.0093910 0.0422725 0.0426472 0.0281375 0.0415806 0.0329215 0.0361062 0.0443883 0.0408044 0.0504948 0.0417842 0.0394763 0.0257224 0.0296816 0.0311160 0.0316330 0.0885519 0.0929622 0.0927206 0.0919337 0.0917698 0.0924904 0.0267281 0.0254045 0.0097118 0.0773952 0.0773246 0.0257185 0.0976363 0.0936935 0.0746442 0.0943345 0.0773347 0.0761804 0.0769127 0.0767416 0.0771106 0.0759299 0.0775168 0.0782560 0.0731817 0.1457909 0.0761833 0.1080581 0.0977005 0.0738884 0.1168248 0.0736492 0.0859822 0.0891569 0.0820914 0.0730949 0.0796041 0.0888794 0.0749054 0.0796904 0.0763271 0.0756258 0.0933817 0.0873766 0.0892195 0.0900408 0.0866486 0.0956384 0.0706358 0.1568645 0.1628523 0.0897921 0.0895619 0.0881519 0.0881563 0.0895224 0.0903227 0.0902812 0.0901515 0.0809076 0.0911373 0.0891872 0.0886089 0.0870807 0.0884931 0.0898408 0.0945153 0.0943019 0.0939192 0.0921624 0.1181210 0.0841483 0.0870435 0.1042751 0.1089428 0.1487438 0.1168219 0.1007745 0.1040909 0.1112738 0.4170620 0.4097241 0.0318611 0.0644532 0.0973788 
XM_006157005_3_PREDICTED_Tupaia_chinensis_REV3_like_DNA_directed_polymerase_zeta_catalytic_subunit_REV3L_transcript_variant_X3_mRNA_1                      0.2101468 0.0970977 0.1183080 0.1136793 0.0995037 0.1257433 0.1774728 0.1194607 0.1147879 0.0990637 0.1134957 0.0000000 0.1370190 0.2447475 0.1257962 0.1513890 0.1063584 0.2851748 0.0971042 0.1079999 0.2745961 0.1605711 0.1188227 0.1243037 0.1744261 0.2747786 0.1914891 0.2147084 0.2797340 0.1553572 0.2146318 0.2130345 0.2327468 0.1823701 0.2429770 0.1887987 0.1649048 0.2128071 0.1493747 0.1360566 0.1186366 0.1182665 0.1887069 0.1167797 0.1159371 0.1425630 0.1985983 0.1155129 0.1158928 0.1161767 0.1180989 0.1163859 0.1159260 0.1167944 0.1109966 0.1159577 0.1193997 0.1212585 0.1204754 0.1161131 0.1218161 0.1201997 0.1191606 0.1110436 0.1131979 0.1151687 0.1151819 0.1232859 0.1264697 0.1257433 0.1248866 0.1246346 0.1259985 0.1126905 0.1130732 0.1161306 0.1132289 0.1138189 0.1110208 0.1305319 0.1265944 0.1111159 0.1291779 0.1136394 0.1128327 0.1131128 0.1124745 0.1124273 0.1119929 0.1140306 0.1151416 0.1107050 0.1848932 0.1124606 0.1471353 0.1357324 0.1152559 0.1496985 0.1103978 0.1215237 0.1270081 0.1201080 0.1122976 0.1225341 0.1315341 0.1135715 0.1170284 0.1130068 0.1114269 0.1360686 0.1305877 0.1284111 0.1282844 0.1261766 0.1065624 0.1086559 0.2046080 0.2122163 0.0993568 0.1000288 0.0978555 0.0971247 0.1003324 0.0997412 0.0996439 0.0995192 0.1189918 0.0996830 0.0988268 0.0989660 0.0970178 0.0976217 0.0988026 0.1039117 0.1038472 0.1039239 0.1007157 0.1238904 0.0904717 0.0937350 0.1125127 0.1300830 0.1679498 0.1391968 0.1215315 0.1252462 0.1313597 0.4384027 0.4263298 0.1171888 0.1028600 0.1177778 
XM_013069186_2_PREDICTED_Heterocephalus_glaber_REV3_like_DNA_directed_polymerase_zeta_catalytic_subunit_Rev3l_transcript_variant_X1_mRNA_1                 0.2080082 0.1161467 0.1315971 0.1319894 0.1162579 0.1408753 0.1747340 0.1311577 0.1268929 0.1164279 0.1255182 0.1370190 0.0000000 0.2371135 0.1371413 0.1477189 0.1253672 0.2986468 0.1163915 0.1253270 0.2890879 0.1672944 0.1326450 0.1196535 0.1700492 0.2836693 0.1838084 0.2111117 0.2853887 0.1546770 0.2139930 0.2127932 0.2311799 0.1762685 0.2344540 0.1835723 0.1695572 0.2086492 0.0739747 0.0444061 0.1204484 0.1203315 0.1838440 0.1173313 0.1284822 0.0692137 0.1855946 0.1166542 0.1269076 0.1278202 0.1318254 0.1263412 0.1287776 0.1294834 0.1235468 0.1278505 0.1297909 0.1325847 0.1294921 0.1272924 0.1368898 0.1336461 0.1315751 0.1248562 0.1246587 0.1269162 0.1267028 0.1398134 0.1423215 0.1408753 0.1406804 0.1397626 0.1436461 0.1265387 0.1249462 0.1269578 0.1303787 0.1312936 0.1252381 0.1459462 0.1429310 0.1295793 0.1450838 0.1317576 0.1301808 0.1317658 0.1303975 0.1317775 0.1291971 0.1315125 0.1319570 0.1290732 0.1979015 0.1300673 0.1617985 0.1466680 0.1278757 0.1687862 0.1272960 0.1369160 0.1436203 0.1358898 0.1282139 0.1338359 0.1490409 0.1300239 0.1350190 0.1306034 0.1294414 0.1459585 0.1405526 0.1400241 0.1400204 0.1375960 0.1229298 0.1261692 0.2131681 0.2224028 0.1179057 0.1186115 0.1176040 0.1157328 0.1175519 0.1173003 0.1170887 0.1174252 0.1352502 0.1196608 0.1161768 0.1167781 0.1143414 0.1125645 0.1133973 0.1216463 0.1216193 0.1211844 0.1205659 0.1401635 0.1070443 0.1092354 0.1277924 0.1437271 0.1893226 0.1552676 0.1382061 0.1425604 0.1488079 0.4452915 0.4382556 0.1282320 0.1190474 0.1374926 
XM_006256524_2_PREDICTED_Rattus_norvegicus_REV3_like_DNA_directed_polymerase_zeta_catalytic_subunit_Rev3l_transcript_variant_X1_mRNA_1                     0.1019844 0.2189197 0.2433590 0.2447135 0.2192806 0.2497803 0.1394858 0.2437241 0.2381784 0.2184552 0.2305052 0.2447475 0.2371135 0.0000000 0.2485436 0.1881061 0.2291456 0.4312764 0.2194596 0.2324233 0.4140154 0.2646052 0.2368259 0.2171527 0.1364844 0.4107030 0.1473137 0.1051600 0.4108343 0.2505730 0.1063949 0.1048424 0.1189937 0.2419779 0.0159382 0.1497901 0.2670942 0.1014544 0.2484251 0.2397064 0.2282721 0.2282989 0.1504939 0.2274983 0.2398701 0.2388761 0.1493742 0.2272542 0.2362071 0.2365920 0.2436455 0.2330446 0.2380429 0.2384662 0.2366450 0.2372393 0.2383739 0.2442066 0.2416379 0.2372606 0.2517823 0.2471257 0.2436265 0.2347389 0.2385412 0.2416514 0.2416486 0.2488481 0.2510547 0.2497803 0.2495803 0.2473780 0.2539342 0.2357597 0.2344967 0.2327485 0.2345652 0.2371925 0.2343013 0.2526748 0.2512719 0.2379629 0.2535612 0.2372289 0.2424690 0.2430911 0.2437646 0.2416767 0.2419591 0.2374590 0.2424284 0.2383647 0.3044969 0.2417870 0.2724727 0.2621877 0.2395632 0.2847305 0.2400505 0.2459644 0.2568393 0.2452972 0.2414425 0.2429627 0.2587234 0.2417558 0.2456854 0.2421605 0.2413352 0.2607353 0.2548898 0.2529202 0.2521300 0.2489943 0.2261429 0.2322983 0.3129063 0.3233203 0.2187985 0.2204936 0.2182078 0.2200370 0.2164366 0.2188094 0.2211963 0.2182261 0.2499028 0.2220626 0.2186305 0.2174370 0.2191137 0.2201323 0.2212549 0.2284982 0.2245565 0.2282304 0.2242336 0.2457355 0.2200898 0.2201712 0.2371929 0.2499549 0.2895153 0.2616011 0.2478107 0.2501407 0.2557268 0.5260698 0.5199160 0.2380724 0.2311466 0.2424428 
XM_005883745_2_PREDICTED_Myotis_brandtii_REV3_like_polymerase_DNA_directed_zeta_catalytic_subunit_REV3L_transcript_variant_X1_mRNA_1                       0.2198163 0.0989616 0.0901103 0.0933818 0.0990517 0.1031278 0.1858956 0.0933835 0.0738059 0.0991078 0.0856471 0.1257962 0.1371413 0.2485436 0.0000000 0.1550168 0.1072839 0.2806127 0.0989682 0.0834101 0.2704289 0.1655040 0.1261831 0.1241789 0.1840597 0.2671103 0.1961578 0.2237784 0.2710485 0.1623384 0.2241354 0.2187821 0.2434266 0.1828814 0.2439726 0.1894685 0.1675348 0.2209666 0.1506789 0.1392276 0.1257257 0.1261893 0.1885095 0.1232705 0.0880506 0.1439135 0.2010353 0.1233018 0.0869911 0.0878494 0.0899141 0.0881218 0.0876747 0.0885243 0.0828303 0.0872643 0.0911196 0.0948266 0.0899669 0.0876036 0.0962985 0.0917094 0.0898052 0.0822354 0.0841894 0.0861818 0.0863851 0.1004156 0.1040028 0.1031278 0.1027323 0.1013077 0.1031325 0.0834171 0.0833338 0.0874919 0.0896003 0.0897622 0.0822200 0.1061983 0.1054731 0.0853342 0.1050910 0.0897743 0.0877475 0.0873247 0.0873804 0.0871493 0.0863555 0.0899610 0.0888794 0.0848480 0.1610152 0.0860151 0.1208903 0.1101423 0.0743960 0.1321524 0.0851631 0.0660767 0.0714100 0.0656454 0.0753112 0.0550331 0.0941097 0.0751603 0.0619097 0.0881519 0.0854397 0.0334168 0.0243436 0.0112439 0.0105901 0.0036491 0.1095674 0.0836209 0.1778113 0.1847557 0.1009832 0.1015984 0.0997192 0.0993831 0.1003247 0.1015692 0.1002778 0.1001754 0.0574208 0.1018021 0.0988707 0.0993698 0.0968827 0.0982293 0.0986430 0.1034071 0.1053008 0.1031721 0.1005452 0.1315326 0.0968763 0.1005666 0.1151692 0.1245958 0.1647392 0.1322682 0.1142167 0.1168008 0.1230846 0.4280259 0.4184433 0.0898854 0.0762831 0.1115821 
XM_008852401_2_PREDICTED_Nannospalax_galili_REV3_like_DNA_directed_polymerase_zeta_catalytic_subunit_Rev3l_transcript_variant_X1_mRNA_1                    0.1551391 0.1345550 0.1480738 0.1517432 0.1304130 0.1629386 0.1226753 0.1469124 0.1468684 0.1299381 0.1427964 0.1513890 0.1477189 0.1881061 0.1550168 0.0000000 0.1400956 0.3214778 0.1345644 0.1420730 0.3164429 0.1816452 0.1444914 0.1258268 0.1201871 0.3125452 0.1376004 0.1594377 0.3107416 0.1589330 0.1583909 0.1583711 0.1791857 0.1537658 0.1846707 0.1286610 0.1839746 0.1544751 0.1575706 0.1456556 0.1310559 0.1299674 0.1303216 0.1284100 0.1480956 0.1538045 0.1420087 0.1283626 0.1475702 0.1480667 0.1478514 0.1452632 0.1483530 0.1477701 0.1414918 0.1470414 0.1450093 0.1481513 0.1486572 0.1480161 0.1559362 0.1497355 0.1477463 0.1412997 0.1441475 0.1458851 0.1461227 0.1600412 0.1637495 0.1629386 0.1629781 0.1605597 0.1635271 0.1425609 0.1425407 0.1454425 0.1451101 0.1470271 0.1419507 0.1665673 0.1620827 0.1461949 0.1631684 0.1470484 0.1470844 0.1473351 0.1469786 0.1469665 0.1464338 0.1472549 0.1484622 0.1466010 0.2144565 0.1460491 0.1776041 0.1703621 0.1473915 0.1855177 0.1448742 0.1536320 0.1598605 0.1495675 0.1485161 0.1524186 0.1648284 0.1492481 0.1495907 0.1470562 0.1463255 0.1595203 0.1543155 0.1587910 0.1591514 0.1554751 0.1371894 0.1432418 0.2318672 0.2417964 0.1358109 0.1352003 0.1337632 0.1344333 0.1363250 0.1369945 0.1326207 0.1361089 0.1521507 0.1382543 0.1296673 0.1350006 0.1321631 0.1313606 0.1316413 0.1365011 0.1362967 0.1380550 0.1333801 0.1641621 0.1224798 0.1249257 0.1463558 0.1621395 0.2082269 0.1739619 0.1569836 0.1583119 0.1638183 0.4620632 0.4509290 0.1427156 0.1399183 0.1527418 
XM_035296530_1_PREDICTED_Callithrix_jacchus_REV3_like_DNA_directed_polymerase_zeta_catalytic_subunit_REV3L_transcript_variant_X1_mRNA_1                    0.2002592 0.0393034 0.1031690 0.1029030 0.0388920 0.1112652 0.1650079 0.1082811 0.1021340 0.0390583 0.0984897 0.1063584 0.1253672 0.2291456 0.1072839 0.1400956 0.0000000 0.2815681 0.0393059 0.0983866 0.2727471 0.1450615 0.1042613 0.1144438 0.1624360 0.2722953 0.1783601 0.2066144 0.2728453 0.1410855 0.2042522 0.2054072 0.2257210 0.1657502 0.2259518 0.1768785 0.1482237 0.2045284 0.1326659 0.1276370 0.1125843 0.1131093 0.1754950 0.1088594 0.1035974 0.1285511 0.1836355 0.1090974 0.1029559 0.1029752 0.1029679 0.1016625 0.1032168 0.1036848 0.0974992 0.1030469 0.1047276 0.1079084 0.1044543 0.1027144 0.1101306 0.1056952 0.1042112 0.0976194 0.0997710 0.0997284 0.1003503 0.1092364 0.1119530 0.1112652 0.1108635 0.1101104 0.1111920 0.0992079 0.0979079 0.1014213 0.1013079 0.1021079 0.0976003 0.1162126 0.1139622 0.0962049 0.1148955 0.1019322 0.0985698 0.0984731 0.0989921 0.0981584 0.0981193 0.1023123 0.1013687 0.0963686 0.1673276 0.0994381 0.1353207 0.1195387 0.1025837 0.1407464 0.0974825 0.1092295 0.1125114 0.1064558 0.1006140 0.1047011 0.1189112 0.1023988 0.1054800 0.0989673 0.0984393 0.1193065 0.1118549 0.1107257 0.1106028 0.1081291 0.0899419 0.0980116 0.1909928 0.1976525 0.0403783 0.0412896 0.0407142 0.0392179 0.0411407 0.0415115 0.0391241 0.0407890 0.1047797 0.0417681 0.0388712 0.0403890 0.0381300 0.0368344 0.0381961 0.0207144 0.0209263 0.0205456 0.0189247 0.1043709 0.0702980 0.0750227 0.0894826 0.1225354 0.1568272 0.1295143 0.1140303 0.1116898 0.1219858 0.4233465 0.4116851 0.1042806 0.0911973 0.1070738 
XM_031964400_1_PREDICTED_Sarcophilus_harrisii_REV3_like_DNA_directed_polymerase_zeta_catalytic_subunit_REV3L_transcript_variant_X1_mRNA_1                  0.3961747 0.2703742 0.2698307 0.2730092 0.2712315 0.2823781 0.3540963 0.2729891 0.2711305 0.2706253 0.2673244 0.2851748 0.2986468 0.4312764 0.2806127 0.3214778 0.2815681 0.0000000 0.2703965 0.2638279 0.0667947 0.3240804 0.2842303 0.2918662 0.3539718 0.0638991 0.3610025 0.4009493 0.0880878 0.3261766 0.3972597 0.3927435 0.4241951 0.3481515 0.4284421 0.3582598 0.3302954 0.3959401 0.3112067 0.3062940 0.2871339 0.2883611 0.3594506 0.2878433 0.2679277 0.3093374 0.3727545 0.2867940 0.2665144 0.2657606 0.2698852 0.2712332 0.2662625 0.2675102 0.2636088 0.2671359 0.2738898 0.2727596 0.2719081 0.2653169 0.2722877 0.2717312 0.2698980 0.2649792 0.2642495 0.2666172 0.2657382 0.2791624 0.2829524 0.2823781 0.2806572 0.2797813 0.2858954 0.2647556 0.2663570 0.2702595 0.2698019 0.2726200 0.2643950 0.2885632 0.2859028 0.2692261 0.2868709 0.2712306 0.2710688 0.2716096 0.2723524 0.2707715 0.2706306 0.2729125 0.2712232 0.2679859 0.3439602 0.2692204 0.2985048 0.2841098 0.2708089 0.3111685 0.2658974 0.2781840 0.2791132 0.2745502 0.2731358 0.2750526 0.2967167 0.2669377 0.2748538 0.2710077 0.2683255 0.2895133 0.2786520 0.2806514 0.2816063 0.2797843 0.2847738 0.2636506 0.3632506 0.3745193 0.2710366 0.2714833 0.2686821 0.2709507 0.2708928 0.2701933 0.2741428 0.2702503 0.2719184 0.2740585 0.2696080 0.2689294 0.2717703 0.2720902 0.2736681 0.2798414 0.2790264 0.2788008 0.2768249 0.2927926 0.2612965 0.2650435 0.2710835 0.2742158 0.3234486 0.2817971 0.2673291 0.2600289 0.2725162 0.3704294 0.3637975 0.2707192 0.2589350 0.2645422 
XM_015448392_1_PREDICTED_Macaca_fascicularis_REV3_like_DNA_directed_polymerase_zeta_catalytic_subunit_REV3L_transcript_variant_X1_mRNA_1                   0.1933529 0.0009457 0.0935530 0.0949006 0.0223828 0.1052570 0.1607559 0.0982103 0.0927999 0.0225450 0.0884030 0.0971042 0.1163915 0.2194596 0.0989682 0.1345644 0.0393059 0.2703965 0.0000000 0.0881217 0.2598416 0.1342944 0.0990505 0.1038150 0.1572410 0.2585549 0.1708582 0.1998427 0.2601158 0.1355088 0.1965771 0.1979632 0.2166145 0.1630615 0.2176635 0.1716728 0.1384020 0.1970848 0.1279677 0.1183359 0.1025782 0.1026937 0.1699589 0.0981562 0.0941807 0.1202108 0.1769010 0.0987952 0.0935549 0.0935723 0.0933560 0.0908874 0.0938056 0.0938500 0.0877461 0.0932284 0.0939294 0.0994840 0.0938971 0.0933214 0.1003453 0.0966275 0.0947693 0.0871200 0.0893591 0.0901085 0.0907156 0.1040150 0.1063522 0.1052570 0.1048602 0.1040940 0.1054578 0.0886741 0.0873420 0.0910594 0.0927779 0.0935182 0.0871035 0.1113953 0.1085322 0.0907307 0.1107008 0.0935308 0.0926681 0.0934570 0.0928094 0.0928463 0.0924058 0.0937184 0.0950235 0.0908942 0.1574733 0.0929294 0.1240482 0.1095931 0.0932374 0.1333819 0.0912096 0.1024852 0.1074269 0.0994174 0.0941384 0.0981715 0.1104102 0.0925027 0.0977517 0.0930603 0.0919458 0.1117422 0.1036724 0.1037149 0.1031391 0.1000002 0.0819573 0.0879491 0.1772128 0.1867590 0.0045968 0.0050779 0.0060348 0.0022161 0.0108820 0.0112068 0.0232554 0.0102341 0.1001888 0.0118798 0.0223712 0.0047581 0.0205123 0.0214070 0.0228289 0.0361456 0.0369194 0.0366708 0.0346594 0.0953546 0.0619059 0.0661230 0.0782851 0.1126549 0.1503737 0.1185317 0.1032289 0.1040001 0.1139517 0.4135827 0.4052383 0.0930764 0.0814901 0.0979036 
XM_023650934_1_PREDICTED_Equus_caballus_REV3_like_DNA_directed_polymerase_zeta_catalytic_subunit_REV3L_transcript_variant_X1_mRNA_1                        0.2008920 0.0877183 0.0777087 0.0812661 0.0873969 0.0911388 0.1678224 0.0804295 0.0745161 0.0870263 0.0711846 0.1079999 0.1253270 0.2324233 0.0834101 0.1420730 0.0983866 0.2638279 0.0881217 0.0000000 0.2586755 0.1465664 0.1111085 0.1111021 0.1664867 0.2568940 0.1794334 0.2064133 0.2586834 0.1488486 0.2048197 0.2042949 0.2243833 0.1749621 0.2304164 0.1710868 0.1486351 0.2003975 0.1396874 0.1284303 0.1123589 0.1125048 0.1725507 0.1101693 0.0737138 0.1324087 0.1857632 0.1101963 0.0734997 0.0733358 0.0775187 0.0725795 0.0729668 0.0731871 0.0692141 0.0729860 0.0772903 0.0810804 0.0766645 0.0731063 0.0820481 0.0809135 0.0793158 0.0692799 0.0715003 0.0731992 0.0733949 0.0856398 0.0924003 0.0911388 0.0901667 0.0895141 0.0913592 0.0707742 0.0704981 0.0723646 0.0780842 0.0778533 0.0696479 0.0944301 0.0907063 0.0724359 0.0935552 0.0774776 0.0735068 0.0740300 0.0742517 0.0740425 0.0728573 0.0780456 0.0747151 0.0717861 0.1451571 0.0734889 0.1128612 0.0998782 0.0747429 0.1182370 0.0713328 0.0832873 0.0858445 0.0818657 0.0725465 0.0817671 0.0920421 0.0739398 0.0773862 0.0740118 0.0729338 0.0945096 0.0870293 0.0865685 0.0864166 0.0841236 0.0926556 0.0031528 0.1563989 0.1630259 0.0895059 0.0900806 0.0884535 0.0881094 0.0902246 0.0896327 0.0897581 0.0895994 0.0787696 0.0910551 0.0869986 0.0891234 0.0875449 0.0882142 0.0893645 0.0957932 0.0971879 0.0959742 0.0922184 0.1186757 0.0823035 0.0827788 0.1014652 0.1106488 0.1500502 0.1146442 0.1010636 0.1013957 0.1092655 0.4129968 0.4060084 0.0753675 0.0467672 0.0947420 
XM_036766364_1_PREDICTED_Trichosurus_vulpecula_REV3_like_DNA_directed_polymerase_zeta_catalytic_subunit_REV3L_transcript_variant_X1_mRNA_1                 0.3815237 0.2598204 0.2575492 0.2612584 0.2615420 0.2758464 0.3473306 0.2610866 0.2644114 0.2612420 0.2562047 0.2745961 0.2890879 0.4140154 0.2704289 0.3164429 0.2727471 0.0667947 0.2598416 0.2586755 0.0000000 0.3165203 0.2769958 0.2812952 0.3449145 0.0477371 0.3534243 0.3867966 0.0759409 0.3206556 0.3845971 0.3790558 0.4116071 0.3411515 0.4095679 0.3547435 0.3268702 0.3794122 0.2989331 0.2917461 0.2763675 0.2749085 0.3526205 0.2775294 0.2591719 0.2963112 0.3599240 0.2761554 0.2564285 0.2571361 0.2572775 0.2599982 0.2570340 0.2585577 0.2514778 0.2579219 0.2608132 0.2606515 0.2611843 0.2561377 0.2641002 0.2605483 0.2583743 0.2537062 0.2524849 0.2553667 0.2545065 0.2701182 0.2769218 0.2758464 0.2746324 0.2737035 0.2783605 0.2534974 0.2534332 0.2602132 0.2607904 0.2615738 0.2525755 0.2784329 0.2767576 0.2630678 0.2766550 0.2602104 0.2630492 0.2637191 0.2640041 0.2628604 0.2620700 0.2618604 0.2639522 0.2606706 0.3462686 0.2615580 0.2927611 0.2768957 0.2640965 0.3050574 0.2592906 0.2681294 0.2715991 0.2684954 0.2674610 0.2698421 0.2900549 0.2612788 0.2690757 0.2629985 0.2613691 0.2785393 0.2689162 0.2708010 0.2719194 0.2699279 0.2698537 0.2596545 0.3505328 0.3632749 0.2610762 0.2606654 0.2596330 0.2600616 0.2626258 0.2605063 0.2652697 0.2616551 0.2671682 0.2641755 0.2608394 0.2593816 0.2609502 0.2614657 0.2638968 0.2698378 0.2686119 0.2691063 0.2690811 0.2813696 0.2510103 0.2576712 0.2635765 0.2609212 0.3148650 0.2714573 0.2583824 0.2578067 0.2659136 0.3630418 0.3561581 0.2574591 0.2524031 0.2529945 
XM_040983897_1_PREDICTED_Ochotona_curzoniae_REV3_like_DNA_directed_polymerase_zeta_catalytic_subunit_REV3L_transcript_variant_X1_mRNA_1                    0.2385691 0.1342850 0.1604284 0.1554432 0.1323135 0.1644994 0.2102899 0.1548866 0.1579279 0.1320535 0.1530971 0.1605711 0.1672944 0.2646052 0.1655040 0.1816452 0.1450615 0.3240804 0.1342944 0.1465664 0.3165203 0.0000000 0.0993866 0.1575885 0.2083947 0.3145835 0.2194378 0.2447237 0.3116077 0.1878496 0.2439845 0.2429285 0.2631006 0.2092298 0.2645412 0.2168867 0.0315334 0.2349497 0.1807815 0.1704845 0.1566293 0.1560173 0.2167739 0.1532616 0.1529982 0.1733346 0.2286773 0.1526930 0.1527795 0.1517403 0.1606721 0.1560666 0.1521268 0.1529307 0.1496081 0.1519419 0.1532947 0.1552256 0.1582464 0.1514257 0.1625689 0.1627480 0.1600516 0.1497145 0.1503506 0.1521031 0.1523419 0.1617563 0.1653068 0.1644994 0.1630996 0.1634810 0.1640164 0.1512318 0.1495136 0.1562524 0.1499470 0.1525171 0.1496037 0.1681651 0.1660907 0.1496701 0.1670287 0.1530058 0.1511396 0.1525637 0.1509047 0.1516671 0.1508987 0.1527459 0.1547807 0.1490958 0.2282939 0.1501265 0.1833425 0.1704588 0.1566457 0.2004790 0.1476275 0.1685491 0.1697165 0.1654189 0.1556135 0.1617268 0.1760295 0.1550464 0.1621244 0.1515764 0.1499387 0.1743613 0.1700145 0.1689212 0.1682362 0.1667629 0.1472567 0.1472797 0.2354947 0.2444603 0.1362920 0.1370355 0.1355183 0.1343630 0.1348505 0.1346170 0.1335883 0.1346527 0.1632410 0.1360780 0.1322302 0.1344550 0.1334052 0.1331648 0.1357413 0.1390216 0.1422390 0.1403490 0.1407468 0.1642294 0.1260879 0.1281219 0.1450193 0.1717959 0.2062814 0.1778767 0.1606708 0.1646267 0.1685810 0.4660056 0.4592742 0.1539176 0.1406615 0.1593442 
XM_008263376_2_PREDICTED_Oryctolagus_cuniculus_REV3_like_DNA_directed_polymerase_zeta_catalytic_subunit_REV3L_transcript_variant_X1_mRNA_1                 0.2130782 0.0990439 0.1225125 0.1205049 0.0958874 0.1286204 0.1721281 0.1226196 0.1174042 0.0954517 0.1179963 0.1188227 0.1326450 0.2368259 0.1261831 0.1444914 0.1042613 0.2842303 0.0990505 0.1111085 0.2769958 0.0993866 0.0000000 0.1207106 0.1709193 0.2782120 0.1847052 0.2181283 0.2802777 0.1536255 0.2173491 0.2146020 0.2383730 0.1762980 0.2354657 0.1819365 0.1007684 0.2097835 0.1464597 0.1334338 0.1200331 0.1201482 0.1829332 0.1184906 0.1184373 0.1368133 0.1945229 0.1177923 0.1171391 0.1173578 0.1223027 0.1195763 0.1176132 0.1179090 0.1132853 0.1172448 0.1203745 0.1235440 0.1226069 0.1170807 0.1256292 0.1247474 0.1222717 0.1114956 0.1153952 0.1165240 0.1163110 0.1262547 0.1297922 0.1286204 0.1282045 0.1270789 0.1287920 0.1126570 0.1136780 0.1193203 0.1172459 0.1189808 0.1118954 0.1349465 0.1302083 0.1135690 0.1340411 0.1194305 0.1162368 0.1170930 0.1159597 0.1158090 0.1149101 0.1191939 0.1179841 0.1123473 0.1895794 0.1156666 0.1520806 0.1373044 0.1166489 0.1594466 0.1130183 0.1275123 0.1308937 0.1267517 0.1173756 0.1219412 0.1370240 0.1179498 0.1204321 0.1168546 0.1152693 0.1349002 0.1295272 0.1290675 0.1295118 0.1266569 0.1090767 0.1117678 0.2058684 0.2122028 0.1003009 0.1009742 0.0998130 0.0992982 0.0999649 0.0997743 0.0978810 0.0998133 0.1230765 0.1006468 0.0952178 0.0990382 0.0963221 0.0960065 0.0980482 0.1030561 0.1040287 0.1038869 0.1033824 0.1265189 0.0907932 0.0938846 0.1135456 0.1369069 0.1738173 0.1392231 0.1274517 0.1273663 0.1357616 0.4370256 0.4230057 0.1187620 0.1051820 0.1219678 
