112
NM_001372078_1_Homo_sapiens_REV3_like_DNA_directed_polymerase_zeta_catalytic_subunit_REV3L_transcript_variant_4_mRNA_1                                     0.0000000 0.0976016 0.0762753 0.0192201 0.0396935 0.0391525 0.0093223 0.0759907 0.1232548 0.0192201 0.0641342 0.0288654 0.0288654 0.0497526 0.0606500 0.0852367 0.0630259 0.0865009 0.0391244 0.0406286 0.1281011 0.1426157 0.1973099 0.1424573 0.1410000 0.1256389 0.1172733 0.0852986 0.0505544 0.0403605 0.1017438 0.1396887 0.0536535 0.0762753 0.0733203 0.0975313 0.0733203 0.1461098 0.0994369 0.0868334 0.0397225 0.0293190 0.0761328 0.0513482 0.0513482 0.0403242 0.0391525 0.0288861 0.0288861 0.0391807 0.0288654 0.0641342 0.0641342 0.0391807 0.0497526 0.0391525 0.0391525 0.0391525 0.0651155 0.0396935 0.0513012 0.0504727 0.0504727 0.0288861 0.0288861 0.0288654 0.0288654 0.1868713 0.1123880 0.0189641 0.0397704 0.0288654 0.0606936 0.0516181 0.0391525 0.0391525 0.0288654 0.0497168 0.0497526 0.0391525 0.0497526 0.0189314 0.0391244 0.0288654 0.0497884 0.0391244 0.0293234 0.0293234 0.0293234 0.0293234 0.0192201 0.0093223 0.0288950 0.0288950 0.0406286 0.0516739 0.0516181 0.1538785 0.0498403 0.0497884 0.0293190 0.0288654 0.0626696 0.0398286 0.0292976 0.0869932 9.0000000 0.1573167 0.1459104 0.0641342 0.0849167 0.0293190 
NM_011264_3_Mus_musculus_REV3_like_DNA_directed_polymerase_zeta_catalytic_subunit_Rev3l_mRNA_1                                                             0.0976016 0.0000000 0.0300306 0.0958618 0.1537130 0.1398095 0.1102834 0.1763888 0.0609181 0.0958618 0.1694242 0.1366259 0.1366259 0.1367714 0.1504060 0.0722479 0.1878017 0.1459190 0.1232096 0.1576881 0.2673085 0.2497950 0.3636207 0.2859282 0.2388834 0.1960312 0.2190314 0.0093624 0.1288095 0.1428471 0.0096828 0.1235817 0.1653371 0.0300306 0.0190134 0.0392961 0.0190134 0.1289754 0.0619457 0.0507440 0.1538200 0.1397641 0.2088554 0.1574972 0.1574972 0.1427190 0.1398095 0.1260649 0.1260649 0.1128243 0.1366259 0.1694242 0.1694242 0.1399080 0.1260649 0.1398095 0.1398095 0.1127008 0.1810284 0.1537130 0.1366259 0.1682969 0.1682969 0.1102834 0.1102834 0.1366259 0.1366259 0.1920072 0.2257813 0.1128243 0.1540117 0.1366259 0.1505645 0.1318120 0.1127008 0.1398095 0.1366259 0.1366259 0.0852986 0.1233417 0.1367714 0.1232096 0.1232096 0.1366259 0.1368664 0.1504060 0.1082353 0.1082353 0.1082353 0.1082353 0.0958618 0.1102834 0.1102834 0.1102834 0.1576881 0.1431081 0.1724717 0.2601798 0.1649308 0.1647594 0.1397641 0.1366259 0.1765831 0.1320827 0.1396650 0.1724717 9.0000000 0.2585909 0.2485437 0.1694242 0.2139963 0.1397641 
XM_006256524_2_PREDICTED_Rattus_norvegicus_REV3_like_DNA_directed_polymerase_zeta_catalytic_subunit_Rev3l_transcript_variant_X1_mRNA_1                     0.0762753 0.0300306 0.0000000 0.0749656 0.1313657 0.1176288 0.0887614 0.1530427 0.0517767 0.0749656 0.1573783 0.1148671 0.1148671 0.1149957 0.1285993 0.0632206 0.1651495 0.1342573 0.1015540 0.1348894 0.2568996 0.2389838 0.3554683 0.2759822 0.2133780 0.1703480 0.1952801 0.0407393 0.1174279 0.1199720 0.0190300 0.1152296 0.1414858 0.0000010 0.0096656 0.0300083 0.0096656 0.1203945 0.0526510 0.0413667 0.1314637 0.1174528 0.1857773 0.1345465 0.1345465 0.1198577 0.1176288 0.1039744 0.1039744 0.1177173 0.1148671 0.1573783 0.1573783 0.1177173 0.1176288 0.1176288 0.1176288 0.0907549 0.1570144 0.1313657 0.1148671 0.1459511 0.1459511 0.0887614 0.0887614 0.1148671 0.1148671 0.1871226 0.2029713 0.0908585 0.1316368 0.1148671 0.1574048 0.1087218 0.0907549 0.1176288 0.1148671 0.1148671 0.0642053 0.1016678 0.1149957 0.1015540 0.1015540 0.1148671 0.1150808 0.1285993 0.0871675 0.0871675 0.0871675 0.0871675 0.0749656 0.0887614 0.0887614 0.0887614 0.1348894 0.1498889 0.1497166 0.2562672 0.1431081 0.1429500 0.1174528 0.1148671 0.1650405 0.1089575 0.1173641 0.1497166 9.0000000 0.2485050 0.2378881 0.1573783 0.1920828 0.1174528 
XM_028847034_1_PREDICTED_Macaca_mulatta_REV3_like_DNA_directed_polymerase_zeta_catalytic_subunit_REV3L_transcript_variant_X1_mRNA_1                        0.0192201 0.0958618 0.0749656 0.0000000 0.0403175 0.0299223 0.0094495 0.0774179 0.1208743 0.0000010 0.0545878 0.0292930 0.0292930 0.0505544 0.0616683 0.0837806 0.0641342 0.0881571 0.0397286 0.0412836 0.1309853 0.1459751 0.2029143 0.1458089 0.1320868 0.1286948 0.1083977 0.0838404 0.0513857 0.0410078 0.0998330 0.1367940 0.0545980 0.0749656 0.0721200 0.0957940 0.0721200 0.1428965 0.0976177 0.0853125 0.0403474 0.0297612 0.0775655 0.0522095 0.0522095 0.0409704 0.0299223 0.0196085 0.0196085 0.0299446 0.0292930 0.0545878 0.0545878 0.0299446 0.0405915 0.0299223 0.0299223 0.0299223 0.0663119 0.0403175 0.0292930 0.0513012 0.0513012 0.0293143 0.0293143 0.0292930 0.0292930 0.1917439 0.1037253 0.0096485 0.0403968 0.0292930 0.0617133 0.0421367 0.0299223 0.0299223 0.0292930 0.0505174 0.0505544 0.0397577 0.0505544 0.0192004 0.0397286 0.0292930 0.0505914 0.0397286 0.0093303 0.0093303 0.0093303 0.0093303 0.0189669 0.0094495 0.0293234 0.0293234 0.0412836 0.0525445 0.0524868 0.1575244 0.0506450 0.0505914 0.0513946 0.0292930 0.0637682 0.0304394 0.0297392 0.0886622 9.0000000 0.1396065 0.1284501 0.0545878 0.0865009 0.0297612 
XM_024996589_1_PREDICTED_Bos_taurus_REV3_like_DNA_directed_polymerase_zeta_catalytic_subunit_REV3L_transcript_variant_X1_mRNA_1                            0.0396935 0.1537130 0.1313657 0.0403175 0.0000000 0.0396935 0.0292672 0.0514475 0.1831297 0.0403175 0.0651767 0.0292459 0.0292459 0.0504727 0.0615480 0.1394145 0.0884816 0.1141280 0.0396646 0.0640751 0.1453444 0.1608066 0.1854930 0.1606255 0.1777088 0.1607135 0.1489799 0.1395133 0.0744060 0.0637095 0.1610927 0.2036538 0.0792625 0.1313657 0.1256182 0.1536061 0.1256182 0.1926276 0.1572392 0.1425850 0.0625916 0.0512930 0.1033521 0.0757141 0.0757141 0.0636508 0.0396935 0.0292672 0.0292672 0.0397225 0.0292459 0.0651767 0.0651767 0.0397225 0.0504727 0.0396935 0.0396935 0.0396935 0.0198291 0.0000010 0.0094250 0.0092984 0.0092984 0.0292672 0.0292672 0.0094250 0.0094250 0.1914484 0.1145104 0.0397225 0.0626696 0.0292459 0.0616135 0.0523988 0.0396935 0.0396935 0.0292459 0.0504358 0.0504727 0.0396935 0.0504727 0.0191697 0.0396646 0.0292459 0.0731516 0.0396646 0.0513012 0.0513012 0.0513012 0.0513012 0.0626696 0.0292672 0.0504727 0.0504727 0.0640751 0.0761200 0.0760354 0.1877577 0.0732300 0.0731516 0.0744199 0.0292459 0.0880759 0.0627629 0.0512549 0.1146344 9.0000000 0.1311068 0.1492196 0.0651767 0.0863591 0.0512930 
XM_014118216_3_PREDICTED_Canis_lupus_familiaris_REV3_like_DNA_directed_polymerase_zeta_catalytic_subunit_REV3L_transcript_variant_X1_mRNA_1                0.0391525 0.1398095 0.1176288 0.0299223 0.0396935 0.0000000 0.0288861 0.0759907 0.1682855 0.0299223 0.0412524 0.0288654 0.0288654 0.0497526 0.0835312 0.1259748 0.0869621 0.0864700 0.0391244 0.0630728 0.1568665 0.1722827 0.1973099 0.1720957 0.1410000 0.1568142 0.1172733 0.1260649 0.0732166 0.0627162 0.1463299 0.1877067 0.0778965 0.1176288 0.1126191 0.1397111 0.1126191 0.1766138 0.1428719 0.1287154 0.0616378 0.0505465 0.1014404 0.0744751 0.0744751 0.0626595 0.0000010 0.0093223 0.0093223 0.0189641 0.0288654 0.0412524 0.0412524 0.0189641 0.0288950 0.0189506 0.0189506 0.0189506 0.0651155 0.0396935 0.0411763 0.0504727 0.0504727 0.0288861 0.0288861 0.0288654 0.0288654 0.1868713 0.1123880 0.0189641 0.0617133 0.0288654 0.0606936 0.0299272 0.0189506 0.0189506 0.0288654 0.0497168 0.0497526 0.0391525 0.0497526 0.0189314 0.0391244 0.0288654 0.0720085 0.0391244 0.0405915 0.0405915 0.0405915 0.0405915 0.0516263 0.0288861 0.0497526 0.0497526 0.0630728 0.0748714 0.0747896 0.1833736 0.0720843 0.0720085 0.0732300 0.0288654 0.0865647 0.0398286 0.0505095 0.1124771 9.0000000 0.1460519 0.1344084 0.0412524 0.0849167 0.0505465 
XM_016956167_2_PREDICTED_Pan_troglodytes_REV3_like_DNA_directed_polymerase_zeta_catalytic_subunit_REV3L_transcript_variant_X1_mRNA_1                       0.0093223 0.1102834 0.0887614 0.0094495 0.0292672 0.0288861 0.0000000 0.0639664 0.1366764 0.0094495 0.0524868 0.0189314 0.0189314 0.0391525 0.0497168 0.0975313 0.0516181 0.0743509 0.0288654 0.0299495 0.1143407 0.1283879 0.1808565 0.1282444 0.1256389 0.1108060 0.1036589 0.0976016 0.0397577 0.0297392 0.1150808 0.1539045 0.0421442 0.0887614 0.0852367 0.1102047 0.0852367 0.1611492 0.1124487 0.0994369 0.0292885 0.0192173 0.0640857 0.0403542 0.0403542 0.0297126 0.0288861 0.0189449 0.0189449 0.0289069 0.0189314 0.0524868 0.0524868 0.0289069 0.0391525 0.0288861 0.0288861 0.0288861 0.0532480 0.0292672 0.0403175 0.0396935 0.0396935 0.0189449 0.0189449 0.0189314 0.0189314 0.1715983 0.0993839 0.0093289 0.0293234 0.0189314 0.0497526 0.0405851 0.0288861 0.0288861 0.0189314 0.0391244 0.0391525 0.0288861 0.0391525 0.0093129 0.0288654 0.0189314 0.0391807 0.0288654 0.0192201 0.0192201 0.0192201 0.0192201 0.0293234 0.0000010 0.0189506 0.0189506 0.0299495 0.0406286 0.0405851 0.1396650 0.0392212 0.0391807 0.0397642 0.0189314 0.0513012 0.0293662 0.0192033 0.0748159 9.0000000 0.1426575 0.1312284 0.0524868 0.0730452 0.0192173 
XM_021091238_1_PREDICTED_Sus_scrofa_REV3_like_DNA_directed_polymerase_zeta_catalytic_subunit_REV3L_transcript_variant_X1_mRNA_1                            0.0759907 0.1763888 0.1530427 0.0774179 0.0514475 0.0759907 0.0639664 0.0000000 0.2083572 0.0774179 0.1080901 0.0411005 0.0639181 0.0884301 0.1281267 0.1312394 0.1342178 0.1028261 0.0759334 0.0923234 0.1643970 0.1688911 0.2328310 0.2023585 0.1850071 0.1686065 0.1280777 0.1609410 0.1169831 0.1054563 0.1855651 0.2315098 0.1255674 0.1530427 0.1458120 0.1762646 0.1458120 0.2203799 0.1808886 0.1648812 0.1032342 0.0901521 0.1527465 0.1054374 0.1054374 0.0918130 0.0759907 0.0639664 0.0639664 0.0760481 0.0411005 0.1080901 0.1080901 0.0760481 0.0884301 0.0759907 0.0759907 0.0759907 0.0664659 0.0514475 0.0639181 0.0628173 0.0628173 0.0639664 0.0639664 0.0639181 0.0639181 0.2186617 0.1972301 0.0760481 0.1033702 0.0639181 0.1012892 0.0922513 0.0759907 0.0759907 0.0639181 0.0639181 0.0639664 0.0759907 0.0884301 0.0523103 0.0759334 0.0639181 0.0884643 0.0759334 0.0901677 0.0901677 0.0901677 0.0901677 0.1033702 0.0639664 0.0639664 0.0639664 0.0923234 0.1058694 0.1057461 0.2141897 0.1147388 0.1146108 0.1170078 0.0639181 0.1338969 0.1035277 0.0650531 0.1057461 9.0000000 0.2202898 0.2085877 0.1080901 0.1030774 0.0901521 
XM_040758199_1_PREDICTED_Mesocricetus_auratus_REV3_like_DNA_directed_polymerase_zeta_catalytic_subunit_Rev3l_transcript_variant_X1_mRNA_1                  0.1232548 0.0609181 0.0517767 0.1208743 0.1831297 0.1682855 0.1366764 0.2083572 0.0000000 0.1208743 0.2139961 0.1644295 0.1644295 0.1366764 0.1503035 0.0499000 0.1723528 0.1875890 0.1231228 0.1878739 0.3155072 0.2974454 0.4173304 0.3346918 0.2387145 0.1958836 0.2188833 0.0722479 0.1684398 0.1724994 0.0751036 0.0734646 0.1810882 0.0517767 0.0392678 0.0392678 0.0392678 0.0763587 0.0398766 0.0507068 0.1682969 0.1538785 0.1924552 0.1724700 0.1724700 0.1572735 0.1682855 0.1538188 0.1538188 0.1683992 0.1644295 0.2139961 0.2139961 0.1683992 0.1538188 0.1682855 0.1682855 0.1397111 0.2142387 0.1831297 0.1644295 0.1984329 0.1984329 0.1366764 0.1366764 0.1644295 0.1644295 0.1918755 0.2599305 0.1398621 0.1834733 0.1644295 0.1790136 0.1611442 0.1397111 0.1682855 0.1365311 0.1365311 0.1102047 0.1232548 0.1366764 0.1503035 0.1231228 0.1644295 0.1647105 0.1503035 0.1339327 0.1339327 0.1339327 0.1339327 0.1208743 0.1366764 0.1366764 0.1366764 0.1878739 0.2035650 0.2033549 0.2257217 0.1648206 0.1646494 0.1396650 0.1644295 0.2198867 0.1614654 0.1683609 0.1723528 9.0000000 0.3040636 0.2952740 0.2139961 0.2138616 0.1684758 
XM_015448392_1_PREDICTED_Macaca_fascicularis_REV3_like_DNA_directed_polymerase_zeta_catalytic_subunit_REV3L_transcript_variant_X1_mRNA_1                   0.0192201 0.0958618 0.0749656 0.0000010 0.0403175 0.0299223 0.0094495 0.0774179 0.1208743 0.0000000 0.0545878 0.0292930 0.0292930 0.0505544 0.0616683 0.0837806 0.0641342 0.0881571 0.0397286 0.0412836 0.1309853 0.1459751 0.2029143 0.1458089 0.1320868 0.1286948 0.1083977 0.0838404 0.0513857 0.0410078 0.0998330 0.1367940 0.0545980 0.0749656 0.0721200 0.0957940 0.0721200 0.1428965 0.0976177 0.0853125 0.0403474 0.0297612 0.0775655 0.0522095 0.0522095 0.0409704 0.0299223 0.0196085 0.0196085 0.0299446 0.0292930 0.0545878 0.0545878 0.0299446 0.0405915 0.0299223 0.0299223 0.0299223 0.0663119 0.0403175 0.0292930 0.0513012 0.0513012 0.0293143 0.0293143 0.0292930 0.0292930 0.1917439 0.1037253 0.0096485 0.0403968 0.0292930 0.0617133 0.0421367 0.0299223 0.0299223 0.0292930 0.0505174 0.0505544 0.0397577 0.0505544 0.0192004 0.0397286 0.0292930 0.0505914 0.0397286 0.0093303 0.0093303 0.0093303 0.0093303 0.0189669 0.0094495 0.0293234 0.0293234 0.0412836 0.0525445 0.0524868 0.1575244 0.0506450 0.0505914 0.0513946 0.0292930 0.0637682 0.0304394 0.0297392 0.0886622 9.0000000 0.1396065 0.1284501 0.0545878 0.0865009 0.0297612 
XM_004753515_2_PREDICTED_Mustela_putorius_furo_REV3_like_polymerase_DNA_directed_zeta_catalytic_subunit_REV3L_transcript_variant_X1_mRNA_1                 0.0641342 0.1694242 0.1573783 0.0545878 0.0651767 0.0412524 0.0524868 0.1080901 0.2139961 0.0545878 0.0000000 0.0524470 0.0303559 0.0761903 0.0885631 0.1651789 0.1200709 0.1283136 0.0640857 0.0925757 0.1229258 0.1366033 0.1572330 0.1364582 0.1376864 0.1530956 0.1147388 0.1535744 0.0870408 0.0921513 0.1785069 0.2379423 0.1110554 0.1573783 0.1497435 0.1810469 0.1497435 0.2267312 0.1859460 0.1694789 0.0902904 0.0776120 0.1082615 0.1057252 0.1057252 0.0920638 0.0412524 0.0303886 0.0303886 0.0310666 0.0524470 0.0189834 0.0000010 0.0412836 0.0412524 0.0412524 0.0412524 0.0412524 0.0961836 0.0651767 0.0679162 0.0774926 0.0774926 0.0524868 0.0524868 0.0524470 0.0524470 0.2368922 0.1346192 0.0412836 0.0652883 0.0303559 0.0536437 0.0545980 0.0412524 0.0412524 0.0524470 0.0524470 0.0761903 0.0641342 0.0761903 0.0412075 0.0640857 0.0524470 0.1015920 0.0640857 0.0545878 0.0667740 0.0667740 0.0545878 0.0667740 0.0524868 0.0761903 0.0761903 0.0925757 0.1061576 0.1060337 0.2320194 0.1017059 0.1015920 0.1036281 0.0412075 0.0719570 0.0654127 0.0617035 0.1495447 9.0000000 0.1202064 0.1228600 0.0189834 0.1170078 0.0617486 
XM_034668992_1_PREDICTED_Ailuropoda_melanoleuca_REV3_like_DNA_directed_polymerase_zeta_catalytic_subunit_REV3L_transcript_variant_X1_mRNA_1                0.0288654 0.1366259 0.1148671 0.0292930 0.0292459 0.0288654 0.0189314 0.0411005 0.1644295 0.0292930 0.0524470 0.0000000 0.0189179 0.0391244 0.0718541 0.1231228 0.0747342 0.0864063 0.0288447 0.0516181 0.1142126 0.1282444 0.1492018 0.1281011 0.1566932 0.1408299 0.1035409 0.1232096 0.0616476 0.0513012 0.1428473 0.1832818 0.0655033 0.1148671 0.1100863 0.1365311 0.1100863 0.1723416 0.1395369 0.1257298 0.0504562 0.0397225 0.0884966 0.0626595 0.0626595 0.0512549 0.0288654 0.0189314 0.0189314 0.0288861 0.0000010 0.0524470 0.0524470 0.0288861 0.0391244 0.0288654 0.0288654 0.0288654 0.0417736 0.0292459 0.0402876 0.0396646 0.0396646 0.0189314 0.0189314 0.0189179 0.0189179 0.1714801 0.1256613 0.0288861 0.0505174 0.0189179 0.0497168 0.0405549 0.0288654 0.0288654 0.0189179 0.0390963 0.0391244 0.0288654 0.0391244 0.0093063 0.0288447 0.0189179 0.0606736 0.0288447 0.0397286 0.0397286 0.0397286 0.0397286 0.0505174 0.0189314 0.0189314 0.0189314 0.0516181 0.0630259 0.0629575 0.1682969 0.0607372 0.0606736 0.0616585 0.0189179 0.0743509 0.0505914 0.0396935 0.0747342 9.0000000 0.1425544 0.1311301 0.0524470 0.0503826 0.0397225 
XM_015600069_2_PREDICTED_Pteropus_alecto_REV3_like_DNA_directed_polymerase_zeta_catalytic_subunit_REV3L_transcript_variant_X1_mRNA_1                       0.0288654 0.1366259 0.1148671 0.0292930 0.0292459 0.0288654 0.0189314 0.0639181 0.1644295 0.0292930 0.0303559 0.0189179 0.0000000 0.0391244 0.0496652 0.1231228 0.0747342 0.0989480 0.0288447 0.0516181 0.1142126 0.1282444 0.1492018 0.1281011 0.1566932 0.1408299 0.1311709 0.1232096 0.0616476 0.0513012 0.1428473 0.1832818 0.0655033 0.1148671 0.1100863 0.1365311 0.1100863 0.1723416 0.1395369 0.1257298 0.0504562 0.0397225 0.0640148 0.0626595 0.0626595 0.0512549 0.0288654 0.0189314 0.0189314 0.0288861 0.0189179 0.0524470 0.0303559 0.0288861 0.0391244 0.0288654 0.0288654 0.0288654 0.0532071 0.0292459 0.0402876 0.0396646 0.0396646 0.0189314 0.0189314 0.0189179 0.0189179 0.1714801 0.1256613 0.0288861 0.0292930 0.0000010 0.0288654 0.0405549 0.0288654 0.0288654 0.0189179 0.0189179 0.0391244 0.0288654 0.0391244 0.0093063 0.0288447 0.0189179 0.0606736 0.0288447 0.0397286 0.0397286 0.0397286 0.0397286 0.0505174 0.0189314 0.0391244 0.0391244 0.0516181 0.0630259 0.0629575 0.1682969 0.0607372 0.0606736 0.0616585 0.0189179 0.0743509 0.0505914 0.0396935 0.0994518 9.0000000 0.1145500 0.1032161 0.0524470 0.0729921 0.0397225 
XM_005883745_2_PREDICTED_Myotis_brandtii_REV3_like_polymerase_DNA_directed_zeta_catalytic_subunit_REV3L_transcript_variant_X1_mRNA_1                       0.0497526 0.1367714 0.1149957 0.0505544 0.0504727 0.0497526 0.0391525 0.0884301 0.1366764 0.0505544 0.0761903 0.0391244 0.0391244 0.0000000 0.0719055 0.1232548 0.0747896 0.1253439 0.0288654 0.0748714 0.1719090 0.1877577 0.2141897 0.1875574 0.1255866 0.1108060 0.1312680 0.1233417 0.0851152 0.0744873 0.1430052 0.1539045 0.0906697 0.1149957 0.1102047 0.1366764 0.1102047 0.1427685 0.1124487 0.0994369 0.0731516 0.0617035 0.0885631 0.0866453 0.0866453 0.0744199 0.0497526 0.0391525 0.0391525 0.0497884 0.0391244 0.0761903 0.0761903 0.0497884 0.0606936 0.0288861 0.0288861 0.0497526 0.0774197 0.0504727 0.0626696 0.0396935 0.0396935 0.0189506 0.0189506 0.0391244 0.0391244 0.1715983 0.1537615 0.0497884 0.0732418 0.0391244 0.0497526 0.0630259 0.0497526 0.0497526 0.0189314 0.0391244 0.0391648 0.0093223 0.0000010 0.0288654 0.0288654 0.0391244 0.0607372 0.0288654 0.0617133 0.0617133 0.0617133 0.0617133 0.0732418 0.0391525 0.0606936 0.0606936 0.0748714 0.0870575 0.0869621 0.1286932 0.0392089 0.0607172 0.0617035 0.0391244 0.0991292 0.0631301 0.0616585 0.0747896 9.0000000 0.1610851 0.1494800 0.0761903 0.0730452 0.0617035 
XM_006157005_3_PREDICTED_Tupaia_chinensis_REV3_like_DNA_directed_polymerase_zeta_catalytic_subunit_REV3L_transcript_variant_X3_mRNA_1                      0.0606500 0.1504060 0.1285993 0.0616683 0.0615480 0.0835312 0.0497168 0.1281267 0.1503035 0.0616683 0.0885631 0.0718541 0.0496652 0.0719055 0.0000000 0.1365311 0.0629790 0.1390137 0.0605866 0.0869932 0.1421412 0.1571004 0.2139587 0.1569277 0.1255387 0.1107167 0.1171854 0.1645394 0.0973215 0.0744321 0.1574048 0.1985936 0.0906003 0.1285993 0.1231228 0.1503035 0.1231228 0.2085308 0.1257298 0.1123252 0.0616135 0.0731767 0.0524073 0.0991487 0.0991487 0.0865175 0.0835312 0.0719055 0.0719055 0.0835906 0.0718541 0.1147388 0.0885631 0.0835906 0.0955091 0.0835312 0.0835312 0.0835312 0.0900675 0.0615480 0.0743509 0.0730452 0.0730452 0.0719055 0.0719055 0.0496652 0.0496652 0.1565930 0.1256613 0.0606936 0.0616683 0.0496652 0.0606301 0.0994518 0.0835312 0.0835312 0.0496652 0.0496652 0.0955091 0.0606301 0.0719055 0.0605866 0.0605866 0.0718541 0.0719811 0.0605866 0.0731884 0.0731884 0.0731884 0.0731884 0.0850833 0.0497168 0.0719297 0.0719297 0.0869932 0.0995608 0.0994518 0.1832516 0.0720327 0.0497526 0.0731767 0.0718541 0.0865318 0.0852068 0.0731234 0.0747604 9.0000000 0.1571436 0.1764717 0.1147388 0.0848552 0.0731767 
XM_027402162_2_PREDICTED_Cricetulus_griseus_REV3_like_DNA_directed_polymerase_zeta_catalytic_subunit_Rev3l_transcript_variant_X5_mRNA_1                    0.0852367 0.0722479 0.0632206 0.0837806 0.1394145 0.1259748 0.0975313 0.1312394 0.0499000 0.0837806 0.1651789 0.1231228 0.1231228 0.1232548 0.1365311 0.0000000 0.1574048 0.1721251 0.1365311 0.1288366 0.2606912 0.2435771 0.3546317 0.2788990 0.2581532 0.2139558 0.2363042 0.0839290 0.1538459 0.1285045 0.0873277 0.1104205 0.1347872 0.0632206 0.0499000 0.0499000 0.0499000 0.1151205 0.0507068 0.0619004 0.1257085 0.1124297 0.1765831 0.1284822 0.1284822 0.1145975 0.1259748 0.1126191 0.1126191 0.1260649 0.1231228 0.1651789 0.1651789 0.1260649 0.1126191 0.1259748 0.1259748 0.1259748 0.1808982 0.1394145 0.1231228 0.1536061 0.1536061 0.0975313 0.0975313 0.1231228 0.1231228 0.2081028 0.2089946 0.0997598 0.1396887 0.1231228 0.1645394 0.1462233 0.1259748 0.1259748 0.1231228 0.1231228 0.0975313 0.1102047 0.1232548 0.1100863 0.1365311 0.1231228 0.0976016 0.1365311 0.0957940 0.0957940 0.0957940 0.0957940 0.0837806 0.0975313 0.1232548 0.1232548 0.1288366 0.1430052 0.1428473 0.1769024 0.1506673 0.1505086 0.1258462 0.1231228 0.1723121 0.1178722 0.0993472 0.1574048 9.0000000 0.2524777 0.2424554 0.1651789 0.1982301 0.1258462 
XM_013069186_2_PREDICTED_Heterocephalus_glaber_REV3_like_DNA_directed_polymerase_zeta_catalytic_subunit_Rev3l_transcript_variant_X1_mRNA_1                 0.0630259 0.1878017 0.1651495 0.0641342 0.0884816 0.0869621 0.0516181 0.1342178 0.1723528 0.0641342 0.1200709 0.0747342 0.0747342 0.0747896 0.0629790 0.1574048 0.0000000 0.1456218 0.0629575 0.0907392 0.1341308 0.1495207 0.2081964 0.1493476 0.1484217 0.1320607 0.1227570 0.1724717 0.0761903 0.0793386 0.1974297 0.1973270 0.0516656 0.1651495 0.1574048 0.1723528 0.1574048 0.2078776 0.1497435 0.1347573 0.0288907 0.0391871 0.0196116 0.0617144 0.0617144 0.0731649 0.0869621 0.0747896 0.0747896 0.0870263 0.0747342 0.1200709 0.1200709 0.0870263 0.0995246 0.0869621 0.0869621 0.0869621 0.1224807 0.0884816 0.1034308 0.1013474 0.1013474 0.0747896 0.0747896 0.0747342 0.0747342 0.1801948 0.1461655 0.0630728 0.0779098 0.0747342 0.0869621 0.1038378 0.0869621 0.0869621 0.0515624 0.0747342 0.0995246 0.0630043 0.0747896 0.0629575 0.0629575 0.0747342 0.0516739 0.0629575 0.0761903 0.0761903 0.0761903 0.0761903 0.0886622 0.0516181 0.0748159 0.0748159 0.0907392 0.1039563 0.1038378 0.1766769 0.0517124 0.0299495 0.0524961 0.0747342 0.0902550 0.0642541 0.0761200 0.0655773 9.0000000 0.1976210 0.2205959 0.1200709 0.0884152 0.0524961 
XM_008852401_2_PREDICTED_Nannospalax_galili_REV3_like_DNA_directed_polymerase_zeta_catalytic_subunit_Rev3l_transcript_variant_X1_mRNA_1                    0.0865009 0.1459190 0.1342573 0.0881571 0.1141280 0.0864700 0.0743509 0.1028261 0.1875890 0.0881571 0.1283136 0.0864063 0.0989480 0.1253439 0.1390137 0.1721251 0.1456218 0.0000000 0.1118974 0.1170961 0.1420386 0.1569277 0.2486268 0.1872302 0.1956116 0.1778595 0.1488572 0.1313373 0.0972170 0.1167154 0.1531593 0.2431246 0.1374480 0.1342573 0.1282172 0.1570662 0.1282172 0.2567169 0.1925508 0.1765116 0.1142126 0.1010211 0.1645420 0.1166948 0.1166948 0.1029258 0.0864700 0.0990205 0.0990205 0.1013270 0.0864063 0.1283136 0.1283136 0.1120601 0.1253439 0.1119787 0.1119787 0.1119787 0.1167659 0.1141280 0.1307376 0.1278643 0.1278643 0.0990205 0.0990205 0.0989480 0.0989480 0.2304934 0.2088960 0.0865647 0.1143604 0.0989480 0.1282201 0.1310671 0.1119787 0.1119787 0.0989480 0.0989480 0.0743249 0.1119787 0.1253439 0.0864063 0.1118974 0.0989480 0.1254339 0.1118974 0.1010384 0.1010384 0.1010384 0.1010384 0.1143604 0.0743509 0.0865009 0.0865009 0.1170961 0.1312163 0.1310671 0.2606912 0.1255711 0.1254339 0.1281011 0.0989480 0.1252539 0.1145302 0.1009456 0.1310671 9.0000000 0.2360977 0.2087432 0.1283136 0.1564719 0.1010211 
XM_023650934_1_PREDICTED_Equus_caballus_REV3_like_DNA_directed_polymerase_zeta_catalytic_subunit_REV3L_transcript_variant_X1_mRNA_1                        0.0391244 0.1232096 0.1015540 0.0397286 0.0396646 0.0391244 0.0288654 0.0759334 0.1231228 0.0397286 0.0640857 0.0288447 0.0288447 0.0288654 0.0605866 0.1365311 0.0629575 0.1118974 0.0000000 0.0630259 0.1567552 0.1721628 0.1971717 0.1719760 0.1408299 0.1254864 0.1171402 0.1101648 0.0505009 0.0626696 0.1286932 0.1395369 0.0778366 0.1015540 0.0974263 0.1231228 0.0974263 0.1283830 0.0993276 0.0867381 0.0615929 0.0505095 0.0760481 0.0744199 0.0744199 0.0626130 0.0391244 0.0288654 0.0288654 0.0391525 0.0288447 0.0640857 0.0640857 0.0391525 0.0497168 0.0391244 0.0391244 0.0189314 0.0532071 0.0396646 0.0512631 0.0504358 0.0504358 0.0288654 0.0288654 0.0288447 0.0288447 0.1280114 0.1394605 0.0391525 0.0616683 0.0288447 0.0391244 0.0298955 0.0189314 0.0391244 0.0093063 0.0288447 0.0497168 0.0189314 0.0288654 0.0189179 0.0000010 0.0288447 0.0719570 0.0189179 0.0505174 0.0505174 0.0505174 0.0505174 0.0616683 0.0288654 0.0288654 0.0288654 0.0630259 0.0748159 0.0747342 0.1537130 0.0497884 0.0497366 0.0505095 0.0288447 0.0865009 0.0617585 0.0504727 0.0868980 9.0000000 0.1572050 0.1458026 0.0640857 0.0615031 0.0505095 
XM_035296530_1_PREDICTED_Callithrix_jacchus_REV3_like_DNA_directed_polymerase_zeta_catalytic_subunit_REV3L_transcript_variant_X1_mRNA_1                    0.0406286 0.1576881 0.1348894 0.0412836 0.0640751 0.0630728 0.0299495 0.0923234 0.1878739 0.0412836 0.0925757 0.0516181 0.0516181 0.0748714 0.0869932 0.1288366 0.0907392 0.1170961 0.0630259 0.0000000 0.1648220 0.1812327 0.2448863 0.1810284 0.1700609 0.1525997 0.1228528 0.1431081 0.0762480 0.0653006 0.1654578 0.1769024 0.0813547 0.1348894 0.1288366 0.1575769 0.1288366 0.1859460 0.1614165 0.1463568 0.0641236 0.0525360 0.1060752 0.0776272 0.0776272 0.0652392 0.0630728 0.0516566 0.0516566 0.0631198 0.0516181 0.0925757 0.0925757 0.0631198 0.0748714 0.0630728 0.0630728 0.0630728 0.0942448 0.0640751 0.0775523 0.0761200 0.0761200 0.0516566 0.0516566 0.0516181 0.0516181 0.1965562 0.1348352 0.0406589 0.0642053 0.0516181 0.0630728 0.0779565 0.0630728 0.0406153 0.0516181 0.0748159 0.0748714 0.0630728 0.0748714 0.0405851 0.0630259 0.0516181 0.0631198 0.0630259 0.0525445 0.0525445 0.0525445 0.0525445 0.0642053 0.0299495 0.0516739 0.0516739 0.0000010 0.0093463 0.0093369 0.1463890 0.0750090 0.0749270 0.0762625 0.0516181 0.0903242 0.0643029 0.0412458 0.1176081 9.0000000 0.1977595 0.1738670 0.0925757 0.1146344 0.0525360 
XM_007484437_2_PREDICTED_Monodelphis_domestica_REV3_like_DNA_directed_polymerase_zeta_catalytic_subunit_REV3L_transcript_variant_X1_mRNA_1                 0.1281011 0.2673085 0.2568996 0.1309853 0.1453444 0.1568665 0.1143407 0.1643970 0.3155072 0.1309853 0.1229258 0.1142126 0.1142126 0.1719090 0.1421412 0.2606912 0.1341308 0.1420386 0.1567552 0.1648220 0.0000000 0.0497092 0.0730984 0.0288404 0.2563696 0.2379632 0.1871576 0.2492895 0.0865957 0.1528027 0.2830320 0.2949195 0.1253690 0.2568996 0.2430863 0.2430863 0.2430863 0.3129411 0.2757508 0.2569408 0.1308639 0.1168286 0.1406754 0.1490865 0.1490865 0.1645571 0.1568665 0.1422439 0.1422439 0.1457286 0.1142126 0.1500651 0.1229258 0.1569779 0.1568665 0.1568665 0.1568665 0.1568665 0.1730956 0.1453444 0.1645191 0.1604447 0.1604447 0.1422439 0.1422439 0.1279580 0.1279580 0.3736636 0.1650222 0.1281950 0.1195992 0.1142126 0.1456218 0.1806207 0.1568665 0.1568665 0.1421412 0.1421412 0.1719090 0.1568665 0.1719090 0.1279580 0.1567552 0.1142126 0.1424020 0.1279580 0.1309853 0.1168038 0.1456431 0.1309853 0.1456431 0.1143407 0.1143407 0.1143407 0.1648220 0.1808244 0.1491749 0.2875738 0.1425603 0.1424020 0.1456753 0.1279580 0.1097538 0.1312337 0.1120012 0.1647007 9.0000000 0.1764408 0.1975611 0.1500651 0.1917982 0.0865813 
XM_031964400_1_PREDICTED_Sarcophilus_harrisii_REV3_like_DNA_directed_polymerase_zeta_catalytic_subunit_REV3L_transcript_variant_X1_mRNA_1                  0.1426157 0.2497950 0.2389838 0.1459751 0.1608066 0.1722827 0.1283879 0.1688911 0.2974454 0.1459751 0.1366033 0.1282444 0.1282444 0.1877577 0.1571004 0.2435771 0.1495207 0.1569277 0.1721628 0.1812327 0.0497092 0.0000000 0.0617035 0.0189478 0.3023513 0.2827518 0.2248461 0.2321099 0.1257557 0.1375709 0.2643194 0.2390239 0.1411633 0.2389838 0.2263121 0.2263121 0.2263121 0.2930090 0.2574716 0.2390239 0.1458412 0.1313142 0.1570441 0.1494348 0.1494348 0.1649377 0.1722827 0.1572121 0.1572121 0.1610927 0.1282444 0.1645126 0.1366033 0.1724026 0.1722827 0.1722827 0.1722827 0.1722827 0.1907926 0.1608066 0.1810745 0.1763951 0.1763951 0.1572121 0.1572121 0.1424573 0.1424573 0.3335415 0.2153893 0.1427190 0.1344683 0.1282444 0.1609767 0.1974937 0.1722827 0.1722827 0.1571004 0.1282444 0.1572121 0.1722827 0.1877577 0.1424573 0.1721628 0.1282444 0.1573853 0.1424573 0.1459751 0.1312856 0.1611334 0.1459751 0.1611334 0.1283879 0.1283879 0.1283879 0.1812327 0.1977121 0.1974937 0.2509793 0.1575588 0.1573853 0.1460074 0.1424573 0.1230158 0.1462497 0.1256440 0.1495207 9.0000000 0.1928952 0.2151411 0.1645126 0.1922176 0.0993668 
XM_036766364_1_PREDICTED_Trichosurus_vulpecula_REV3_like_DNA_directed_polymerase_zeta_catalytic_subunit_REV3L_transcript_variant_X1_mRNA_1                 0.1973099 0.3636207 0.3554683 0.2029143 0.1854930 0.1973099 0.1808565 0.2328310 0.4173304 0.2029143 0.1572330 0.1492018 0.1492018 0.2141897 0.2139587 0.3546317 0.2081964 0.2486268 0.1971717 0.2448863 0.0730984 0.0617035 0.0000000 0.0397225 0.3859846 0.3640189 0.2921283 0.3430471 0.1459768 0.1960826 0.3868828 0.3555091 0.2016116 0.3554683 0.3344543 0.3344543 0.3344543 0.3916635 0.3770568 0.3555091 0.2027328 0.1858442 0.2202559 0.1909721 0.1909721 0.2085624 0.1973099 0.1808565 0.1808565 0.1855651 0.1492018 0.1874774 0.1572330 0.1974482 0.1973099 0.1973099 0.1973099 0.1973099 0.2208949 0.1854930 0.2086006 0.2025877 0.2025877 0.1808565 0.1808565 0.1647303 0.1647303 0.3757955 0.2463482 0.1974482 0.1906533 0.1492018 0.1854301 0.2262415 0.1973099 0.1973099 0.1807264 0.1807264 0.2141897 0.1973099 0.2141897 0.1647303 0.1971717 0.1492018 0.2143354 0.1647303 0.2029143 0.1858000 0.1858000 0.2029143 0.2204946 0.1808565 0.1808565 0.1808565 0.2448863 0.2637730 0.2262415 0.3257133 0.2145667 0.2143354 0.2029625 0.1647303 0.1718639 0.2032897 0.1762341 0.2447213 9.0000000 0.1859707 0.2088936 0.1874774 0.1852789 0.1459511 
XM_027848601_1_PREDICTED_Vombatus_ursinus_REV3_like_DNA_directed_polymerase_zeta_catalytic_subunit_REV3L_transcript_variant_X1_mRNA_1                      0.1424573 0.2859282 0.2759822 0.1458089 0.1606255 0.1720957 0.1282444 0.2023585 0.3346918 0.1458089 0.1364582 0.1281011 0.1281011 0.1875574 0.1569277 0.2788990 0.1493476 0.1872302 0.1719760 0.1810284 0.0288404 0.0189478 0.0397225 0.0000000 0.3020660 0.2824717 0.2246154 0.2675693 0.0992743 0.1374065 0.3029221 0.2760241 0.1409914 0.2759822 0.2609451 0.2609451 0.2609451 0.3341089 0.2951988 0.2760241 0.1456753 0.1311638 0.1568546 0.1649377 0.1649377 0.1809104 0.1720957 0.1570391 0.1570391 0.1609128 0.1281011 0.1643418 0.1364582 0.1722154 0.1720957 0.1720957 0.1720957 0.1720957 0.1905665 0.1606255 0.1808683 0.1762001 0.1762001 0.1570391 0.1570391 0.1422991 0.1422991 0.3739483 0.1814129 0.1425603 0.1343115 0.1281011 0.1607970 0.1972755 0.1720957 0.1720957 0.1569277 0.1569277 0.1875574 0.1720957 0.1875574 0.1422991 0.1719760 0.1281011 0.1572121 0.1422991 0.1458089 0.1311353 0.1609518 0.1458089 0.1609518 0.1282444 0.1282444 0.1282444 0.1810284 0.1974937 0.1648894 0.2507215 0.1573853 0.1572121 0.1458412 0.1422991 0.1228843 0.1460831 0.1255067 0.1808982 9.0000000 0.1926845 0.2149061 0.1643418 0.1920078 0.0992577 
XM_040983897_1_PREDICTED_Ochotona_curzoniae_REV3_like_DNA_directed_polymerase_zeta_catalytic_subunit_REV3L_transcript_variant_X1_mRNA_1                    0.1410000 0.2388834 0.2133780 0.1320868 0.1777088 0.1410000 0.1256389 0.1850071 0.2387145 0.1320868 0.1376864 0.1566932 0.1566932 0.1255866 0.1255387 0.2581532 0.1484217 0.1956116 0.1408299 0.1700609 0.2563696 0.3023513 0.3859846 0.3020660 0.0000000 0.0288861 0.0524073 0.2388834 0.1955663 0.1529791 0.2539808 0.3304343 0.1570390 0.2133780 0.2011288 0.2387145 0.2011288 0.3526661 0.2467670 0.2268566 0.1444524 0.1610381 0.1699887 0.2013663 0.2013663 0.1829230 0.1410000 0.1256389 0.1256389 0.1411110 0.1566932 0.1376864 0.1376864 0.1411110 0.1410000 0.1108060 0.1108060 0.1410000 0.2336812 0.1777088 0.1880021 0.1607135 0.1607135 0.1568142 0.1568142 0.1566932 0.1566932 0.3077118 0.1610172 0.1109410 0.1780955 0.1566932 0.1731920 0.1653712 0.1410000 0.1410000 0.1254864 0.1566932 0.1568142 0.1409407 0.1255866 0.1408299 0.1408299 0.1566932 0.1570019 0.1408299 0.1320868 0.1484510 0.1484510 0.1320868 0.1484510 0.1256389 0.1568807 0.1568807 0.1700609 0.1880993 0.1878651 0.2670796 0.1258396 0.1257392 0.1610381 0.1408299 0.1528628 0.1448931 0.1343194 0.1059515 9.0000000 0.3205315 0.2668759 0.1376864 0.1775715 0.1344211 
XM_004580498_1_PREDICTED_Ochotona_princeps_REV3_like_DNA_directed_polymerase_zeta_catalytic_subunit_REV3L_mRNA_1                                           0.1256389 0.1960312 0.1703480 0.1286948 0.1607135 0.1568142 0.1108060 0.1686065 0.1958836 0.1286948 0.1530956 0.1408299 0.1408299 0.1108060 0.1107167 0.2139558 0.1320607 0.1778595 0.1254864 0.1525997 0.2379632 0.2827518 0.3640189 0.2824717 0.0288861 0.0000000 0.0640148 0.1960312 0.1780177 0.1375231 0.2076598 0.2802110 0.1411439 0.1703480 0.1612671 0.1958836 0.1612671 0.2984942 0.2018438 0.1835130 0.1285649 0.1445688 0.1523644 0.1830680 0.1830680 0.1652205 0.1568142 0.1409407 0.1409407 0.1569353 0.1408299 0.1530956 0.1530956 0.1569353 0.1568142 0.1568142 0.1568142 0.1568142 0.2133821 0.1607135 0.1828764 0.1777088 0.1777088 0.1108060 0.1108060 0.1408299 0.1408299 0.2866186 0.1762527 0.1257392 0.1610692 0.1408299 0.1568142 0.1828048 0.1568142 0.1568142 0.1106713 0.1408299 0.1108060 0.0965041 0.1108060 0.1254864 0.1254864 0.1408299 0.1109410 0.1254864 0.1286948 0.1445968 0.1445968 0.1286948 0.1445968 0.1108060 0.1410000 0.1410000 0.1525997 0.1700609 0.1698459 0.2746788 0.1412221 0.1108955 0.1445688 0.1254864 0.1374167 0.1486946 0.1198392 0.1199788 9.0000000 0.2983764 0.2465271 0.1530956 0.1605865 0.1199312 
XM_008263376_2_PREDICTED_Oryctolagus_cuniculus_REV3_like_DNA_directed_polymerase_zeta_catalytic_subunit_REV3L_transcript_variant_X1_mRNA_1                 0.1172733 0.2190314 0.1952801 0.1083977 0.1489799 0.1172733 0.1036589 0.1280777 0.2188833 0.1083977 0.1147388 0.1035409 0.1311709 0.1312680 0.1171854 0.2363042 0.1227570 0.1488572 0.1171402 0.1228528 0.1871576 0.2248461 0.2921283 0.2246154 0.0524073 0.0640148 0.0000000 0.2019670 0.1646178 0.1528628 0.2314490 0.2435578 0.1777742 0.1952801 0.1851594 0.2188833 0.1851594 0.2579169 0.2254034 0.2076429 0.1197474 0.1343194 0.1408892 0.1687716 0.1687716 0.1527184 0.1172733 0.1036589 0.1036589 0.1173614 0.1035409 0.1147388 0.1147388 0.1173614 0.1172733 0.1172733 0.1172733 0.1172733 0.1775377 0.1489799 0.1565723 0.1643488 0.1643488 0.1312680 0.1312680 0.1311709 0.1311709 0.2424772 0.2023748 0.0905821 0.1492887 0.1311709 0.1172281 0.1376197 0.1172733 0.0904790 0.1035409 0.1311709 0.1312680 0.1172281 0.1312680 0.1171402 0.1171402 0.1311709 0.1314165 0.1171402 0.1083977 0.1227795 0.1227795 0.1083977 0.1227795 0.1036589 0.1036589 0.1036589 0.1228528 0.1377255 0.1375634 0.2739183 0.1315139 0.1037376 0.1343194 0.1171402 0.1282201 0.1200925 0.1122729 0.1227570 9.0000000 0.2704607 0.2594221 0.1147388 0.1195167 0.1123542 
XM_029482641_1_PREDICTED_Mus_caroli_REV3_like_DNA_directed_polymerase_zeta_catalytic_subunit_Rev3l_mRNA_1                                                  0.0852986 0.0093624 0.0407393 0.0838404 0.1395133 0.1260649 0.0976016 0.1609410 0.0722479 0.0838404 0.1535744 0.1232096 0.1232096 0.1233417 0.1645394 0.0839290 0.1724717 0.1313373 0.1101648 0.1431081 0.2492895 0.2321099 0.3430471 0.2675693 0.2388834 0.1960312 0.2019670 0.0000000 0.1150570 0.1428471 0.0196996 0.1104994 0.1653371 0.0407393 0.0289914 0.0499360 0.0289914 0.1152057 0.0735183 0.0619457 0.1396121 0.1259367 0.1925873 0.1428223 0.1428223 0.1284822 0.1260649 0.1127008 0.1127008 0.0998330 0.1232096 0.1535744 0.1535744 0.1261551 0.1127008 0.1260649 0.1260649 0.0997235 0.1650108 0.1395133 0.1232096 0.1537130 0.1537130 0.0976016 0.0976016 0.1232096 0.1232096 0.2082415 0.2257813 0.0998330 0.1397877 0.1232096 0.1367714 0.1177173 0.0997235 0.1260649 0.1232096 0.1232096 0.0733739 0.1102834 0.1233417 0.1101648 0.1101648 0.1232096 0.1234287 0.1366259 0.0958618 0.0958618 0.0958618 0.0958618 0.0838404 0.0976016 0.0976016 0.0976016 0.1431081 0.1289308 0.1575158 0.2428624 0.1507701 0.1506113 0.1259367 0.1232096 0.1611209 0.1179610 0.1258462 0.1724717 9.0000000 0.2415845 0.2311658 0.1535744 0.1983586 0.1259367 
XM_020168699_1_PREDICTED_Castor_canadensis_REV3_like_DNA_directed_polymerase_zeta_catalytic_subunit_Rev3l_mRNA_1                                           0.0505544 0.1288095 0.1174279 0.0513857 0.0744060 0.0732166 0.0397577 0.1169831 0.1684398 0.0513857 0.0870408 0.0616476 0.0616476 0.0851152 0.0973215 0.1538459 0.0761903 0.0972170 0.0505009 0.0762480 0.0865957 0.1257557 0.1459768 0.0992743 0.1955663 0.1780177 0.1646178 0.1150570 0.0000000 0.0652379 0.1348595 0.1767382 0.0925033 0.1174279 0.1124070 0.1396358 0.1124070 0.1857671 0.1316083 0.1174486 0.0513393 0.0403905 0.1059704 0.0638282 0.0638282 0.0757840 0.0732166 0.0616926 0.0616926 0.0630614 0.0616476 0.0870408 0.0870408 0.0732700 0.0851152 0.0732166 0.0732166 0.0505378 0.0919566 0.0744060 0.0882234 0.0865647 0.0865647 0.0616926 0.0616926 0.0616476 0.0616476 0.2078833 0.1014173 0.0505914 0.0641448 0.0616476 0.0869766 0.0641118 0.0505378 0.0732166 0.0616476 0.0850536 0.0851152 0.0732166 0.0851152 0.0505009 0.0505009 0.0616476 0.0617585 0.0731633 0.0627730 0.0627730 0.0627730 0.0627730 0.0745548 0.0397577 0.0397577 0.0397577 0.0762480 0.0887289 0.0641342 0.2039231 0.0618244 0.0617585 0.0627844 0.0616476 0.0850536 0.0514794 0.0627162 0.1015540 9.0000000 0.1538133 0.1572824 0.0870408 0.1253439 0.0403905 
XM_013032823_1_PREDICTED_Dipodomys_ordii_REV3_like_polymerase_DNA_directed_zeta_catalytic_subunit_Rev3l_mRNA_1                                             0.0403605 0.1428471 0.1199720 0.0410078 0.0637095 0.0627162 0.0297392 0.1054563 0.1724994 0.0410078 0.0921513 0.0513012 0.0513012 0.0744873 0.0744321 0.1285045 0.0793386 0.1167154 0.0626696 0.0653006 0.1528027 0.1375709 0.1960826 0.1374065 0.1529791 0.1375231 0.1528628 0.1428471 0.0652379 0.0000000 0.1497725 0.1685039 0.0641461 0.1199720 0.1147024 0.1427437 0.1147024 0.1766138 0.1124487 0.0994369 0.0532979 0.0418910 0.0885955 0.0663882 0.0663882 0.0648633 0.0627162 0.0513393 0.0513393 0.0627629 0.0513012 0.0921513 0.0921513 0.0627629 0.0744873 0.0627162 0.0627162 0.0627162 0.0938121 0.0637095 0.0771488 0.0757268 0.0757268 0.0513393 0.0513393 0.0513012 0.0513012 0.2136316 0.1016299 0.0403905 0.0397704 0.0513012 0.0866597 0.0775523 0.0627162 0.0627162 0.0513012 0.0744321 0.0744873 0.0627162 0.0744873 0.0403175 0.0626696 0.0513012 0.0641342 0.0626696 0.0522180 0.0522180 0.0522180 0.0522180 0.0638387 0.0297392 0.0513564 0.0513564 0.0653006 0.0776405 0.0775523 0.1612505 0.0642053 0.0641342 0.0652502 0.0513012 0.0899090 0.0534489 0.0521701 0.0869932 9.0000000 0.1859707 0.1862134 0.0921513 0.1142559 0.0418910 
XM_029542499_1_PREDICTED_Mus_pahari_REV3_like_DNA_directed_polymerase_zeta_catalytic_subunit_Rev3l_transcript_variant_X1_mRNA_1                            0.1017438 0.0096828 0.0190300 0.0998330 0.1610927 0.1463299 0.1150808 0.1855651 0.0751036 0.0998330 0.1785069 0.1428473 0.1428473 0.1430052 0.1574048 0.0873277 0.1974297 0.1531593 0.1286932 0.1654578 0.2830320 0.2643194 0.3868828 0.3029221 0.2539808 0.2076598 0.2314490 0.0196996 0.1348595 0.1497725 0.0000000 0.1432912 0.1739791 0.0190300 0.0300306 0.0518154 0.0300306 0.1500546 0.0764891 0.0643850 0.1612087 0.1463309 0.2201673 0.1653216 0.1653216 0.1496330 0.1463299 0.1318120 0.1318120 0.1178515 0.1428473 0.1785069 0.1785069 0.1464367 0.1463299 0.1463299 0.1463299 0.1177173 0.1908063 0.1610927 0.1428473 0.1765525 0.1765525 0.1150808 0.1150808 0.1428473 0.1428473 0.1872483 0.2382177 0.1178515 0.1614165 0.1428473 0.1575769 0.1381571 0.1177173 0.1463299 0.1428473 0.1428473 0.0888283 0.1288366 0.1430052 0.1286932 0.1286932 0.1428473 0.1431081 0.1574048 0.1128243 0.1128243 0.1128243 0.1128243 0.0998330 0.1150808 0.1150808 0.1150808 0.1654578 0.1500006 0.1811440 0.2936653 0.1727766 0.1725906 0.1463309 0.1428473 0.1857773 0.1384524 0.1462235 0.1811440 9.0000000 0.2729257 0.2627182 0.1785069 0.2250771 0.1463309 
