31
XM_017512376_2_PREDICTED_Cebus_imitator_angiotensin_I_converting_enzyme_2_ACE2_transcript_variant_X1_mRNA_1                0.0000000 0.0018968 0.0377766 0.0356741 0.0292530 0.2241128 0.2321775 0.1784956 0.2312912 0.2427476 0.2188492 0.0836854 0.0815923 0.0838914 0.0884523 0.0835045 0.0860202 0.0905270 0.0857106 0.0905786 0.0902536 0.0923340 0.1126393 0.1000277 0.0976229 0.0974537 0.0926125 0.0971585 0.0972698 0.0949186 0.0949186 
XM_032285963_1_PREDICTED_Sapajus_apella_angiotensin_I_converting_enzyme_2_ACE2_transcript_variant_X1_mRNA_1                0.0018968 0.0000000 0.0356815 0.0335916 0.0272227 0.2208573 0.2288820 0.1755591 0.2279427 0.2424042 0.2156240 0.0813358 0.0792493 0.0815354 0.0860717 0.0811600 0.0836563 0.0881414 0.0833569 0.0881903 0.0878747 0.0899488 0.1101106 0.0975834 0.0951935 0.0950290 0.0902191 0.0947422 0.0948505 0.0925127 0.0925127 
XM_008988993_4_PREDICTED_Callithrix_jacchus_angiotensin_converting_enzyme_2_ACE2_mRNA_1                                    0.0377766 0.0356815 0.0000000 0.0423218 0.0356874 0.2316868 0.2292372 0.1855761 0.2168413 0.2481373 0.2129272 0.0869414 0.0894039 0.0871584 0.0917935 0.0867519 0.0893167 0.0892834 0.0844307 0.0990756 0.0987128 0.1008373 0.1147744 0.1114419 0.1089412 0.1061534 0.1011485 0.1058244 0.1059478 0.1035234 0.1035234 
XM_012434682_2_PREDICTED_Aotus_nancymaae_angiotensin_I_converting_enzyme_2_ACE2_mRNA_1                                     0.0356741 0.0335916 0.0423218 0.0000000 0.0255063 0.2276853 0.2235232 0.1647110 0.2190553 0.2426593 0.2303123 0.0845506 0.0869967 0.0847609 0.0893724 0.0796077 0.0821129 0.0914677 0.0865957 0.0942998 0.0939558 0.0960714 0.1146557 0.1017906 0.0993390 0.0966272 0.0917266 0.0916915 0.0917977 0.0894374 0.0894374 
XM_010336623_2_PREDICTED_Saimiri_boliviensis_boliviensis_angiotensin_converting_enzyme_2_ACE2_transcript_variant_X1_mRNA_1 0.0292530 0.0272227 0.0356874 0.0255063 0.0000000 0.2097360 0.2058971 0.1649732 0.2136968 0.2246511 0.2014421 0.0746491 0.0770113 0.0748311 0.0793134 0.0722952 0.0791822 0.0791549 0.0744672 0.0818314 0.0815384 0.0836121 0.1037413 0.0936352 0.0912494 0.0840846 0.0838629 0.0883610 0.0884622 0.0861417 0.0861417 
XM_003791864_2_PREDICTED_Otolemur_garnettii_angiotensin_I_converting_enzyme_2_ACE2_mRNA_1                                  0.2241128 0.2208573 0.2316868 0.2276853 0.2097360 0.0000000 0.1004662 0.1949048 0.2369043 0.2552209 0.2616843 0.2250494 0.2222407 0.2194689 0.2114049 0.2307650 0.2346059 0.2372872 0.2305028 0.2242933 0.2275817 0.2299836 0.2308941 0.2296718 0.2264918 0.2244092 0.2307996 0.2366230 0.2369167 0.2338025 0.2338025 
XM_053580366_1_PREDICTED_Nycticebus_coucang_angiotensin_converting_enzyme_2_ACE2_mRNA_1                                    0.2321775 0.2288820 0.2292372 0.2235232 0.2058971 0.1004662 0.0000000 0.1634661 0.2259001 0.2342946 0.2563693 0.2210696 0.2158462 0.2131023 0.2051826 0.2156515 0.2222159 0.2278420 0.2211855 0.2121652 0.2153731 0.2177502 0.2451599 0.2290952 0.2258912 0.2162524 0.2185145 0.2242305 0.2245078 0.2214585 0.2214585 
XM_012638731_1_PREDICTED_Propithecus_coquereli_angiotensin_I_converting_enzyme_2_ACE2_transcript_variant_X1_mRNA_1         0.1784956 0.1755591 0.1855761 0.1647110 0.1649732 0.1949048 0.1634661 0.0000000 0.1225385 0.1077588 0.2324964 0.1647109 0.1561451 0.1536640 0.1699411 0.1672463 0.1678241 0.1726886 0.1668203 0.1705711 0.1699116 0.1721726 0.1916129 0.1729005 0.1700726 0.1679446 0.1674540 0.1673923 0.1623390 0.1648620 0.1648620 
XM_020285237_1_PREDICTED_Microcebus_murinus_angiotensin_I_converting_enzyme_2_ACE2_mRNA_1                                  0.2312912 0.2279427 0.2168413 0.2190553 0.2136968 0.2369043 0.2259001 0.1225385 0.0000000 0.1472068 0.2682638 0.2156273 0.2190378 0.2162477 0.2122416 0.2265598 0.2333103 0.2154551 0.2088909 0.2216068 0.2249218 0.2273510 0.2296508 0.2386721 0.2353692 0.2288991 0.2281668 0.2280846 0.2283712 0.2252565 0.2252565 
XM_045538336_1_PREDICTED_Lemur_catta_angiotensin_converting_enzyme_2_ACE2_mRNA_1                                           0.2427476 0.2424042 0.2481373 0.2426593 0.2246511 0.2552209 0.2342946 0.1077588 0.1472068 0.0000000 0.2792779 0.2358372 0.2334210 0.2306120 0.2357962 0.2270263 0.2396579 0.2359737 0.2292273 0.2368744 0.2359067 0.2383216 0.2606277 0.2472350 0.2439235 0.2331132 0.2323842 0.2425613 0.2368814 0.2397169 0.2397169 
XM_008064619_1_PREDICTED_Carlito_syrichta_angiotensin_I_converting_enzyme_2_ACE2_mRNA_1                                    0.2188492 0.2156240 0.2129272 0.2303123 0.2014421 0.2616843 0.2563693 0.2324964 0.2682638 0.2792779 0.0000000 0.2238488 0.2123832 0.2096592 0.2119221 0.2176324 0.2241884 0.2124694 0.2060278 0.2056063 0.2087598 0.2111149 0.2221072 0.2251996 0.2220321 0.2125014 0.2118490 0.2174862 0.2177537 0.2147506 0.2147506 
NM_001371415_1_Homo_sapiens_angiotensin_converting_enzyme_2_ACE2_transcript_variant_1_mRNA_1                               0.0836854 0.0813358 0.0869414 0.0845506 0.0746491 0.2250494 0.2210696 0.1647109 0.2156273 0.2358372 0.2238488 0.0000000 0.0174401 0.0154830 0.0194281 0.0316112 0.0337626 0.0315136 0.0273902 0.0573676 0.0571669 0.0591967 0.0778452 0.0685534 0.0662935 0.0618097 0.0593693 0.0636800 0.0637518 0.0615447 0.0615447 
XM_016942979_2_PREDICTED_Pan_troglodytes_angiotensin_converting_enzyme_2_ACE2_transcript_variant_X1_mRNA_1                 0.0815923 0.0792493 0.0894039 0.0869967 0.0770113 0.2222407 0.2158462 0.1561451 0.2190378 0.2334210 0.2123832 0.0174401 0.0000000 0.0019032 0.0214465 0.0296325 0.0317736 0.0336032 0.0294512 0.0596379 0.0594285 0.0614655 0.0802544 0.0660501 0.0638112 0.0641095 0.0616454 0.0659800 0.0660546 0.0638337 0.0638337 
XM_008974180_2_PREDICTED_Pan_paniscus_angiotensin_I_converting_enzyme_2_ACE2_transcript_variant_X1_mRNA_1                  0.0838914 0.0815354 0.0871584 0.0847609 0.0748311 0.2194689 0.2131023 0.1536640 0.2162477 0.2306120 0.2096592 0.0154830 0.0019032 0.0000000 0.0194724 0.0276217 0.0297496 0.0315865 0.0274531 0.0575058 0.0573031 0.0593387 0.0780378 0.0639013 0.0616713 0.0619595 0.0595111 0.0638337 0.0639059 0.0616930 0.0616930 
XM_019019204_1_PREDICTED_Gorilla_gorilla_gorilla_angiotensin_I_converting_enzyme_2_ACE2_mRNA_1                             0.0884523 0.0860717 0.0917935 0.0893724 0.0793134 0.2114049 0.2051826 0.1699411 0.2122416 0.2357962 0.2119221 0.0194281 0.0214465 0.0194724 0.0000000 0.0357858 0.0379725 0.0315938 0.0274593 0.0575216 0.0573188 0.0593551 0.0780622 0.0687402 0.0664734 0.0619770 0.0595277 0.0638519 0.0639241 0.0617104 0.0617104 
XM_003261084_3_PREDICTED_Nomascus_leucogenys_angiotensin_I_converting_enzyme_2_ACE2_mRNA_1                                 0.0835045 0.0811600 0.0867519 0.0796077 0.0722952 0.2307650 0.2156515 0.1672463 0.2265598 0.2270263 0.2176324 0.0316112 0.0296325 0.0276217 0.0357858 0.0000000 0.0154751 0.0336700 0.0295092 0.0572413 0.0570416 0.0590674 0.0823975 0.0684030 0.0661480 0.0637270 0.0592392 0.0635409 0.0615640 0.0614100 0.0614100 
XM_032756617_1_PREDICTED_Hylobates_moloch_angiotensin_I_converting_enzyme_2_ACE2_mRNA_1                                    0.0860202 0.0836563 0.0893167 0.0821129 0.0791822 0.2346059 0.2222159 0.1678241 0.2333103 0.2396579 0.2241884 0.0337626 0.0317736 0.0297496 0.0379725 0.0154751 0.0000000 0.0378910 0.0336736 0.0617636 0.0615467 0.0635857 0.0849727 0.0730666 0.0707829 0.0683201 0.0637721 0.0681189 0.0661334 0.0659673 0.0659673 
NM_001131132_2_Pongo_abelii_angiotensin_converting_enzyme_2_ACE2_mRNA_1                                                    0.0905270 0.0881414 0.0892834 0.0914677 0.0791549 0.2372872 0.2278420 0.1726886 0.2154551 0.2359737 0.2124694 0.0315136 0.0336032 0.0315865 0.0315938 0.0336700 0.0378910 0.0000000 0.0038321 0.0531114 0.0529251 0.0549493 0.0781019 0.0642025 0.0619617 0.0595658 0.0551090 0.0593930 0.0594599 0.0572690 0.0572690 
XM_054471966_1_PREDICTED_Pongo_pygmaeus_angiotensin_converting_enzyme_2_ACE2_transcript_variant_X1_mRNA_1                  0.0857106 0.0833569 0.0844307 0.0865957 0.0744672 0.2305028 0.2211855 0.1668203 0.2088909 0.2292273 0.2060278 0.0273902 0.0294512 0.0274531 0.0274593 0.0295092 0.0336736 0.0038321 0.0000000 0.0486881 0.0485183 0.0505297 0.0733580 0.0596417 0.0574288 0.0550736 0.0506754 0.0549152 0.0549757 0.0528115 0.0528115 
XM_010366065_2_PREDICTED_Rhinopithecus_roxellana_angiotensin_I_converting_enzyme_2_ACE2_mRNA_1                             0.0905786 0.0881903 0.0990756 0.0942998 0.0818314 0.2242933 0.2121652 0.1705711 0.2216068 0.2368744 0.2056063 0.0573676 0.0596379 0.0575058 0.0575216 0.0572413 0.0617636 0.0531114 0.0486881 0.0000000 0.0038102 0.0134579 0.0358282 0.0215019 0.0194969 0.0194251 0.0134945 0.0174064 0.0174252 0.0154530 0.0154530 
XM_017888580_1_PREDICTED_Rhinopithecus_bieti_angiotensin_I_converting_enzyme_2_ACE2_transcript_variant_X1_mRNA_1           0.0902536 0.0878747 0.0987128 0.0939558 0.0815384 0.2275817 0.2153731 0.1699116 0.2249218 0.2359067 0.2087598 0.0571669 0.0594285 0.0573031 0.0573188 0.0570416 0.0615467 0.0529251 0.0485183 0.0038102 0.0000000 0.0134131 0.0357052 0.0214293 0.0194312 0.0193599 0.0134494 0.0173481 0.0173668 0.0154013 0.0154013 
XM_023199053_2_PREDICTED_Piliocolobus_tephrosceles_angiotensin_I_converting_enzyme_2_ACE2_mRNA_1                           0.0923340 0.0899488 0.1008373 0.0960714 0.0836121 0.2299836 0.2177502 0.1721726 0.2273510 0.2383216 0.2111149 0.0591967 0.0614655 0.0593387 0.0593551 0.0590674 0.0635857 0.0549493 0.0505297 0.0134579 0.0134131 0.0000000 0.0354823 0.0253623 0.0233512 0.0212919 0.0153679 0.0153628 0.0192928 0.0173232 0.0173232 
XM_007991113_2_PREDICTED_Chlorocebus_sabaeus_angiotensin_I_converting_enzyme_2_ACE2_transcript_variant_X1_mRNA_1           0.1126393 0.1101106 0.1147744 0.1146557 0.1037413 0.2308941 0.2451599 0.1916129 0.2296508 0.2606277 0.2221072 0.0778452 0.0802544 0.0780378 0.0780622 0.0823975 0.0849727 0.0781019 0.0733580 0.0358282 0.0357052 0.0354823 0.0000000 0.0317166 0.0296566 0.0317185 0.0296151 0.0316971 0.0317319 0.0296781 0.0296781 
XM_011995533_1_PREDICTED_Mandrillus_leucophaeus_angiotensin_I_converting_enzyme_2_ACE2_mRNA_1                              0.1000277 0.0975834 0.1114419 0.1017906 0.0936352 0.2296718 0.2290952 0.1729005 0.2386721 0.2472350 0.2251996 0.0685534 0.0660501 0.0639013 0.0687402 0.0684030 0.0730666 0.0642025 0.0596417 0.0215019 0.0214293 0.0253623 0.0317166 0.0000000 0.0018935 0.0155092 0.0174804 0.0174351 0.0174539 0.0154784 0.0154784 
XM_012035808_1_PREDICTED_Cercocebus_atys_angiotensin_I_converting_enzyme_2_ACE2_transcript_variant_X1_mRNA_1               0.0976229 0.0951935 0.1089412 0.0993390 0.0912494 0.2264918 0.2258912 0.1700726 0.2353692 0.2439235 0.2220321 0.0662935 0.0638112 0.0616713 0.0664734 0.0661480 0.0707829 0.0619617 0.0574288 0.0194969 0.0194312 0.0233512 0.0296566 0.0018935 0.0000000 0.0135359 0.0154984 0.0154583 0.0154750 0.0135092 0.0135092 
XM_025372062_1_PREDICTED_Theropithecus_gelada_angiotensin_I_converting_enzyme_2_ACE2_mRNA_1                                0.0974537 0.0950290 0.1061534 0.0966272 0.0840846 0.2244092 0.2162524 0.1679446 0.2288991 0.2331132 0.2125014 0.0618097 0.0641095 0.0619595 0.0619770 0.0637270 0.0683201 0.0595658 0.0550736 0.0194251 0.0193599 0.0212919 0.0317185 0.0155092 0.0135359 0.0000000 0.0095761 0.0173998 0.0174186 0.0154471 0.0154471 
XM_021933040_1_PREDICTED_Papio_anubis_angiotensin_I_converting_enzyme_2_ACE2_transcript_variant_X1_mRNA_1                  0.0926125 0.0902191 0.1011485 0.0917266 0.0838629 0.2307996 0.2185145 0.1674540 0.2281668 0.2323842 0.2118490 0.0593693 0.0616454 0.0595111 0.0595277 0.0592392 0.0637721 0.0551090 0.0506754 0.0134945 0.0134494 0.0153679 0.0296151 0.0174804 0.0154984 0.0095761 0.0000000 0.0076306 0.0076388 0.0057159 0.0057159 
NM_001135696_1_Macaca_mulatta_angiotensin_converting_enzyme_2_ACE2_mRNA_1                                                  0.0971585 0.0947422 0.1058244 0.0916915 0.0883610 0.2366230 0.2242305 0.1673923 0.2280846 0.2425613 0.2174862 0.0636800 0.0659800 0.0638337 0.0638519 0.0635409 0.0681189 0.0593930 0.0549152 0.0174064 0.0173481 0.0153628 0.0316971 0.0174351 0.0154583 0.0173998 0.0076306 0.0000000 0.0037961 0.0018937 0.0018937 
XM_005593037_3_PREDICTED_Macaca_fascicularis_angiotensin_converting_enzyme_2_ACE2_mRNA_1                                   0.0972698 0.0948505 0.1059478 0.0917977 0.0884622 0.2369167 0.2245078 0.1623390 0.2283712 0.2368814 0.2177537 0.0637518 0.0660546 0.0639059 0.0639241 0.0615640 0.0661334 0.0594599 0.0549757 0.0174252 0.0173668 0.0192928 0.0317319 0.0174539 0.0154750 0.0174186 0.0076388 0.0037961 0.0000000 0.0018957 0.0018957 
XM_011735203_2_PREDICTED_Macaca_nemestrina_angiotensin_I_converting_enzyme_2_ACE2_transcript_variant_X1_mRNA_1             0.0949186 0.0925127 0.1035234 0.0894374 0.0861417 0.2338025 0.2214585 0.1648620 0.2252565 0.2397169 0.2147506 0.0615447 0.0638337 0.0616930 0.0617104 0.0614100 0.0659673 0.0572690 0.0528115 0.0154530 0.0154013 0.0173232 0.0296781 0.0154784 0.0135092 0.0154471 0.0057159 0.0018937 0.0018957 0.0000000 0.0000010 
XM_050777627_1_PREDICTED_Macaca_thibetana_thibetana_angiotensin_converting_enzyme_2_ACE2_transcript_variant_X1_mRNA_1      0.0949186 0.0925127 0.1035234 0.0894374 0.0861417 0.2338025 0.2214585 0.1648620 0.2252565 0.2397169 0.2147506 0.0615447 0.0638337 0.0616930 0.0617104 0.0614100 0.0659673 0.0572690 0.0528115 0.0154530 0.0154013 0.0173232 0.0296781 0.0154784 0.0135092 0.0154471 0.0057159 0.0018937 0.0018957 0.0000010 0.0000000 
