31
XM_017512376_2_PREDICTED_Cebus_imitator_angiotensin_I_converting_enzyme_2_ACE2_transcript_variant_X1_mRNA_1                0.0000000 0.0059242 0.0209983 0.0192628 0.0170143 0.1785164 0.1549929 0.1279193 0.1408305 0.1204932 0.1455805 0.0536404 0.0550095 0.0557565 0.0556973 0.0547123 0.0536274 0.0542387 0.0542451 0.0511905 0.0469960 0.0503511 0.0492069 0.0510937 0.0504556 0.0497979 0.0504285 0.0519237 0.0505461 0.0492230 0.0506143 
XM_032285963_1_PREDICTED_Sapajus_apella_angiotensin_I_converting_enzyme_2_ACE2_transcript_variant_X1_mRNA_1                0.0059242 0.0000000 0.0187007 0.0175468 0.0164343 0.1728253 0.1496642 0.1245377 0.1373127 0.1171851 0.1429293 0.0516725 0.0530298 0.0537685 0.0537118 0.0527444 0.0516599 0.0522681 0.0522742 0.0492347 0.0440705 0.0484084 0.0472671 0.0491421 0.0485083 0.0478559 0.0484825 0.0499599 0.0485953 0.0472827 0.0486604 
XM_008988993_4_PREDICTED_Callithrix_jacchus_angiotensin_converting_enzyme_2_ACE2_mRNA_1                                    0.0209983 0.0187007 0.0000000 0.0192104 0.0227387 0.1766567 0.1504671 0.1255076 0.1399141 0.1211389 0.1460239 0.0547652 0.0561369 0.0568863 0.0568258 0.0545553 0.0547312 0.0553422 0.0553487 0.0535730 0.0489773 0.0527209 0.0515780 0.0534715 0.0528308 0.0521693 0.0528023 0.0543129 0.0529251 0.0515946 0.0529970 
XM_012434682_2_PREDICTED_Aotus_nancymaae_angiotensin_I_converting_enzyme_2_ACE2_mRNA_1                                     0.0192628 0.0175468 0.0192104 0.0000000 0.0198430 0.1761554 0.1545464 0.1276272 0.1405054 0.1195358 0.1464113 0.0540280 0.0553933 0.0561385 0.0560791 0.0538012 0.0527212 0.0546035 0.0546098 0.0515673 0.0473893 0.0494886 0.0495902 0.0514701 0.0508343 0.0501789 0.0508072 0.0522984 0.0509251 0.0496063 0.0509936 
XM_010336623_2_PREDICTED_Saimiri_boliviensis_boliviensis_angiotensin_converting_enzyme_2_ACE2_transcript_variant_X1_mRNA_1 0.0170143 0.0164343 0.0227387 0.0198430 0.0000000 0.1739721 0.1489980 0.1285375 0.1424023 0.1210490 0.1437104 0.0515928 0.0529477 0.0536850 0.0523702 0.0513960 0.0503126 0.0521678 0.0521738 0.0503870 0.0467898 0.0495553 0.0484154 0.0502922 0.0496576 0.0490039 0.0496312 0.0523695 0.0497465 0.0484312 0.0498132 
XM_003791864_2_PREDICTED_Otolemur_garnettii_angiotensin_I_converting_enzyme_2_ACE2_mRNA_1                                  0.1785164 0.1728253 0.1766567 0.1761554 0.1739721 0.0000000 0.0544985 0.1054037 0.1164355 0.1112609 0.2045626 0.1685242 0.1724474 0.1737515 0.1716870 0.1660395 0.1667221 0.1672812 0.1673046 0.1669891 0.1609694 0.1651149 0.1670572 0.1713756 0.1704652 0.1694348 0.1703185 0.1726612 0.1686745 0.1677270 0.1700618 
XM_053580366_1_PREDICTED_Nycticebus_coucang_angiotensin_converting_enzyme_2_ACE2_mRNA_1                                    0.1549929 0.1496642 0.1504671 0.1545464 0.1489980 0.0544985 0.0000000 0.0909457 0.0970649 0.0922957 0.1775029 0.1405510 0.1441470 0.1453036 0.1434269 0.1383382 0.1372969 0.1394326 0.1394514 0.1407402 0.1364144 0.1389252 0.1383102 0.1431583 0.1423148 0.1413823 0.1422040 0.1442991 0.1406604 0.1397868 0.1418754 
XM_012638731_1_PREDICTED_Propithecus_coquereli_angiotensin_I_converting_enzyme_2_ACE2_transcript_variant_X1_mRNA_1         0.1279193 0.1245377 0.1255076 0.1276272 0.1285375 0.1054037 0.0909457 0.0000000 0.0422340 0.0326858 0.1487446 0.1157727 0.1190719 0.1200994 0.1183902 0.1145167 0.1149375 0.1140098 0.1140245 0.1158732 0.1107866 0.1135385 0.1122108 0.1143307 0.1150766 0.1134774 0.1142361 0.1175843 0.1142741 0.1134723 0.1153331 
XM_020285237_1_PREDICTED_Microcebus_murinus_angiotensin_I_converting_enzyme_2_ACE2_mRNA_1                                  0.1408305 0.1373127 0.1399141 0.1405054 0.1424023 0.1164355 0.0970649 0.0422340 0.0000000 0.0418387 0.1573530 0.1259518 0.1293692 0.1304480 0.1270759 0.1230460 0.1250866 0.1272240 0.1272408 0.1266342 0.1163379 0.1258125 0.1248861 0.1282234 0.1289954 0.1273253 0.1281122 0.1316196 0.1281542 0.1273186 0.1292887 
XM_045538336_1_PREDICTED_Lemur_catta_angiotensin_converting_enzyme_2_ACE2_mRNA_1                                           0.1204932 0.1171851 0.1211389 0.1195358 0.1210490 0.1112609 0.0922957 0.0326858 0.0418387 0.0000000 0.1483561 0.1085929 0.1118165 0.1112841 0.1111440 0.1073880 0.1077769 0.1083273 0.1083412 0.1109946 0.1044867 0.1101542 0.1079927 0.1094725 0.1102088 0.1086350 0.1093835 0.1126747 0.1079101 0.1086304 0.1104526 
XM_008064619_1_PREDICTED_Carlito_syrichta_angiotensin_I_converting_enzyme_2_ACE2_mRNA_1                                    0.1455805 0.1429293 0.1460239 0.1464113 0.1437104 0.2045626 0.1775029 0.1487446 0.1573530 0.1483561 0.0000000 0.1364918 0.1383954 0.1395275 0.1352187 0.1342960 0.1356434 0.1386052 0.1386239 0.1390350 0.1264253 0.1350164 0.1354885 0.1371378 0.1379515 0.1353932 0.1362031 0.1391919 0.1371814 0.1353854 0.1374371 
NM_001371415_1_Homo_sapiens_angiotensin_converting_enzyme_2_ACE2_transcript_variant_1_mRNA_1                               0.0536404 0.0516725 0.0547652 0.0540280 0.0515928 0.1685242 0.1405510 0.1157727 0.1259518 0.1085929 0.1364918 0.0000000 0.0031999 0.0037426 0.0042727 0.0141040 0.0130380 0.0113407 0.0113419 0.0227085 0.0242869 0.0232063 0.0215547 0.0244219 0.0221284 0.0221180 0.0226901 0.0261925 0.0238410 0.0221182 0.0233190 
XM_016942979_2_PREDICTED_Pan_troglodytes_angiotensin_converting_enzyme_2_ACE2_transcript_variant_X1_mRNA_1                 0.0550095 0.0530298 0.0561369 0.0553933 0.0529477 0.1724474 0.1441470 0.1190719 0.1293692 0.1118165 0.1383954 0.0031999 0.0000000 0.0015960 0.0053578 0.0152377 0.0141700 0.0124606 0.0124620 0.0238940 0.0263325 0.0243909 0.0227342 0.0256160 0.0233108 0.0232998 0.0238746 0.0273971 0.0250318 0.0232999 0.0245095 
XM_008974180_2_PREDICTED_Pan_paniscus_angiotensin_I_converting_enzyme_2_ACE2_transcript_variant_X1_mRNA_1                  0.0557565 0.0537685 0.0568863 0.0561385 0.0536850 0.1737515 0.1453036 0.1200994 0.1304480 0.1112841 0.1395275 0.0037426 0.0015960 0.0000000 0.0059085 0.0158224 0.0147529 0.0130357 0.0130371 0.0245139 0.0263358 0.0250106 0.0233497 0.0262417 0.0239285 0.0239171 0.0244939 0.0280302 0.0244943 0.0239172 0.0251325 
XM_019019204_1_PREDICTED_Gorilla_gorilla_gorilla_angiotensin_I_converting_enzyme_2_ACE2_mRNA_1                             0.0556973 0.0537118 0.0568258 0.0560791 0.0523702 0.1716870 0.1434269 0.1183902 0.1270759 0.1111440 0.1352187 0.0042727 0.0053578 0.0059085 0.0000000 0.0130141 0.0130562 0.0135637 0.0135651 0.0238934 0.0263317 0.0243902 0.0227335 0.0256153 0.0233102 0.0232992 0.0238739 0.0273964 0.0250311 0.0232993 0.0245088 
XM_003261084_3_PREDICTED_Nomascus_leucogenys_angiotensin_I_converting_enzyme_2_ACE2_mRNA_1                                 0.0547123 0.0527444 0.0545553 0.0538012 0.0513960 0.1660395 0.1383382 0.1145167 0.1230460 0.1073880 0.1342960 0.0141040 0.0152377 0.0158224 0.0130141 0.0000000 0.0053516 0.0124331 0.0124345 0.0237664 0.0255059 0.0248534 0.0237586 0.0254780 0.0231862 0.0231754 0.0237473 0.0272488 0.0248972 0.0231755 0.0243782 
XM_032756617_1_PREDICTED_Hylobates_moloch_angiotensin_I_converting_enzyme_2_ACE2_mRNA_1                                    0.0536274 0.0516599 0.0547312 0.0527212 0.0503126 0.1667221 0.1372969 0.1149375 0.1250866 0.1077769 0.1356434 0.0130380 0.0141700 0.0147529 0.0130562 0.0053516 0.0000000 0.0124733 0.0124746 0.0226947 0.0242730 0.0237848 0.0226872 0.0244072 0.0221150 0.0221047 0.0226764 0.0261767 0.0238267 0.0221048 0.0233048 
NM_001131132_2_Pongo_abelii_angiotensin_converting_enzyme_2_ACE2_mRNA_1                                                    0.0542387 0.0522681 0.0553422 0.0546035 0.0521678 0.1672812 0.1394326 0.1140098 0.1272240 0.1083273 0.1386052 0.0113407 0.0124606 0.0130357 0.0135637 0.0124331 0.0124733 0.0000000 0.0010609 0.0221165 0.0242453 0.0232057 0.0221092 0.0238258 0.0215380 0.0215280 0.0220987 0.0255911 0.0232455 0.0215282 0.0227246 
XM_054471966_1_PREDICTED_Pongo_pygmaeus_angiotensin_converting_enzyme_2_ACE2_transcript_variant_X1_mRNA_1                  0.0542451 0.0522742 0.0553487 0.0546098 0.0521738 0.1673046 0.1394514 0.1140245 0.1272408 0.1083412 0.1386239 0.0113419 0.0124620 0.0130371 0.0135651 0.0124345 0.0124746 0.0010609 0.0000000 0.0221190 0.0242484 0.0232082 0.0221116 0.0238284 0.0215404 0.0215304 0.0221011 0.0255939 0.0232481 0.0215305 0.0227271 
XM_010366065_2_PREDICTED_Rhinopithecus_roxellana_angiotensin_I_converting_enzyme_2_ACE2_mRNA_1                             0.0511905 0.0492347 0.0535730 0.0515673 0.0503870 0.1669891 0.1407402 0.1158732 0.1266342 0.1109946 0.1390350 0.0227085 0.0238940 0.0245139 0.0238934 0.0237664 0.0226947 0.0221165 0.0221190 0.0000000 0.0024484 0.0086135 0.0086203 0.0102609 0.0086201 0.0080712 0.0086164 0.0119276 0.0097109 0.0080713 0.0091837 
XM_017888580_1_PREDICTED_Rhinopithecus_bieti_angiotensin_I_converting_enzyme_2_ACE2_transcript_variant_X1_mRNA_1           0.0469960 0.0440705 0.0489773 0.0473893 0.0467898 0.1609694 0.1364144 0.1107866 0.1163379 0.1044867 0.1264253 0.0242869 0.0263325 0.0263358 0.0263317 0.0255059 0.0242730 0.0242453 0.0242484 0.0024484 0.0000000 0.0067912 0.0074178 0.0086717 0.0080436 0.0074141 0.0080396 0.0118450 0.0099247 0.0080397 0.0093189 
XM_023199053_2_PREDICTED_Piliocolobus_tephrosceles_angiotensin_I_converting_enzyme_2_ACE2_mRNA_1                           0.0503511 0.0484084 0.0527209 0.0494886 0.0495553 0.1651149 0.1389252 0.1135385 0.1258125 0.1101542 0.1350164 0.0232063 0.0243909 0.0250106 0.0243902 0.0248534 0.0237848 0.0232057 0.0232082 0.0086135 0.0067912 0.0000000 0.0096909 0.0113337 0.0096908 0.0091409 0.0096866 0.0130039 0.0107820 0.0091410 0.0102569 
XM_007991113_2_PREDICTED_Chlorocebus_sabaeus_angiotensin_I_converting_enzyme_2_ACE2_transcript_variant_X1_mRNA_1           0.0492069 0.0472671 0.0515780 0.0495902 0.0484154 0.1670572 0.1383102 0.1122108 0.1248861 0.1079927 0.1354885 0.0215547 0.0227342 0.0233497 0.0227335 0.0237586 0.0226872 0.0221092 0.0221116 0.0086203 0.0074178 0.0096909 0.0000000 0.0058925 0.0053534 0.0037361 0.0042733 0.0075289 0.0053514 0.0037361 0.0048225 
XM_011995533_1_PREDICTED_Mandrillus_leucophaeus_angiotensin_I_converting_enzyme_2_ACE2_mRNA_1                              0.0510937 0.0491421 0.0534715 0.0514701 0.0502922 0.1713756 0.1431583 0.1143307 0.1282234 0.1094725 0.1371378 0.0244219 0.0256160 0.0262417 0.0256153 0.0254780 0.0244072 0.0238258 0.0238284 0.0102609 0.0086717 0.0113337 0.0058925 0.0000000 0.0037376 0.0021293 0.0026639 0.0069853 0.0048122 0.0031997 0.0042831 
XM_012035808_1_PREDICTED_Cercocebus_atys_angiotensin_I_converting_enzyme_2_ACE2_transcript_variant_X1_mRNA_1               0.0504556 0.0485083 0.0528308 0.0508343 0.0496576 0.1704652 0.1423148 0.1150766 0.1289954 0.1102088 0.1379515 0.0221284 0.0233108 0.0239285 0.0233102 0.0231862 0.0221150 0.0215380 0.0215404 0.0086201 0.0080436 0.0096908 0.0053534 0.0037376 0.0000000 0.0015960 0.0021298 0.0064439 0.0042748 0.0026647 0.0037453 
XM_025372062_1_PREDICTED_Theropithecus_gelada_angiotensin_I_converting_enzyme_2_ACE2_mRNA_1                                0.0497979 0.0478559 0.0521693 0.0501789 0.0490039 0.1694348 0.1413823 0.1134774 0.1273253 0.1086350 0.1353932 0.0221180 0.0232998 0.0239171 0.0232992 0.0231754 0.0221047 0.0215280 0.0215304 0.0080712 0.0074141 0.0091409 0.0037361 0.0021293 0.0015960 0.0000000 0.0005304 0.0048183 0.0026637 0.0010627 0.0021337 
XM_021933040_1_PREDICTED_Papio_anubis_angiotensin_I_converting_enzyme_2_ACE2_transcript_variant_X1_mRNA_1                  0.0504285 0.0484825 0.0528023 0.0508072 0.0496312 0.1703185 0.1422040 0.1142361 0.1281122 0.1093835 0.1362031 0.0226901 0.0238746 0.0244939 0.0238739 0.0237473 0.0226764 0.0220987 0.0221011 0.0086164 0.0080396 0.0096866 0.0042733 0.0026639 0.0021298 0.0005304 0.0000000 0.0053581 0.0031991 0.0015954 0.0026693 
NM_001135696_1_Macaca_mulatta_angiotensin_converting_enzyme_2_ACE2_mRNA_1                                                  0.0519237 0.0499599 0.0543129 0.0522984 0.0523695 0.1726612 0.1442991 0.1175843 0.1316196 0.1126747 0.1391919 0.0261925 0.0273971 0.0280302 0.0273964 0.0272488 0.0261767 0.0255911 0.0255939 0.0119276 0.0118450 0.0130039 0.0075289 0.0069853 0.0064439 0.0048183 0.0053581 0.0000000 0.0042817 0.0037421 0.0048303 
XM_005593037_3_PREDICTED_Macaca_fascicularis_angiotensin_converting_enzyme_2_ACE2_mRNA_1                                   0.0505461 0.0485953 0.0529251 0.0509251 0.0497465 0.1686745 0.1406604 0.1142741 0.1281542 0.1079101 0.1371814 0.0238410 0.0250318 0.0244943 0.0250311 0.0248972 0.0238267 0.0232455 0.0232481 0.0097109 0.0099247 0.0107820 0.0053514 0.0048122 0.0042748 0.0026637 0.0031991 0.0042817 0.0000000 0.0015959 0.0026703 
XM_011735203_2_PREDICTED_Macaca_nemestrina_angiotensin_I_converting_enzyme_2_ACE2_transcript_variant_X1_mRNA_1             0.0492230 0.0472827 0.0515946 0.0496063 0.0484312 0.1677270 0.1397868 0.1134723 0.1273186 0.1086304 0.1353854 0.0221182 0.0232999 0.0239172 0.0232993 0.0231755 0.0221048 0.0215282 0.0215305 0.0080713 0.0080397 0.0091410 0.0037361 0.0031997 0.0026647 0.0010627 0.0015954 0.0037421 0.0015959 0.0000000 0.0010644 
XM_050777627_1_PREDICTED_Macaca_thibetana_thibetana_angiotensin_converting_enzyme_2_ACE2_transcript_variant_X1_mRNA_1      0.0506143 0.0486604 0.0529970 0.0509936 0.0498132 0.1700618 0.1418754 0.1153331 0.1292887 0.1104526 0.1374371 0.0233190 0.0245095 0.0251325 0.0245088 0.0243782 0.0233048 0.0227246 0.0227271 0.0091837 0.0093189 0.0102569 0.0048225 0.0042831 0.0037453 0.0021337 0.0026693 0.0048303 0.0026703 0.0010644 0.0000000 
