31
XM_017512376_2_PREDICTED_Cebus_imitator_angiotensin_I_converting_enzyme_2_ACE2_transcript_variant_X1_mRNA_1                0.0000000 0.0602591 0.0608713 0.0618866 0.0621880 0.0246787 0.0610782 0.1887013 0.0619563 0.0597365 0.0197102 0.0629345 0.0608381 0.0630399 0.1621199 0.0598847 0.0592926 0.0618763 0.0608518 0.0228600 0.1392080 0.1610723 0.0575915 0.0596371 0.0602819 0.0050269 0.0607542 0.1474515 0.0603913 0.1723107 0.0611328 
NM_001371415_1_Homo_sapiens_angiotensin_converting_enzyme_2_ACE2_transcript_variant_1_mRNA_1                               0.0602591 0.0000000 0.0062773 0.0343157 0.0157004 0.0618079 0.0179124 0.1811795 0.0062852 0.0306105 0.0566220 0.0075496 0.0324545 0.0334993 0.1559100 0.0301991 0.0306184 0.0339077 0.0316017 0.0607163 0.1265727 0.1458406 0.0322273 0.0310000 0.0306515 0.0581839 0.0175230 0.1362654 0.0315823 0.1586562 0.0148216 
XM_016942979_2_PREDICTED_Pan_troglodytes_angiotensin_converting_enzyme_2_ACE2_transcript_variant_X1_mRNA_1                 0.0608713 0.0062773 0.0000000 0.0357627 0.0170317 0.0634279 0.0183817 0.1835284 0.0016622 0.0320356 0.0582066 0.0088377 0.0338902 0.0349461 0.1549091 0.0316238 0.0320439 0.0343592 0.0320510 0.0623278 0.1271180 0.1492722 0.0343394 0.0324241 0.0320786 0.0587882 0.0179924 0.1383766 0.0330152 0.1603132 0.0161471 
NM_001135696_1_Macaca_mulatta_angiotensin_converting_enzyme_2_ACE2_mRNA_1                                                  0.0618866 0.0343157 0.0357627 0.0000000 0.0329142 0.0655633 0.0351426 0.1870340 0.0358106 0.0058577 0.0603107 0.0353161 0.0041737 0.0127430 0.1568041 0.0131380 0.0033342 0.0092728 0.0084167 0.0609567 0.1286819 0.1531835 0.0131843 0.0135304 0.0075607 0.0597963 0.0352383 0.1410944 0.0041789 0.1623370 0.0319693 
NM_001131132_2_Pongo_abelii_angiotensin_converting_enzyme_2_ACE2_mRNA_1                                                    0.0621880 0.0157004 0.0170317 0.0329142 0.0000000 0.0627473 0.0170271 0.1830039 0.0170536 0.0292265 0.0580475 0.0174749 0.0310619 0.0339645 0.1550149 0.0288148 0.0292340 0.0325058 0.0302100 0.0626493 0.1269491 0.1467713 0.0311662 0.0300877 0.0297026 0.0601024 0.0179455 0.1360566 0.0301915 0.1592447 0.0016622 
XM_008988993_4_PREDICTED_Callithrix_jacchus_angiotensin_converting_enzyme_2_ACE2_mRNA_1                                    0.0246787 0.0618079 0.0634279 0.0655633 0.0627473 0.0000000 0.0616341 0.1889193 0.0635176 0.0633803 0.0255666 0.0644996 0.0645001 0.0652649 0.1609982 0.0635388 0.0629345 0.0660984 0.0650589 0.0242178 0.1388559 0.1571153 0.0610577 0.0632740 0.0639348 0.0224145 0.0623088 0.1489895 0.0640516 0.1678749 0.0616892 
XM_003261084_3_PREDICTED_Nomascus_leucogenys_angiotensin_I_converting_enzyme_2_ACE2_mRNA_1                                 0.0610782 0.0179124 0.0183817 0.0351426 0.0170271 0.0616341 0.0000000 0.1807124 0.0184055 0.0314380 0.0559795 0.0179514 0.0328433 0.0362054 0.1530383 0.0310279 0.0314461 0.0347360 0.0324307 0.0594973 0.1262538 0.1459287 0.0331458 0.0322991 0.0319176 0.0590031 0.0075534 0.1335502 0.0324108 0.1558408 0.0161428 
XM_003791864_2_PREDICTED_Otolemur_garnettii_angiotensin_I_converting_enzyme_2_ACE2_mRNA_1                                  0.1887013 0.1811795 0.1835284 0.1870340 0.1830039 0.1889193 0.1807124 0.0000000 0.1838434 0.1839736 0.1816188 0.1803019 0.1840922 0.1814330 0.2174580 0.1798616 0.1826784 0.1844853 0.1830224 0.1878809 0.1250779 0.1427710 0.1782610 0.1798121 0.1817687 0.1835404 0.1820390 0.1424165 0.1844464 0.0646057 0.1814318 
XM_008974180_2_PREDICTED_Pan_paniscus_angiotensin_I_converting_enzyme_2_ACE2_transcript_variant_X1_mRNA_1                  0.0619563 0.0062852 0.0016622 0.0358106 0.0170536 0.0635176 0.0184055 0.1838434 0.0000000 0.0320782 0.0582880 0.0088489 0.0330165 0.0349930 0.1551644 0.0316660 0.0320866 0.0344052 0.0320937 0.0624157 0.1273170 0.1495159 0.0338336 0.0324673 0.0321214 0.0598635 0.0180157 0.1373935 0.0330594 0.1605792 0.0161679 
XM_021933040_1_PREDICTED_Papio_anubis_angiotensin_I_converting_enzyme_2_ACE2_transcript_variant_X1_mRNA_1                  0.0597365 0.0306105 0.0320356 0.0058577 0.0292265 0.0633803 0.0314380 0.1839736 0.0320782 0.0000000 0.0571895 0.0315921 0.0041717 0.0097125 0.1532594 0.0096906 0.0024966 0.0058707 0.0050243 0.0597997 0.1261019 0.1503920 0.0093560 0.0109420 0.0024975 0.0576652 0.0315231 0.1363374 0.0033378 0.1594820 0.0282949 
XM_010336623_2_PREDICTED_Saimiri_boliviensis_boliviensis_angiotensin_converting_enzyme_2_ACE2_transcript_variant_X1_mRNA_1 0.0197102 0.0566220 0.0582066 0.0603107 0.0580475 0.0255666 0.0559795 0.1816188 0.0582880 0.0571895 0.0000000 0.0582664 0.0582789 0.0604915 0.1567148 0.0573307 0.0567469 0.0598397 0.0588219 0.0210809 0.1365371 0.1584357 0.0553048 0.0570949 0.0567435 0.0188030 0.0566245 0.1441149 0.0578332 0.1615724 0.0570093 
XM_019019204_1_PREDICTED_Gorilla_gorilla_gorilla_angiotensin_I_converting_enzyme_2_ACE2_mRNA_1                             0.0629345 0.0075496 0.0088377 0.0353161 0.0174749 0.0644996 0.0179514 0.1803019 0.0088489 0.0315921 0.0582664 0.0000000 0.0334452 0.0344987 0.1524090 0.0311800 0.0316003 0.0349076 0.0325903 0.0633943 0.1297853 0.1460700 0.0338434 0.0319813 0.0316345 0.0608361 0.0184385 0.1383717 0.0325702 0.1573136 0.0165886 
XM_005593037_3_PREDICTED_Macaca_fascicularis_angiotensin_converting_enzyme_2_ACE2_mRNA_1                                   0.0608381 0.0324545 0.0338902 0.0041737 0.0310619 0.0645001 0.0328433 0.1840922 0.0330165 0.0041717 0.0582789 0.0334452 0.0000000 0.0110106 0.1553601 0.0114084 0.0016622 0.0075642 0.0067122 0.0599102 0.1250119 0.1504991 0.0117387 0.0126613 0.0058622 0.0587564 0.0329324 0.1360936 0.0024999 0.1595834 0.0301238 
XM_007991113_2_PREDICTED_Chlorocebus_sabaeus_angiotensin_I_converting_enzyme_2_ACE2_transcript_variant_X1_mRNA_1           0.0630399 0.0334993 0.0349461 0.0127430 0.0339645 0.0652649 0.0362054 0.1814330 0.0349930 0.0097125 0.0604915 0.0344987 0.0110106 0.0000000 0.1551056 0.0144804 0.0092924 0.0114420 0.0105778 0.0636493 0.1298870 0.1481473 0.0141924 0.0152840 0.0097192 0.0609371 0.0358430 0.1408818 0.0101648 0.1623136 0.0330126 
XM_008064619_1_PREDICTED_Carlito_syrichta_angiotensin_I_converting_enzyme_2_ACE2_mRNA_1                                    0.1621199 0.1559100 0.1549091 0.1568041 0.1550149 0.1609982 0.1530383 0.2174580 0.1551644 0.1532594 0.1567148 0.1524090 0.1553601 0.1551056 0.0000000 0.1540288 0.1533067 0.1570170 0.1569160 0.1652708 0.1674023 0.1821632 0.1473077 0.1522194 0.1527820 0.1592434 0.1554575 0.1776201 0.1549016 0.1953492 0.1535704 
XM_010366065_2_PREDICTED_Rhinopithecus_roxellana_angiotensin_I_converting_enzyme_2_ACE2_mRNA_1                             0.0598847 0.0301991 0.0316238 0.0131380 0.0288148 0.0635388 0.0310279 0.1798616 0.0316660 0.0096906 0.0573307 0.0311800 0.0114084 0.0144804 0.1540288 0.0000000 0.0096930 0.0127253 0.0109990 0.0609451 0.1280678 0.1478485 0.0027791 0.0096846 0.0105522 0.0578076 0.0311119 0.1385465 0.0105645 0.1568656 0.0278834 
XM_011735203_2_PREDICTED_Macaca_nemestrina_angiotensin_I_converting_enzyme_2_ACE2_transcript_variant_X1_mRNA_1             0.0592926 0.0306184 0.0320439 0.0033342 0.0292340 0.0629345 0.0314461 0.1826784 0.0320866 0.0024966 0.0567469 0.0316003 0.0016622 0.0092924 0.1533067 0.0096930 0.0000000 0.0058672 0.0050213 0.0583671 0.1249719 0.1491967 0.0098321 0.0109447 0.0041765 0.0572226 0.0315312 0.1372504 0.0008312 0.1582507 0.0283022 
XM_011995533_1_PREDICTED_Mandrillus_leucophaeus_angiotensin_I_converting_enzyme_2_ACE2_mRNA_1                              0.0618763 0.0339077 0.0343592 0.0092728 0.0325058 0.0660984 0.0347360 0.1844853 0.0344052 0.0058707 0.0598397 0.0349076 0.0075642 0.0114420 0.1570170 0.0127253 0.0058672 0.0000000 0.0033323 0.0624807 0.1274293 0.1527594 0.0117677 0.0144126 0.0050257 0.0597862 0.0348307 0.1394566 0.0067235 0.1626684 0.0315608 
XM_012035808_1_PREDICTED_Cercocebus_atys_angiotensin_I_converting_enzyme_2_ACE2_transcript_variant_X1_mRNA_1               0.0608518 0.0316017 0.0320510 0.0084167 0.0302100 0.0650589 0.0324307 0.1830224 0.0320937 0.0050243 0.0588219 0.0325903 0.0067122 0.0105778 0.1569160 0.0109990 0.0050213 0.0033323 0.0000000 0.0614528 0.1273402 0.1526453 0.0108079 0.0126829 0.0041816 0.0587693 0.0325188 0.1393559 0.0058739 0.1612842 0.0292729 
XM_012434682_2_PREDICTED_Aotus_nancymaae_angiotensin_I_converting_enzyme_2_ACE2_mRNA_1                                     0.0228600 0.0607163 0.0623278 0.0609567 0.0626493 0.0242178 0.0594973 0.1878809 0.0624157 0.0597997 0.0210809 0.0633943 0.0599102 0.0636493 0.1652708 0.0609451 0.0583671 0.0624807 0.0614528 0.0000000 0.1358408 0.1580888 0.0587174 0.0597001 0.0603459 0.0210544 0.0591709 0.1465140 0.0594630 0.1700434 0.0615930 
XM_012638731_1_PREDICTED_Propithecus_coquereli_angiotensin_I_converting_enzyme_2_ACE2_transcript_variant_X1_mRNA_1         0.1392080 0.1265727 0.1271180 0.1286819 0.1269491 0.1388559 0.1262538 0.1250779 0.1273170 0.1261019 0.1365371 0.1297853 0.1250119 0.1298870 0.1674023 0.1280678 0.1249719 0.1274293 0.1273402 0.1358408 0.0000000 0.0587250 0.1256575 0.1265836 0.1256322 0.1359251 0.1266669 0.0481777 0.1264024 0.1068759 0.1256354 
XM_020285237_1_PREDICTED_Microcebus_murinus_angiotensin_I_converting_enzyme_2_ACE2_mRNA_1                                  0.1610723 0.1458406 0.1492722 0.1531835 0.1467713 0.1571153 0.1459287 0.1427710 0.1495159 0.1503920 0.1584357 0.1460700 0.1504991 0.1481473 0.1821632 0.1478485 0.1491967 0.1527594 0.1526453 0.1580888 0.0587250 0.0000000 0.1433155 0.1483962 0.1499114 0.1575619 0.1488929 0.0628992 0.1507691 0.1246607 0.1453635 
XM_017888580_1_PREDICTED_Rhinopithecus_bieti_angiotensin_I_converting_enzyme_2_ACE2_transcript_variant_X1_mRNA_1           0.0575915 0.0322273 0.0343394 0.0131843 0.0311662 0.0610577 0.0331458 0.1782610 0.0338336 0.0093560 0.0553048 0.0338434 0.0117387 0.0141924 0.1473077 0.0027791 0.0098321 0.0117677 0.0108079 0.0587174 0.1256575 0.1433155 0.0000000 0.0084035 0.0103122 0.0547649 0.0332459 0.1365645 0.0108010 0.1567282 0.0301220 
XM_023199053_2_PREDICTED_Piliocolobus_tephrosceles_angiotensin_I_converting_enzyme_2_ACE2_mRNA_1                           0.0596371 0.0310000 0.0324241 0.0135304 0.0300877 0.0632740 0.0322991 0.1798121 0.0324673 0.0109420 0.0570949 0.0319813 0.0126613 0.0152840 0.1522194 0.0096846 0.0109447 0.0144126 0.0126829 0.0597001 0.1265836 0.1483962 0.0084035 0.0000000 0.0118048 0.0575698 0.0323865 0.1382129 0.0118185 0.1568275 0.0291548 
XM_025372062_1_PREDICTED_Theropithecus_gelada_angiotensin_I_converting_enzyme_2_ACE2_mRNA_1                                0.0602819 0.0306515 0.0320786 0.0075607 0.0297026 0.0639348 0.0319176 0.1817687 0.0321214 0.0024975 0.0567435 0.0316345 0.0058622 0.0097192 0.1527820 0.0105522 0.0041765 0.0050257 0.0041816 0.0603459 0.1256322 0.1499114 0.0103122 0.0118048 0.0000000 0.0582055 0.0320041 0.1358654 0.0050253 0.1583606 0.0287688 
XM_032285963_1_PREDICTED_Sapajus_apella_angiotensin_I_converting_enzyme_2_ACE2_transcript_variant_X1_mRNA_1                0.0050269 0.0581839 0.0587882 0.0597963 0.0601024 0.0224145 0.0590031 0.1835404 0.0598635 0.0576652 0.0188030 0.0608361 0.0587564 0.0609371 0.1592434 0.0578076 0.0572226 0.0597862 0.0587693 0.0210544 0.1359251 0.1575619 0.0547649 0.0575698 0.0582055 0.0000000 0.0586757 0.1447020 0.0583107 0.1673852 0.0590558 
XM_032756617_1_PREDICTED_Hylobates_moloch_angiotensin_I_converting_enzyme_2_ACE2_mRNA_1                                    0.0607542 0.0175230 0.0179924 0.0352383 0.0179455 0.0623088 0.0075534 0.1820390 0.0180157 0.0315231 0.0566245 0.0184385 0.0329324 0.0358430 0.1554575 0.0311119 0.0315312 0.0348307 0.0325188 0.0591709 0.1266669 0.1488929 0.0332459 0.0323865 0.0320041 0.0586757 0.0000000 0.1363836 0.0324988 0.1563672 0.0170560 
XM_045538336_1_PREDICTED_Lemur_catta_angiotensin_converting_enzyme_2_ACE2_mRNA_1                                           0.1474515 0.1362654 0.1383766 0.1410944 0.1360566 0.1489895 0.1335502 0.1424165 0.1373935 0.1363374 0.1441149 0.1383717 0.1360936 0.1408818 0.1776201 0.1385465 0.1372504 0.1394566 0.1393559 0.1465140 0.0481777 0.0628992 0.1365645 0.1382129 0.1358654 0.1447020 0.1363836 0.0000000 0.1387499 0.1226456 0.1347018 
XM_050777627_1_PREDICTED_Macaca_thibetana_thibetana_angiotensin_converting_enzyme_2_ACE2_transcript_variant_X1_mRNA_1      0.0603913 0.0315823 0.0330152 0.0041789 0.0301915 0.0640516 0.0324108 0.1844464 0.0330594 0.0033378 0.0578332 0.0325702 0.0024999 0.0101648 0.1549016 0.0105645 0.0008312 0.0067235 0.0058739 0.0594630 0.1264024 0.1507691 0.0108010 0.0118185 0.0050253 0.0583107 0.0324988 0.1387499 0.0000000 0.1598754 0.0292551 
XM_053580366_1_PREDICTED_Nycticebus_coucang_angiotensin_converting_enzyme_2_ACE2_mRNA_1                                    0.1723107 0.1586562 0.1603132 0.1623370 0.1592447 0.1678749 0.1558408 0.0646057 0.1605792 0.1594820 0.1615724 0.1573136 0.1595834 0.1623136 0.1953492 0.1568656 0.1582507 0.1626684 0.1612842 0.1700434 0.1068759 0.1246607 0.1567282 0.1568275 0.1583606 0.1673852 0.1563672 0.1226456 0.1598754 0.0000000 0.1577806 
XM_054471966_1_PREDICTED_Pongo_pygmaeus_angiotensin_converting_enzyme_2_ACE2_transcript_variant_X1_mRNA_1                  0.0611328 0.0148216 0.0161471 0.0319693 0.0016622 0.0616892 0.0161428 0.1814318 0.0161679 0.0282949 0.0570093 0.0165886 0.0301238 0.0330126 0.1535704 0.0278834 0.0283022 0.0315608 0.0292729 0.0615930 0.1256354 0.1453635 0.0301220 0.0291548 0.0287688 0.0590558 0.0170560 0.1347018 0.0292551 0.1577806 0.0000000 
