31
XM_017512376_2_PREDICTED_Cebus_imitator_angiotensin_I_converting_enzyme_2_ACE2_transcript_variant_X1_mRNA_1                0.0000000 0.1844377 0.1873140 0.1910264 0.1906810 0.0677570 0.1862581 0.8995615 0.1916209 0.1826014 0.0531702 0.1949116 0.1869801 0.1961504 0.6903904 0.1840175 0.1813590 0.1910643 0.1872970 0.0623712 0.5417148 0.6849903 0.2265403 0.1816280 0.1848094 0.0130784 0.1861907 0.5947403 0.1858376 0.7599607 0.1866603 
NM_001371415_1_Homo_sapiens_angiotensin_converting_enzyme_2_ACE2_transcript_variant_1_mRNA_1                               0.1844377 0.0000000 0.0163052 0.0968871 0.0416765 0.1900515 0.0479521 0.8260214 0.0163589 0.0855219 0.1708562 0.0196720 0.0911230 0.0949321 0.6445253 0.0844993 0.0855837 0.0959274 0.0888933 0.1857832 0.4688757 0.5856784 0.1137961 0.0863552 0.0858482 0.1767189 0.0470811 0.5234353 0.0887300 0.6620845 0.0392137 
XM_016942979_2_PREDICTED_Pan_troglodytes_angiotensin_converting_enzyme_2_ACE2_transcript_variant_X1_mRNA_1                 0.1873140 0.0163052 0.0000000 0.1016312 0.0454676 0.1964997 0.0494055 0.8455237 0.0042697 0.0900753 0.1769203 0.0231544 0.0957674 0.0996844 0.6421934 0.0890530 0.0901411 0.0972618 0.0902096 0.1921397 0.4711918 0.6067824 0.1226712 0.0908952 0.0904230 0.1795006 0.0485373 0.5365906 0.0933563 0.6751012 0.0429619 
NM_001135696_1_Macaca_mulatta_angiotensin_converting_enzyme_2_ACE2_mRNA_1                                                  0.1910264 0.0968871 0.1016312 0.0000000 0.0925256 0.2049347 0.0989379 0.8742069 0.1020240 0.0152114 0.1850029 0.1003556 0.0107951 0.0338980 0.6521638 0.0348130 0.0086043 0.0243564 0.0220516 0.1882886 0.4829671 0.6322118 0.0427700 0.0357144 0.0197492 0.1831343 0.0997100 0.5536246 0.0108301 0.6899021 0.0895362 
NM_001131132_2_Pongo_abelii_angiotensin_converting_enzyme_2_ACE2_mRNA_1                                                    0.1906810 0.0416765 0.0454676 0.0925256 0.0000000 0.1929143 0.0454383 0.8387822 0.0456251 0.0813049 0.1753549 0.0467298 0.0868372 0.0963814 0.6377762 0.0802795 0.0813633 0.0915578 0.0846085 0.1920687 0.4690394 0.5882324 0.1092883 0.0836226 0.0828311 0.1828755 0.0481884 0.5208884 0.0844549 0.6661416 0.0042696 
XM_008988993_4_PREDICTED_Callithrix_jacchus_angiotensin_converting_enzyme_2_ACE2_mRNA_1                                    0.0677570 0.1900515 0.1964997 0.2049347 0.1929143 0.0000000 0.1884588 0.9005615 0.1973681 0.1961642 0.0702764 0.2006898 0.2007235 0.2053396 0.6843079 0.1977151 0.1949123 0.2071585 0.2032364 0.0663628 0.5412489 0.6597596 0.2443548 0.1950959 0.1984715 0.0610801 0.1918703 0.6041246 0.1995951 0.7259668 0.1888656 
XM_003261084_3_PREDICTED_Nomascus_leucogenys_angiotensin_I_converting_enzyme_2_ACE2_mRNA_1                                 0.1862581 0.0479521 0.0494055 0.0989379 0.0454383 0.1884588 0.0000000 0.8218320 0.0495787 0.0875898 0.1678579 0.0482403 0.0919563 0.1028979 0.6265420 0.0865764 0.0876528 0.0979893 0.0909686 0.1802396 0.4651890 0.5824231 0.1164984 0.0899021 0.0891439 0.1785602 0.0196986 0.5082219 0.0908019 0.6459456 0.0429342 
XM_003791864_2_PREDICTED_Otolemur_garnettii_angiotensin_I_converting_enzyme_2_ACE2_mRNA_1                                  0.8995615 0.8260214 0.8455237 0.8742069 0.8387822 0.9005615 0.8218320 0.0000000 0.8502870 0.8493587 0.8450255 0.8181124 0.8508973 0.8329275 1.1688497 0.8193837 0.8410087 0.8521138 0.8406225 0.8967051 0.4807606 0.5903752 1.3056092 0.8208769 0.8327682 0.8575070 0.8358586 0.5793118 0.8571828 0.1997136 0.8261343 
XM_008974180_2_PREDICTED_Pan_paniscus_angiotensin_I_converting_enzyme_2_ACE2_transcript_variant_X1_mRNA_1                  0.1916209 0.0163589 0.0042697 0.1020240 0.0456251 0.1973681 0.0495787 0.8502870 0.0000000 0.0904172 0.1776809 0.0232319 0.0933527 0.1000719 0.6457526 0.0893916 0.0904834 0.0976352 0.0905526 0.1929834 0.4736666 0.6101362 0.1207386 0.0912385 0.0907675 0.1837012 0.0487085 0.5336804 0.0937139 0.6788508 0.0431100 
XM_021933040_1_PREDICTED_Papio_anubis_angiotensin_I_converting_enzyme_2_ACE2_transcript_variant_X1_mRNA_1                  0.1826014 0.0855219 0.0900753 0.0152114 0.0813049 0.1961642 0.0875898 0.8493587 0.0904172 0.0000000 0.1733833 0.0888200 0.0107821 0.0255900 0.6293975 0.0254361 0.0064266 0.0152999 0.0130611 0.1832685 0.4689494 0.6142326 0.0299203 0.0286646 0.0064323 0.1749129 0.0882608 0.5251469 0.0086281 0.6706093 0.0784267 
XM_010336623_2_PREDICTED_Saimiri_boliviensis_boliviensis_angiotensin_converting_enzyme_2_ACE2_transcript_variant_X1_mRNA_1 0.0531702 0.1708562 0.1769203 0.1850029 0.1753549 0.0702764 0.1678579 0.8450255 0.1776809 0.1733833 0.0000000 0.1774879 0.1776416 0.1868476 0.6498236 0.1747111 0.1721475 0.1836378 0.1799401 0.0572665 0.5259605 0.6673832 0.2149764 0.1724724 0.1721682 0.0504944 0.1709274 0.5745165 0.1764907 0.6917654 0.1715132 
XM_019019204_1_PREDICTED_Gorilla_gorilla_gorilla_angiotensin_I_converting_enzyme_2_ACE2_mRNA_1                             0.1949116 0.0196720 0.0231544 0.1003556 0.0467298 0.2006898 0.0482403 0.8181124 0.0232319 0.0888200 0.1774879 0.0000000 0.0945027 0.0984011 0.6281786 0.0877947 0.0888848 0.0993978 0.0922617 0.1962749 0.4855921 0.5889190 0.1208939 0.0896459 0.0891627 0.1869399 0.0498228 0.5359789 0.0920899 0.6536246 0.0442105 
XM_005593037_3_PREDICTED_Macaca_fascicularis_angiotensin_converting_enzyme_2_ACE2_mRNA_1                                   0.1869801 0.0911230 0.0957674 0.0107951 0.0868372 0.2007235 0.0919563 0.8508973 0.0933527 0.0107821 0.1776416 0.0945027 0.0000000 0.0291441 0.6418439 0.0300816 0.0042695 0.0197723 0.0175041 0.1842542 0.4644614 0.6153940 0.0378433 0.0333188 0.0152415 0.1791857 0.0926668 0.5271104 0.0064484 0.6717337 0.0839059 
XM_007991113_2_PREDICTED_Chlorocebus_sabaeus_angiotensin_I_converting_enzyme_2_ACE2_transcript_variant_X1_mRNA_1           0.1961504 0.0949321 0.0996844 0.0338980 0.0963814 0.2053396 0.1028979 0.8329275 0.1000719 0.0255900 0.1868476 0.0984011 0.0291441 0.0000000 0.6454544 0.0386859 0.0244927 0.0303223 0.0279594 0.1990321 0.4939912 0.6038934 0.0465375 0.0406137 0.0256376 0.1881034 0.1023056 0.5570630 0.0269124 0.6963798 0.0933254 
XM_008064619_1_PREDICTED_Carlito_syrichta_angiotensin_I_converting_enzyme_2_ACE2_mRNA_1                                    0.6903904 0.6445253 0.6421934 0.6521638 0.6377762 0.6843079 0.6265420 1.1688497 0.6457526 0.6293975 0.6498236 0.6281786 0.6418439 0.6454544 0.0000000 0.6342570 0.6299521 0.6560668 0.6542320 0.7074058 0.7262910 0.8506469 0.8651750 0.6202590 0.6284642 0.6702317 0.6439571 0.7960718 0.6418301 0.9566788 0.6282461 
XM_010366065_2_PREDICTED_Rhinopithecus_roxellana_angiotensin_I_converting_enzyme_2_ACE2_mRNA_1                             0.1840175 0.0844993 0.0890530 0.0348130 0.0802795 0.1977151 0.0865764 0.8193837 0.0893916 0.0254361 0.1747111 0.0877947 0.0300816 0.0386859 0.6342570 0.0000000 0.0254527 0.0337713 0.0290625 0.1881665 0.4790962 0.5992269 0.0087040 0.0253952 0.0277788 0.1762536 0.0872410 0.5392412 0.0278643 0.6542196 0.0774006 
XM_011735203_2_PREDICTED_Macaca_nemestrina_angiotensin_I_converting_enzyme_2_ACE2_transcript_variant_X1_mRNA_1             0.1813590 0.0855837 0.0901411 0.0086043 0.0813633 0.1949123 0.0876528 0.8410087 0.0904834 0.0064266 0.1721475 0.0888848 0.0042695 0.0244927 0.6299521 0.0254527 0.0000000 0.0152756 0.0130405 0.1786412 0.4641041 0.6082606 0.0314998 0.0286833 0.0108143 0.1736777 0.0883248 0.5324718 0.0021353 0.6640583 0.0784828 
XM_011995533_1_PREDICTED_Mandrillus_leucophaeus_angiotensin_I_converting_enzyme_2_ACE2_mRNA_1                              0.1910643 0.0959274 0.0972618 0.0243564 0.0915578 0.2071585 0.0979893 0.8521138 0.0976352 0.0152999 0.1836378 0.0993978 0.0197723 0.0303223 0.6560668 0.0337713 0.0152756 0.0000000 0.0085922 0.1938773 0.4767973 0.6326008 0.0381547 0.0382028 0.0130710 0.1831632 0.0987565 0.5478023 0.0175812 0.6952985 0.0885643 
XM_012035808_1_PREDICTED_Cercocebus_atys_angiotensin_I_converting_enzyme_2_ACE2_transcript_variant_X1_mRNA_1               0.1872970 0.0888933 0.0902096 0.0220516 0.0846085 0.2032364 0.0909686 0.8406225 0.0905526 0.0130611 0.1799401 0.0922617 0.0175041 0.0279594 0.6542320 0.0290625 0.0130405 0.0085922 0.0000000 0.1900693 0.4754308 0.6306017 0.0349104 0.0334724 0.0108486 0.1794755 0.0916736 0.5461483 0.0153210 0.6860988 0.0816807 
XM_012434682_2_PREDICTED_Aotus_nancymaae_angiotensin_I_converting_enzyme_2_ACE2_mRNA_1                                     0.0623712 0.1857832 0.1921397 0.1882886 0.1920687 0.0663628 0.1802396 0.8967051 0.1929834 0.1832685 0.0572665 0.1962749 0.1842542 0.1990321 0.7074058 0.1881665 0.1786412 0.1938773 0.1900693 0.0000000 0.5277426 0.6701662 0.2320999 0.1822873 0.1854879 0.0570747 0.1801279 0.5925599 0.1831033 0.7487912 0.1880406 
XM_012638731_1_PREDICTED_Propithecus_coquereli_angiotensin_I_converting_enzyme_2_ACE2_transcript_variant_X1_mRNA_1         0.5417148 0.4688757 0.4711918 0.4829671 0.4690394 0.5412489 0.4651890 0.4807606 0.4736666 0.4689494 0.5259605 0.4855921 0.4644614 0.4939912 0.7262910 0.4790962 0.4641041 0.4767973 0.4754308 0.5277426 0.0000000 0.1713439 0.6511037 0.4705912 0.4679413 0.5230011 0.4703493 0.1347698 0.4729733 0.3828987 0.4618555 
XM_020285237_1_PREDICTED_Microcebus_murinus_angiotensin_I_converting_enzyme_2_ACE2_mRNA_1                                  0.6849903 0.5856784 0.6067824 0.6322118 0.5882324 0.6597596 0.5824231 0.5903752 0.6101362 0.6142326 0.6673832 0.5889190 0.6153940 0.6038934 0.8506469 0.5992269 0.6082606 0.6326008 0.6306017 0.6701662 0.1713439 0.0000000 0.8405151 0.6030653 0.6125833 0.6611061 0.6018223 0.1841580 0.6198384 0.4782594 0.5793637 
XM_017888580_1_PREDICTED_Rhinopithecus_bieti_angiotensin_I_converting_enzyme_2_ACE2_transcript_variant_X1_mRNA_1           0.2265403 0.1137961 0.1226712 0.0427700 0.1092883 0.2443548 0.1164984 1.3056092 0.1207386 0.0299203 0.2149764 0.1208939 0.0378433 0.0465375 0.8651750 0.0087040 0.0314998 0.0381547 0.0349104 0.2320999 0.6511037 0.8405151 0.0000000 0.0267575 0.0331234 0.2125860 0.1177657 0.7553862 0.0348362 0.9961798 0.1050294 
XM_023199053_2_PREDICTED_Piliocolobus_tephrosceles_angiotensin_I_converting_enzyme_2_ACE2_mRNA_1                           0.1816280 0.0863552 0.0908952 0.0357144 0.0836226 0.1950959 0.0899021 0.8208769 0.0912385 0.0286646 0.1724724 0.0896459 0.0333188 0.0406137 0.6202590 0.0253952 0.0286833 0.0382028 0.0334724 0.1822873 0.4705912 0.6030653 0.0267575 0.0000000 0.0310150 0.1739930 0.0905900 0.5357385 0.0311104 0.6553985 0.0807360 
XM_025372062_1_PREDICTED_Theropithecus_gelada_angiotensin_I_converting_enzyme_2_ACE2_mRNA_1                                0.1848094 0.0858482 0.0904230 0.0197492 0.0828311 0.1984715 0.0891439 0.8327682 0.0907675 0.0064323 0.1721682 0.0891627 0.0152415 0.0256376 0.6284642 0.0277788 0.0108143 0.0130710 0.0108486 0.1854879 0.4679413 0.6125833 0.0331234 0.0310150 0.0000000 0.1770627 0.0898297 0.5241754 0.0130680 0.6660449 0.0799332 
XM_032285963_1_PREDICTED_Sapajus_apella_angiotensin_I_converting_enzyme_2_ACE2_transcript_variant_X1_mRNA_1                0.0130784 0.1767189 0.1795006 0.1831343 0.1828755 0.0610801 0.1785602 0.8575070 0.1837012 0.1749129 0.0504944 0.1869399 0.1791857 0.1881034 0.6702317 0.1762536 0.1736777 0.1831632 0.1794755 0.0570747 0.5230011 0.6611061 0.2125860 0.1739930 0.1770627 0.0000000 0.1784362 0.5773315 0.1780376 0.7254871 0.1789470 
XM_032756617_1_PREDICTED_Hylobates_moloch_angiotensin_I_converting_enzyme_2_ACE2_mRNA_1                                    0.1861907 0.0470811 0.0485373 0.0997100 0.0481884 0.1918703 0.0196986 0.8358586 0.0487085 0.0882608 0.1709274 0.0498228 0.0926668 0.1023056 0.6439571 0.0872410 0.0883248 0.0987565 0.0916736 0.1801279 0.4703493 0.6018223 0.1177657 0.0905900 0.0898297 0.1784362 0.0000000 0.5253216 0.0915041 0.6532689 0.0456444 
XM_045538336_1_PREDICTED_Lemur_catta_angiotensin_converting_enzyme_2_ACE2_mRNA_1                                           0.5947403 0.5234353 0.5365906 0.5536246 0.5208884 0.6041246 0.5082219 0.5793118 0.5336804 0.5251469 0.5745165 0.5359789 0.5271104 0.5570630 0.7960718 0.5392412 0.5324718 0.5478023 0.5461483 0.5925599 0.1347698 0.1841580 0.7553862 0.5357385 0.5241754 0.5773315 0.5253216 0.0000000 0.5425801 0.4616051 0.5129827 
XM_050777627_1_PREDICTED_Macaca_thibetana_thibetana_angiotensin_converting_enzyme_2_ACE2_transcript_variant_X1_mRNA_1      0.1858376 0.0887300 0.0933563 0.0108301 0.0844549 0.1995951 0.0908019 0.8571828 0.0937139 0.0086281 0.1764907 0.0920899 0.0064484 0.0269124 0.6418301 0.0278643 0.0021353 0.0175812 0.0153210 0.1831033 0.4729733 0.6198384 0.0348362 0.0311104 0.0130680 0.1780376 0.0915041 0.5425801 0.0000000 0.6766151 0.0815337 
XM_053580366_1_PREDICTED_Nycticebus_coucang_angiotensin_converting_enzyme_2_ACE2_mRNA_1                                    0.7599607 0.6620845 0.6751012 0.6899021 0.6661416 0.7259668 0.6459456 0.1997136 0.6788508 0.6706093 0.6917654 0.6536246 0.6717337 0.6963798 0.9566788 0.6542196 0.6640583 0.6952985 0.6860988 0.7487912 0.3828987 0.4782594 0.9961798 0.6553985 0.6660449 0.7254871 0.6532689 0.4616051 0.6766151 0.0000000 0.6561988 
XM_054471966_1_PREDICTED_Pongo_pygmaeus_angiotensin_converting_enzyme_2_ACE2_transcript_variant_X1_mRNA_1                  0.1866603 0.0392137 0.0429619 0.0895362 0.0042696 0.1888656 0.0429342 0.8261343 0.0431100 0.0784267 0.1715132 0.0442105 0.0839059 0.0933254 0.6282461 0.0774006 0.0784828 0.0885643 0.0816807 0.1880406 0.4618555 0.5793637 0.1050294 0.0807360 0.0799332 0.1789470 0.0456444 0.5129827 0.0815337 0.6561988 0.0000000 
