31
NM_001371415_1_Homo_sapiens_angiotensin_converting_enzyme_2_ACE2_transcript_variant_1_mRNA                               0.0000000 0.0157561 0.0158049 0.0190030 0.0401844 0.0378230 0.0461906 0.0453336 0.0927918 0.0820577 0.0850253 0.0873312 0.0820017 0.0822923 0.0918468 0.0851652 0.0908789 0.0828244 0.0810083 0.1073435 0.1803527 0.1751115 0.1679118 0.1763869 0.1624731 0.5959614 0.4494403 0.4817948 0.6068033 0.7476219 0.5914760 
XM_016942979_2_PREDICTED_Pan_troglodytes_angiotensin_converting_enzyme_2_ACE2_transcript_variant_X1_mRNA                 0.0157561 0.0000000 0.0041304 0.0223535 0.0438116 0.0414120 0.0475674 0.0467127 0.0972593 0.0863616 0.0893892 0.0917119 0.0863021 0.0866112 0.0931154 0.0864180 0.0953526 0.0871134 0.0853087 0.1155483 0.1862973 0.1777142 0.1704338 0.1822533 0.1680880 0.6163484 0.4517308 0.4933358 0.6180196 0.7641603 0.5890759 
XM_008974180_2_PREDICTED_Pan_paniscus_angiotensin_I_converting_enzyme_2_ACE2_transcript_variant_X1_mRNA                  0.0158049 0.0041304 0.0000000 0.0224238 0.0439539 0.0415458 0.0477235 0.0468669 0.0976082 0.0866665 0.0897073 0.0893920 0.0866065 0.0869179 0.0934473 0.0867233 0.0956964 0.0874194 0.0856103 0.1137431 0.1870531 0.1816980 0.1743260 0.1829881 0.1687528 0.6195186 0.4540473 0.4905234 0.6211759 0.7681454 0.5920746 
XM_019019204_1_PREDICTED_Gorilla_gorilla_gorilla_angiotensin_I_converting_enzyme_2_ACE2_mRNA                             0.0190030 0.0223535 0.0224238 0.0000000 0.0450191 0.0426074 0.0464454 0.0479411 0.0960358 0.0851561 0.0881745 0.0904984 0.0850975 0.0854021 0.0950917 0.0883215 0.0941224 0.0859141 0.0841016 0.1138676 0.1901750 0.1847924 0.1773742 0.1860830 0.1685800 0.5989878 0.4586097 0.4928948 0.5994135 0.7409504 0.5766978 
NM_001131132_2_Pongo_abelii_angiotensin_converting_enzyme_2_ACE2_mRNA                                                    0.0401844 0.0438116 0.0439539 0.0450191 0.0000000 0.0041302 0.0437830 0.0464028 0.0886551 0.0780461 0.0809655 0.0832611 0.0779931 0.0794361 0.0877037 0.0810973 0.0922489 0.0802224 0.0769974 0.1031780 0.1830859 0.1810251 0.1737466 0.1823348 0.1667434 0.5953174 0.4510178 0.4796345 0.6102243 0.7583457 0.5855811 
XM_054471966_1_PREDICTED_Pongo_pygmaeus_angiotensin_converting_enzyme_2_ACE2_transcript_variant_X1_mRNA                  0.0378230 0.0414120 0.0415458 0.0426074 0.0041302 0.0000000 0.0413848 0.0439692 0.0858265 0.0753135 0.0781973 0.0804834 0.0752627 0.0766883 0.0848719 0.0783236 0.0893624 0.0774843 0.0742665 0.0992241 0.1793306 0.1772939 0.1700956 0.1785973 0.1631673 0.5867880 0.4440009 0.4726434 0.6015580 0.7475742 0.5772430 
XM_003261084_3_PREDICTED_Nomascus_leucogenys_angiotensin_I_converting_enzyme_2_ACE2_mRNA                                 0.0461906 0.0475674 0.0477235 0.0464454 0.0437830 0.0413848 0.0000000 0.0190252 0.0947831 0.0840644 0.0870347 0.0881541 0.0840072 0.0854750 0.0938479 0.0871777 0.0984687 0.0862319 0.0830221 0.1099498 0.1789514 0.1769189 0.1697352 0.1713211 0.1597291 0.5897016 0.4497371 0.4682110 0.5923387 0.7437577 0.5756085 
XM_032756617_1_PREDICTED_Hylobates_moloch_angiotensin_I_converting_enzyme_2_ACE2_mRNA                                    0.0453336 0.0467127 0.0468669 0.0479411 0.0464028 0.0439692 0.0190252 0.0000000 0.0954671 0.0846613 0.0876577 0.0887845 0.0846033 0.0860838 0.0945271 0.0878028 0.0978514 0.0868431 0.0836124 0.1110378 0.1820332 0.1767379 0.1695077 0.1711040 0.1625200 0.6083409 0.4520440 0.4833208 0.5985078 0.7556601 0.5907966 
NM_001135696_1_Macaca_mulatta_angiotensin_converting_enzyme_2_ACE2_mRNA                                                  0.0927918 0.0972593 0.0976082 0.0960358 0.0886551 0.0858265 0.0947831 0.0954671 0.0000000 0.0083197 0.0104673 0.0104360 0.0146986 0.0190714 0.0235064 0.0212880 0.0326718 0.0344500 0.0335689 0.0407370 0.1940763 0.1811633 0.1738151 0.1785153 0.1755645 0.6372601 0.4584872 0.5081827 0.6305863 0.7881182 0.5979972 
XM_011735203_2_PREDICTED_Macaca_nemestrina_angiotensin_I_converting_enzyme_2_ACE2_transcript_variant_X1_mRNA             0.0820577 0.0863616 0.0866665 0.0851561 0.0780461 0.0753135 0.0840644 0.0846613 0.0083197 0.0000000 0.0020657 0.0041305 0.0062156 0.0104529 0.0147564 0.0126008 0.0236300 0.0276890 0.0245668 0.0300440 0.1847835 0.1721770 0.1650128 0.1695519 0.1635697 0.6142505 0.4401833 0.4894089 0.6079956 0.7598922 0.5785161 
XM_050777627_1_PREDICTED_Macaca_thibetana_thibetana_angiotensin_converting_enzyme_2_ACE2_transcript_variant_X1_mRNA      0.0850253 0.0893892 0.0897073 0.0881745 0.0809655 0.0781973 0.0870347 0.0876577 0.0104673 0.0020657 0.0000000 0.0062358 0.0083413 0.0126258 0.0169760 0.0147978 0.0259522 0.0300181 0.0268820 0.0332016 0.1890816 0.1763010 0.1690340 0.1736585 0.1675765 0.6252842 0.4486495 0.4982156 0.6188207 0.7735432 0.5888030 
XM_005593037_3_PREDICTED_Macaca_fascicularis_angiotensin_converting_enzyme_2_ACE2_mRNA                                   0.0873312 0.0917119 0.0893920 0.0904984 0.0832611 0.0804834 0.0881541 0.0887845 0.0104360 0.0041305 0.0062358 0.0000000 0.0104242 0.0147265 0.0190930 0.0169075 0.0281063 0.0321515 0.0290233 0.0360720 0.1902072 0.1774341 0.1701690 0.1747979 0.1687135 0.6211877 0.4405392 0.4845632 0.6148096 0.7683767 0.5891144 
XM_021933040_1_PREDICTED_Papio_anubis_angiotensin_I_converting_enzyme_2_ACE2_transcript_variant_X1_mRNA                  0.0820017 0.0863021 0.0866065 0.0850975 0.0779931 0.0752627 0.0840072 0.0846033 0.0146986 0.0062156 0.0083413 0.0104242 0.0000000 0.0062207 0.0147778 0.0126189 0.0246892 0.0276718 0.0245516 0.0285425 0.1859848 0.1733691 0.1661980 0.1739241 0.1647553 0.6200376 0.4449597 0.4831120 0.6138181 0.7670712 0.5780267 
XM_025372062_1_PREDICTED_Theropithecus_gelada_angiotensin_I_converting_enzyme_2_ACE2_mRNA                                0.0822923 0.0866112 0.0869179 0.0854021 0.0794361 0.0766883 0.0854750 0.0860838 0.0190714 0.0104529 0.0126258 0.0147265 0.0062207 0.0000000 0.0126279 0.0104837 0.0247321 0.0299322 0.0268049 0.0315834 0.1881065 0.1754055 0.1681842 0.1759702 0.1635802 0.6233797 0.4401494 0.4820864 0.6096156 0.7529133 0.5770364 
XM_011995533_1_PREDICTED_Mandrillus_leucophaeus_angiotensin_I_converting_enzyme_2_ACE2_mRNA                              0.0918468 0.0931154 0.0934473 0.0950917 0.0877037 0.0848719 0.0938479 0.0945271 0.0235064 0.0147564 0.0169760 0.0190930 0.0147778 0.0126279 0.0000000 0.0083083 0.0292363 0.0368333 0.0325582 0.0363405 0.1961043 0.1811727 0.1738184 0.1837096 0.1742401 0.6374431 0.4441626 0.5026422 0.6350455 0.7693953 0.6011665 
XM_012035808_1_PREDICTED_Cercocebus_atys_angiotensin_I_converting_enzyme_2_ACE2_transcript_variant_X1_mRNA               0.0851652 0.0864180 0.0867233 0.0883215 0.0810973 0.0783236 0.0871777 0.0878028 0.0212880 0.0126008 0.0147978 0.0169075 0.0126189 0.0104837 0.0083083 0.0000000 0.0269660 0.0322874 0.0280316 0.0332648 0.1924657 0.1776681 0.1703830 0.1801710 0.1707952 0.6356008 0.4429678 0.5012984 0.6270619 0.7596698 0.5996782 
XM_007991113_2_PREDICTED_Chlorocebus_sabaeus_angiotensin_I_converting_enzyme_2_ACE2_transcript_variant_X1_mRNA           0.0908789 0.0953526 0.0956964 0.0941224 0.0922489 0.0893624 0.0984687 0.0978514 0.0326718 0.0236300 0.0259522 0.0281063 0.0246892 0.0247321 0.0292363 0.0269660 0.0000000 0.0391487 0.0372705 0.0442694 0.1942708 0.1858276 0.1783484 0.1884213 0.1771445 0.6099543 0.4612743 0.5107039 0.6357044 0.7529811 0.5917507 
XM_023199053_2_PREDICTED_Piliocolobus_tephrosceles_angiotensin_I_converting_enzyme_2_ACE2_mRNA                           0.0828244 0.0871134 0.0874194 0.0859141 0.0802224 0.0774843 0.0862319 0.0868431 0.0344500 0.0276890 0.0300181 0.0321515 0.0276718 0.0299322 0.0368333 0.0322874 0.0391487 0.0000000 0.0245125 0.0255348 0.1850533 0.1725172 0.1653915 0.1730664 0.1639567 0.6091652 0.4465728 0.4924091 0.6003069 0.7425807 0.5701588 
XM_010366065_2_PREDICTED_Rhinopithecus_roxellana_angiotensin_I_converting_enzyme_2_ACE2_mRNA                             0.0810083 0.0853087 0.0856103 0.0841016 0.0769974 0.0742665 0.0830221 0.0836124 0.0335689 0.0245668 0.0268820 0.0290233 0.0245516 0.0268049 0.0325582 0.0280316 0.0372705 0.0245125 0.0000000 0.0083221 0.1873252 0.1745972 0.1673621 0.1784139 0.1659085 0.6056207 0.4501419 0.4954871 0.5995316 0.7415800 0.5823420 
XM_017888580_1_PREDICTED_Rhinopithecus_bieti_angiotensin_I_converting_enzyme_2_ACE2_transcript_variant_X1_mRNA           0.1073435 0.1155483 0.1137431 0.1138676 0.1031780 0.0992241 0.1099498 0.1110378 0.0407370 0.0300440 0.0332016 0.0360720 0.0285425 0.0315834 0.0363405 0.0332648 0.0442694 0.0255348 0.0083221 0.0000000 0.2271475 0.2110338 0.1983149 0.2160534 0.2005152 0.8423224 0.6122717 0.6683301 0.8690215 1.1129539 0.7640290 
XM_008988993_4_PREDICTED_Callithrix_jacchus_angiotensin_converting_enzyme_2_ACE2_mRNA                                    0.1803527 0.1862973 0.1870531 0.1901750 0.1830859 0.1793306 0.1789514 0.1820332 0.1940763 0.1847835 0.1890816 0.1902072 0.1859848 0.1881065 0.1961043 0.1924657 0.1942708 0.1850533 0.1873252 0.2271475 0.0000000 0.0651129 0.0587386 0.0637833 0.0675253 0.6636610 0.5242193 0.5524396 0.6619953 0.8099003 0.6258447 
XM_017512376_2_PREDICTED_Cebus_imitator_angiotensin_I_converting_enzyme_2_ACE2_transcript_variant_X1_mRNA                0.1751115 0.1777142 0.1816980 0.1847924 0.1810251 0.1772939 0.1769189 0.1767379 0.1811633 0.1721770 0.1763010 0.1774341 0.1733691 0.1754055 0.1811727 0.1776681 0.1858276 0.1725172 0.1745972 0.2110338 0.0651129 0.0000000 0.0126382 0.0599740 0.0511898 0.6879454 0.5176926 0.5441502 0.6911270 0.8088967 0.6312627 
XM_032285963_1_PREDICTED_Sapajus_apella_angiotensin_I_converting_enzyme_2_ACE2_transcript_variant_X1_mRNA                0.1679118 0.1704338 0.1743260 0.1773742 0.1737466 0.1700956 0.1697352 0.1695077 0.1738151 0.1650128 0.1690340 0.1701690 0.1661980 0.1681842 0.1738184 0.1703830 0.1783484 0.1653915 0.1673621 0.1983149 0.0587386 0.0126382 0.0000000 0.0549148 0.0486341 0.6649746 0.4994256 0.5288767 0.6613374 0.7733525 0.6137226 
XM_012434682_2_PREDICTED_Aotus_nancymaae_angiotensin_I_converting_enzyme_2_ACE2_mRNA                                     0.1763869 0.1822533 0.1829881 0.1860830 0.1823348 0.1785973 0.1713211 0.1711040 0.1785153 0.1695519 0.1736585 0.1747979 0.1739241 0.1759702 0.1837096 0.1801710 0.1884213 0.1730664 0.1784139 0.2160534 0.0637833 0.0599740 0.0549148 0.0000000 0.0550885 0.6697463 0.5123493 0.5437900 0.6811517 0.8064775 0.6462888 
XM_010336623_2_PREDICTED_Saimiri_boliviensis_boliviensis_angiotensin_converting_enzyme_2_ACE2_transcript_variant_X1_mRNA 0.1624731 0.1680880 0.1687528 0.1685800 0.1667434 0.1631673 0.1597291 0.1625200 0.1755645 0.1635697 0.1675765 0.1687135 0.1647553 0.1635802 0.1742401 0.1707952 0.1771445 0.1639567 0.1659085 0.2005152 0.0675253 0.0511898 0.0486341 0.0550885 0.0000000 0.6709904 0.5123227 0.5263461 0.6316223 0.7626325 0.5962053 
XM_020285237_1_PREDICTED_Microcebus_murinus_angiotensin_I_converting_enzyme_2_ACE2_mRNA                                  0.5959614 0.6163484 0.6195186 0.5989878 0.5953174 0.5867880 0.5897016 0.6083409 0.6372601 0.6142505 0.6252842 0.6211877 0.6200376 0.6233797 0.6374431 0.6356008 0.6099543 0.6091652 0.6056207 0.8423224 0.6636610 0.6879454 0.6649746 0.6697463 0.6709904 0.0000000 0.1952074 0.2035654 0.5059332 0.6167142 0.8215061 
XM_012638731_1_PREDICTED_Propithecus_coquereli_angiotensin_I_converting_enzyme_2_ACE2_transcript_variant_X1_mRNA         0.4494403 0.4517308 0.4540473 0.4586097 0.4510178 0.4440009 0.4497371 0.4520440 0.4584872 0.4401833 0.4486495 0.4405392 0.4449597 0.4401494 0.4441626 0.4429678 0.4612743 0.4465728 0.4501419 0.6122717 0.5242193 0.5176926 0.4994256 0.5123493 0.5123227 0.1952074 0.0000000 0.1263913 0.3610253 0.4383729 0.6759090 
XM_045538336_1_PREDICTED_Lemur_catta_angiotensin_converting_enzyme_2_ACE2_mRNA                                           0.4817948 0.4933358 0.4905234 0.4928948 0.4796345 0.4726434 0.4682110 0.4833208 0.5081827 0.4894089 0.4982156 0.4845632 0.4831120 0.4820864 0.5026422 0.5012984 0.5107039 0.4924091 0.4954871 0.6683301 0.5524396 0.5441502 0.5288767 0.5437900 0.5263461 0.2035654 0.1263913 0.0000000 0.4251626 0.5285111 0.7180717 
XM_053580366_1_PREDICTED_Nycticebus_coucang_angiotensin_converting_enzyme_2_ACE2_mRNA                                    0.6068033 0.6180196 0.6211759 0.5994135 0.6102243 0.6015580 0.5923387 0.5985078 0.6305863 0.6079956 0.6188207 0.6148096 0.6138181 0.6096156 0.6350455 0.6270619 0.6357044 0.6003069 0.5995316 0.8690215 0.6619953 0.6911270 0.6613374 0.6811517 0.6316223 0.5059332 0.3610253 0.4251626 0.0000000 0.1891343 0.8578881 
XM_003791864_2_PREDICTED_Otolemur_garnettii_angiotensin_I_converting_enzyme_2_ACE2_mRNA                                  0.7476219 0.7641603 0.7681454 0.7409504 0.7583457 0.7475742 0.7437577 0.7556601 0.7881182 0.7598922 0.7735432 0.7683767 0.7670712 0.7529133 0.7693953 0.7596698 0.7529811 0.7425807 0.7415800 1.1129539 0.8099003 0.8088967 0.7733525 0.8064775 0.7626325 0.6167142 0.4383729 0.5285111 0.1891343 0.0000000 1.0338725 
XM_008064619_1_PREDICTED_Carlito_syrichta_angiotensin_I_converting_enzyme_2_ACE2_mRNA                                    0.5914760 0.5890759 0.5920746 0.5766978 0.5855811 0.5772430 0.5756085 0.5907966 0.5979972 0.5785161 0.5888030 0.5891144 0.5780267 0.5770364 0.6011665 0.5996782 0.5917507 0.5701588 0.5823420 0.7640290 0.6258447 0.6312627 0.6137226 0.6462888 0.5962053 0.8215061 0.6759090 0.7180717 0.8578881 1.0338725 0.0000000 
