132
NM_001709_5_Homo_sapiens_brain_derived_neurotrophi 0.0000000 0.0984154 0.0969004 0.0082149 0.0846153 0.0622912 0.0940286 0.0722854 0.1005770 0.0054960 0.0579668 0.1447790 0.0860219 0.1020239 0.0838389 0.0000010 0.1612613 0.1751109 0.1506002 0.1507854 0.0693939 0.0657183 0.0433715 0.0594135 0.1044701 0.1016846 0.1116313 0.1040166 0.0301370 0.0966534 0.1866470 0.1735049 0.1893582 0.1738757 0.2695670 0.0588495 0.0601425 0.0599255 0.0564772 0.0578463 0.0612747 0.0605620 0.0576583 0.0505835 0.0543439 0.0705486 0.0705486 0.0575535 0.0526571 0.0510084 0.0609515 0.0576310 0.0625932 0.0645556 0.0576310 0.1118111 0.0959319 0.0959319 0.1012936 0.0963324 0.1062105 0.1025564 0.0950067 0.0911296 0.0881442 0.0882265 0.0956616 0.1031803 0.0972505 0.0953607 0.1009998 0.0945268 0.0916779 0.0921476 0.0996935 0.0938529 0.0807295 0.0711776 0.0572125 0.0612895 0.0571598 0.0573927 0.0794938 0.0702164 0.0616576 0.0577440 0.1438697 0.0525792 0.1375300 0.0884398 0.0723024 0.0836401 0.0774787 0.0742073 0.0634909 0.0878745 0.0887553 0.0866579 0.0455569 0.0891012 0.0110120 0.0096095 0.0124038 0.0082149 0.0110041 0.0124572 0.0110124 0.0096098 0.0111363 0.0041288 0.0055162 0.0124306 0.0110199 0.0124306 0.0181308 0.0138441 0.0152695 0.0124629 0.0790388 0.0547391 0.0499460 0.0546200 0.0501969 0.0529370 0.0791690 0.0498238 0.0544477 0.0602848 0.2423970 0.2211753 0.0648390 0.0361441 
NM_001270630_1_Rattus_norvegicus_brain_derived_neu 0.0984154 0.0000000 0.0216534 0.1525523 0.1175282 0.1031415 0.1238719 0.0912743 0.0653302 0.0983776 0.2500419 0.1860274 0.1086611 0.1331080 0.0864647 8.9999984 0.1849421 0.2632310 0.1922600 0.2041557 0.1181690 0.1147873 1.7980453 0.2779830 0.0376919 0.0434183 0.1128853 0.0074393 8.9999986 0.0324819 0.1857033 0.1752050 0.2023611 0.1778520 0.2383564 0.2824304 0.0963606 0.0954666 0.0956639 0.0997821 0.1172234 0.0868193 0.0932184 0.0966748 0.0921983 0.0932186 0.0932186 0.0893371 0.0874132 0.0855006 0.0891914 0.0854543 0.0891049 0.0933740 0.0854543 0.1407958 0.1260640 0.1260640 0.1335612 0.1250296 0.1380315 0.1310290 0.1161388 0.1118152 0.1097586 0.3152805 0.1264061 0.1308410 0.1262435 0.1216614 0.1314158 0.1278327 0.1867306 0.1333070 0.1311112 0.1422779 0.1163919 0.1042653 0.0909677 0.0941628 0.0872104 0.1031235 0.1146974 0.1022496 0.1051749 0.1020141 0.1617960 0.1037970 0.2144152 0.1171826 0.2777524 0.1113905 0.1081245 0.1045803 0.2832322 0.1106963 0.1214306 0.1231942 0.0901058 0.1088406 0.1570669 0.1503094 0.1589559 0.1503094 0.1568789 0.1599664 0.1612522 0.1589666 0.0949111 0.0986769 0.2187974 0.1614673 0.1606609 0.1658698 0.1007421 0.1683046 0.1706304 0.1032977 0.1155794 0.2767509 0.0784890 0.2928195 0.0980588 0.0820561 0.1357038 0.0973653 0.2457331 0.0939558 0.2642746 0.2557597 0.0989556 0.0910483 
NM_001048142_1_Mus_musculus_brain_derived_neurotro 0.0969004 0.0216534 0.0000000 0.0878871 0.1249165 0.0994634 0.1315425 0.0949843 0.0487620 0.0986463 0.0872234 0.1862871 0.1172614 0.1387577 0.0519580 0.0000010 0.1952770 0.2039379 0.2024350 0.2079843 0.1221003 0.1137342 0.0433789 0.0915692 0.0027770 0.0055364 0.1161804 0.0261431 0.0146270 0.0422380 0.1854483 0.1732254 0.1848282 0.1685113 0.2255150 0.1049871 0.1043797 0.1039193 0.1054528 0.0950556 0.0997355 0.0876451 0.0939958 0.0934063 0.0906561 0.0969132 0.0969132 0.0901474 0.0882397 0.0881021 0.0938365 0.0900931 0.0937473 0.0980455 0.0900931 0.1450498 0.1317435 0.1317435 0.1350260 0.1322716 0.1436742 0.1366948 0.1170290 0.1127382 0.1092069 0.1093188 0.1256827 0.1340589 0.1255255 0.1210306 0.1305699 0.1286338 0.1251022 0.1324009 0.1343339 0.1327120 0.1154722 0.1014618 0.0940764 0.1002802 0.0903251 0.0922874 0.1067597 0.1012226 0.0974701 0.0964260 0.1603235 0.1014688 0.1527863 0.1167581 0.1012453 0.1101657 0.1069493 0.1034411 0.0978915 0.1193227 0.1169842 0.1172658 0.0766161 0.1176162 0.0916820 0.0860037 0.0934012 0.0878871 0.0915884 0.0939239 0.0953269 0.0934057 0.0929036 0.1002682 0.0984094 0.0989379 0.1008859 0.1028401 0.1011287 0.1031947 0.1051657 0.0997162 0.1179329 0.0896050 0.0794531 0.0960959 0.0953202 0.0828082 0.1392834 0.0955476 0.0966870 0.0899180 0.2735795 0.2547555 0.1092824 0.0878979 
XM_015114598_2_PREDICTED_Macaca_mulatta_brain_deri 0.0082149 0.1525523 0.0878871 0.0000000 0.0753545 0.0556754 0.0913854 0.0669959 0.1682295 0.0110951 0.1189332 0.1903882 0.0823546 0.0945362 0.0969580 9.0000000 0.1566239 0.2130874 0.1420493 0.1421940 0.0709434 0.0640409 1.6561408 0.2421956 0.1623723 0.1609342 0.1065487 0.1644371 6.3396474 0.0879194 0.1782514 0.1617007 0.1833772 0.1732687 0.2640794 0.1311043 0.0732285 0.1248737 0.0613798 0.0526624 0.0544452 0.0540029 0.0529021 0.0442139 0.0481619 0.0638068 0.0653285 0.0478253 0.0462000 0.0496878 0.0543420 0.0528788 0.0576546 0.0578573 0.1064720 0.1047346 0.0885697 0.0895572 0.1018511 0.0889464 0.0986233 0.0958699 0.0932696 0.0894097 0.0874711 0.2847007 0.0883132 0.0965103 0.0908454 0.0890353 0.0933277 0.0945523 0.1922034 0.0844434 0.0931481 0.0883358 0.0750091 0.0658901 0.0588777 0.0612919 0.0556721 0.1433882 0.0724040 0.0633396 0.0566911 0.0511648 0.1654751 0.0692780 0.2892539 0.0822776 0.1246998 0.0796362 0.0719836 0.0720389 0.1325026 0.0841867 0.0845874 0.0806724 0.0491389 0.0817032 0.0044391 0.0044332 0.0044289 0.0033181 0.0033144 0.0055735 0.0066805 0.0055546 0.0027471 0.0097253 0.0368342 0.0194298 0.0147362 0.0147054 0.0204682 0.0170280 0.0158380 0.0122356 0.0721565 0.2198537 0.0432811 0.2278743 0.0488359 0.0483414 0.0802478 0.0515732 0.0625425 0.0505610 0.2313553 0.2157816 0.0696411 0.0351890 
XM_005654684_3_PREDICTED_Sus_scrofa_brain_derived_ 0.0846153 0.1175282 0.1249165 0.0753545 0.0000000 0.0699886 0.0606592 0.0591693 0.1235263 0.0793853 0.0652684 0.1807943 0.0872754 0.0616016 0.1061197 0.0000010 0.1735332 0.1842104 0.1615473 0.1779584 0.1095152 0.1054065 0.0257291 0.0864824 0.1342366 0.1246256 0.1186235 0.1235917 0.0236552 0.1262248 0.1624648 0.1519046 0.1681593 0.1523446 0.2224479 0.0820133 0.0752934 0.0752099 0.0785886 0.0717473 0.0729447 0.0643851 0.0677366 0.0675406 0.0569575 0.0631346 0.0608622 0.0666975 0.0684892 0.0677313 0.0666015 0.0641351 0.0658498 0.0702790 0.0663187 0.0757002 0.0611498 0.0590173 0.0658818 0.0628328 0.0668205 0.0610396 0.0588462 0.0553465 0.0511638 0.0563526 0.0482180 0.0497513 0.0511189 0.0495246 0.0511395 0.0501672 0.0483055 0.0542978 0.0498149 0.1166152 0.0735236 0.0640316 0.0657741 0.0730622 0.0658318 0.0667551 0.1057994 0.0902938 0.0828905 0.0833367 0.1158052 0.0683374 0.1047927 0.0834242 0.0686283 0.0712749 0.0755341 0.0682409 0.0658892 0.0891947 0.0889922 0.0886201 0.1006459 0.1025998 0.0753545 0.0771080 0.0804933 0.0753545 0.0787995 0.0757136 0.0753575 0.0736104 0.0749804 0.0802396 0.0784828 0.0875834 0.0857793 0.0875834 0.0812924 0.0817828 0.0835583 0.0856888 0.1031162 0.0781450 0.0739374 0.0866072 0.0890783 0.0802300 0.1030183 0.0893797 0.0942613 0.0978952 0.1948546 0.1873308 0.0774847 0.0789997 
NM_001009828_1_Felis_catus_brain_derived_neurotrop 0.0622912 0.1031415 0.0994634 0.0556754 0.0699886 0.0000000 0.0840684 0.0524962 0.1018329 0.0625685 0.0369505 0.1602952 0.0696555 0.0845300 0.0901542 0.0000010 0.1876635 0.1784650 0.1564391 0.1662891 0.0875729 0.0872042 0.0284675 0.0705048 0.1054057 0.1043979 0.1164511 0.1088549 0.0147392 0.1143669 0.1826645 0.1604259 0.1706231 0.1499621 0.2419403 0.0640422 0.0618505 0.0616257 0.0615772 0.0125047 0.0085785 0.0396146 0.0415722 0.0256933 0.0228511 0.0541511 0.0541511 0.0447171 0.0399720 0.0415692 0.0430583 0.0430220 0.0446305 0.0464241 0.0430220 0.1015801 0.0822072 0.0822072 0.0909433 0.0816336 0.0843469 0.0863238 0.0878669 0.0822446 0.0793598 0.0829434 0.0749202 0.0747931 0.0714257 0.0710839 0.0813174 0.0736962 0.0711490 0.0779827 0.0733479 0.0856885 0.0617258 0.0546731 0.0463843 0.0499746 0.0463428 0.0513646 0.0709577 0.0636160 0.0587543 0.0564673 0.1251612 0.0546272 0.1161004 0.0776052 0.0659423 0.0771570 0.0694353 0.0678186 0.0610880 0.0714570 0.0770533 0.0731082 0.0652989 0.0970491 0.0590222 0.0540149 0.0572415 0.0556754 0.0556264 0.0609044 0.0590244 0.0573453 0.0597532 0.0615977 0.0615604 0.0624434 0.0641514 0.0658664 0.0623686 0.0607268 0.0624226 0.0626588 0.0879978 0.0497350 0.0529079 0.0600210 0.0659661 0.0531553 0.0958618 0.0593872 0.0636536 0.0677799 0.2393995 0.2161727 0.0696216 0.0460175 
XM_005216334_4_PREDICTED_Bos_taurus_brain_derived_ 0.0940286 0.1238719 0.1315425 0.0913854 0.0606592 0.0840684 0.0000000 0.0702934 0.1352715 0.0886777 0.0805770 0.1818869 0.1062789 0.0081679 0.1131602 0.0000010 0.1792973 0.1757259 0.1741888 0.1856915 0.1155099 0.1187133 0.0385789 0.1005630 0.1412448 0.1356056 0.1127087 0.1259097 0.0236552 0.1344300 0.1403935 0.1295058 0.1531236 0.1381255 0.2075659 0.0862688 0.0957982 0.0961230 0.0861381 0.0844218 0.0876678 0.0758479 0.0825740 0.0812345 0.0845506 0.0747316 0.0720268 0.0820008 0.0838574 0.0789939 0.0781972 0.0788061 0.0770383 0.0821395 0.0811491 0.0302759 0.0013345 0.0012937 0.0016823 0.0053914 0.0109689 0.0119542 0.0680395 0.0574259 0.0563669 0.0551563 0.0457619 0.0458547 0.0410322 0.0410963 0.0489318 0.0413624 0.0428847 0.0418146 0.0428749 0.1270641 0.0855021 0.0708550 0.0740834 0.0821437 0.0775409 0.0923062 0.1077682 0.0995810 0.0954476 0.0962296 0.1240701 0.0876139 0.1014097 0.0803265 0.0717647 0.0778017 0.0786936 0.0689533 0.0749625 0.1082964 0.0809200 0.0825397 0.0961541 0.1022309 0.0913854 0.0912493 0.0967390 0.0913854 0.0949805 0.0918281 0.0913893 0.0895572 0.0916325 0.0896409 0.0878418 0.0931315 0.0895999 0.0877775 0.0919303 0.0964856 0.0983429 0.0948896 0.1127355 0.0777072 0.0846618 0.0987911 0.0887482 0.0812764 0.0937802 0.0939892 0.1045119 0.1010004 0.2094208 0.1941396 0.0898916 0.0891423 
XM_038429434_1_PREDICTED_Canis_lupus_familiaris_br 0.0722854 0.0912743 0.0949843 0.0669959 0.0591693 0.0524962 0.0702934 0.0000000 0.0981360 0.0707595 0.0431069 0.1651844 0.0757908 0.0733296 0.0786523 0.0000010 0.1808364 0.1558013 0.1564507 0.1764698 0.0988275 0.0984148 0.0452538 0.0786223 0.1024754 0.0997087 0.1190795 0.0968256 0.0236552 0.0976569 0.1500927 0.1351284 0.1548235 0.1287668 0.2175464 0.0691636 0.0685307 0.0664471 0.0663967 0.0556899 0.0545851 0.0442210 0.0504348 0.0519522 0.0523242 0.0013540 0.0013120 0.0554123 0.0505767 0.0504312 0.0507360 0.0489653 0.0505427 0.0574221 0.0508900 0.0823080 0.0711329 0.0685722 0.0739235 0.0728952 0.0771550 0.0723431 0.0746718 0.0692958 0.0643168 0.0698061 0.0710474 0.0719601 0.0647821 0.0666831 0.0754138 0.0698179 0.0671088 0.0700996 0.0687281 0.0915760 0.0627503 0.0541826 0.0492283 0.0547672 0.0491854 0.0608350 0.0773895 0.0561209 0.0589407 0.0610321 0.0992327 0.0593823 0.1012077 0.0744206 0.0655422 0.0724480 0.0722712 0.0651771 0.0712738 0.0775990 0.0773516 0.0770500 0.0761539 0.0917310 0.0703596 0.0653260 0.0719230 0.0669959 0.0702962 0.0688905 0.0671181 0.0654445 0.0698105 0.0698529 0.0698133 0.0686105 0.0702963 0.0719882 0.0615754 0.0702745 0.0719661 0.0688465 0.0818770 0.0557435 0.0523013 0.0656533 0.0750907 0.0549082 0.0925282 0.0700155 0.0797972 0.0708925 0.2031314 0.1920991 0.0694345 0.0566225 
XM_007653166_4_PREDICTED_Cricetulus_griseus_brain_ 0.1005770 0.0653302 0.0487620 0.1682295 0.1235263 0.1018329 0.1352715 0.0981360 0.0000000 0.1005366 0.1110898 0.2163055 0.1242016 0.1416109 0.0682394 8.9999988 0.2005553 0.2167721 0.1896725 0.1996262 0.1304637 0.1221477 0.3535624 0.1417260 0.0790631 0.0802458 0.1215392 0.0666911 0.6950912 0.0312363 0.2073295 0.1897450 0.2118915 0.1839448 0.2397490 0.1239741 0.1085152 0.1298210 0.1054532 0.1024831 0.1063799 0.0889732 0.0988064 0.1012936 0.1002059 0.0967135 0.1000647 0.0915191 0.0895853 0.0911376 0.0928599 0.0925478 0.0961702 0.1008198 0.1108539 0.1470934 0.1345203 0.1374468 0.1472554 0.1334113 0.1465897 0.1423882 0.1251409 0.1246717 0.1239083 0.1884670 0.1282829 0.1369795 0.1311165 0.1305445 0.1356245 0.1313026 0.1730914 0.1329531 0.1372607 0.1443715 0.1127758 0.1085381 0.1077048 0.1112681 0.1038826 0.1260990 0.1277209 0.1105797 0.1170869 0.1106564 0.1757506 0.1494833 0.2164808 0.1416703 0.1398588 0.1220105 0.1280105 0.1185188 0.1328050 0.1263047 0.1459793 0.1461007 0.1293014 0.1262411 0.1750857 0.1682295 0.1705782 0.1682295 0.1663544 0.1780837 0.1750955 0.1727950 0.0983854 0.1022158 0.1310219 0.1827265 0.1820647 0.1844004 0.1083845 0.1847418 0.1878578 0.1310689 0.1259964 0.1697114 0.0908056 0.1853960 0.1126003 0.0862110 0.1296171 0.1016134 0.1906463 0.0906512 0.2592792 0.2541037 0.1173092 0.0954325 
NM_001012441_1_Pan_troglodytes_brain_derived_neuro 0.0054960 0.0983776 0.0986463 0.0110951 0.0793853 0.0625685 0.0886777 0.0707595 0.1005366 0.0000000 0.0548498 0.1422661 0.0803914 0.0965710 0.0855472 0.0000010 0.1589729 0.1691783 0.1501161 0.1461749 0.0748619 0.0711079 0.0433715 0.0646103 0.1062896 0.1034862 0.1093875 0.1039717 0.0301370 0.1030288 0.1836528 0.1659896 0.1814948 0.1706079 0.2594202 0.0662193 0.0675070 0.0672540 0.0637017 0.0581028 0.0615564 0.0574669 0.0565067 0.0523627 0.0545820 0.0690254 0.0690254 0.0564038 0.0548216 0.0531480 0.0578336 0.0545297 0.0594688 0.0614080 0.0545297 0.1062369 0.0905579 0.0905579 0.0944572 0.0924016 0.1006938 0.0970801 0.0896888 0.0858636 0.0829710 0.0830476 0.0902970 0.0977330 0.0918830 0.0900153 0.0954094 0.0891401 0.0863722 0.0904746 0.0942660 0.0961581 0.0773538 0.0678955 0.0620489 0.0663542 0.0619909 0.0612292 0.0838430 0.0718692 0.0656354 0.0616158 0.1394009 0.0573750 0.1307992 0.0827194 0.0683039 0.0794256 0.0734003 0.0701680 0.0619454 0.0822090 0.0891841 0.0870731 0.0523141 0.0937146 0.0139437 0.0125154 0.0153566 0.0110951 0.0139335 0.0154240 0.0139441 0.0125158 0.0141031 0.0041603 0.0027641 0.0125245 0.0111031 0.0125245 0.0211608 0.0168042 0.0182535 0.0154087 0.0810697 0.0532200 0.0483850 0.0561098 0.0570679 0.0514231 0.0836657 0.0568384 0.0582489 0.0641511 0.2332543 0.2124382 0.0628965 0.0395528 
XM_011226480_3_PREDICTED_Ailuropoda_melanoleuca_br 0.0579668 0.2500419 0.0872234 0.1189332 0.0652684 0.0369505 0.0805770 0.0431069 0.1110898 0.0548498 0.0000000 0.1711627 0.0622554 0.0810219 0.0980457 0.2656180 0.1808093 0.2145046 0.1512364 0.1612678 0.0847717 0.0844145 0.2598533 0.0985632 0.2641824 0.2646452 0.1179388 0.2674564 0.1618677 0.0984905 0.1641677 0.1487321 0.1648882 0.1516783 0.2397123 0.0805335 0.0706814 0.0704144 0.0703597 0.0354046 0.0346945 0.0083050 0.0184330 0.0321498 0.0322962 0.0447215 0.0447215 0.0213539 0.0199052 0.0213860 0.0169240 0.0169113 0.0183709 0.0228434 0.0169113 0.0992466 0.0787326 0.0787326 0.0982190 0.0781882 0.0849783 0.0792430 0.0777553 0.0740382 0.0722511 0.1116601 0.0748407 0.0785138 0.0713548 0.0710140 0.0775016 0.0728065 0.1257249 0.0779710 0.0751201 0.0804636 0.0617899 0.0563116 0.0354436 0.0380391 0.0385822 0.0435537 0.0714833 0.0586970 0.0557132 0.0534662 0.1223876 0.0518757 0.2008842 0.0701219 0.0709374 0.0715380 0.0622535 0.0624030 0.0694000 0.0640019 0.0716710 0.0678170 0.0716101 0.0780475 0.1189332 0.1149520 0.1247035 0.1187591 0.1228191 0.1213692 0.1152061 0.1132260 0.0513804 0.0581111 0.1251472 0.1292395 0.1286118 0.1311583 0.0560777 0.1268933 0.1289343 0.0563333 0.0839542 0.0715877 0.0429194 0.0763242 0.0565846 0.0483413 0.0795146 0.0560156 0.1691826 0.0577110 0.2282212 0.2253757 0.0645990 0.0383066 
XM_007497196_2_PREDICTED_Monodelphis_domestica_bra 0.1447790 0.1860274 0.1862871 0.1903882 0.1807943 0.1602952 0.1818869 0.1651844 0.2163055 0.1422661 0.1711627 0.0000000 0.1875705 0.1872018 0.1924232 4.3940436 0.0772738 0.1081424 0.0550117 0.0616444 0.1746725 0.1720902 0.2887777 0.2067181 0.2015165 0.1961789 0.1692606 0.1858819 0.3788453 0.1710721 0.2394667 0.2146788 0.2388505 0.2309989 0.3234251 0.1813576 0.1895948 0.1936077 0.1703075 0.1508141 0.1621949 0.1532667 0.1574441 0.1499048 0.1611532 0.1639955 0.1629083 0.1606973 0.1630433 0.1617485 0.1582387 0.1530177 0.1593903 0.1588514 0.2022024 0.1966369 0.1838837 0.1821404 0.1914221 0.1800348 0.1883299 0.1889230 0.1735924 0.1752127 0.1690343 0.2105852 0.1859216 0.1798325 0.1763269 0.1814245 0.1914021 0.1806487 0.2080856 0.1957697 0.1798325 0.2099261 0.1596656 0.1600631 0.1597880 0.1660933 0.1595906 0.1946492 0.1850637 0.1742351 0.1748689 0.1670813 0.2623692 0.2043476 0.2830425 0.1760205 0.1793645 0.1834201 0.1776589 0.1729311 0.1855985 0.1901173 0.1746982 0.1745403 0.1926335 0.1871927 0.1935317 0.1880219 0.1881139 0.1903882 0.1882484 0.1899476 0.1951568 0.1927665 0.1435843 0.1492788 0.1427409 0.1951292 0.1927487 0.1924944 0.1408499 0.1910994 0.1934795 0.1950809 0.1766883 0.1980327 0.1689680 0.2109747 0.1430058 0.1596602 0.1914264 0.1513389 0.1934953 0.1410853 0.2041311 0.1998030 0.1730848 0.1389517 
NM_001081787_1_Equus_caballus_brain_derived_neurot 0.0860219 0.1086611 0.1172614 0.0823546 0.0872754 0.0696555 0.1062789 0.0757908 0.1242016 0.0803914 0.0622554 0.1875705 0.0000000 0.1050490 0.1012901 0.0000010 0.2006346 0.1917120 0.1939566 0.1940439 0.1256590 0.1262496 0.0209749 0.0843646 0.1219362 0.1228667 0.1316985 0.1144120 0.0147392 0.1123612 0.1600401 0.1610465 0.1687703 0.1441806 0.2219320 0.0925492 0.0845827 0.0842387 0.0895209 0.0697436 0.0671373 0.0631533 0.0601983 0.0654809 0.0680643 0.0739959 0.0739959 0.0670362 0.0654041 0.0671592 0.0601137 0.0600589 0.0617792 0.0637664 0.0600589 0.1087845 0.1042778 0.1042778 0.1115164 0.1062247 0.1073787 0.1069479 0.0966719 0.0887844 0.0857430 0.0894218 0.1032033 0.1052455 0.1049705 0.1026418 0.1091000 0.1058888 0.1027467 0.1146688 0.1076397 0.1252579 0.0807869 0.0787767 0.0670221 0.0716951 0.0669568 0.0743788 0.0987375 0.0843701 0.0826634 0.0836650 0.1167968 0.0764173 0.1103427 0.0704390 0.0737591 0.0853852 0.0755179 0.0757133 0.0734200 0.0013538 0.0856846 0.0873665 0.0910834 0.0995672 0.0860255 0.0822285 0.0840181 0.0823546 0.0822742 0.0844705 0.0860292 0.0841867 0.0871440 0.0816553 0.0798968 0.0859790 0.0861107 0.0879619 0.0824565 0.0807104 0.0825335 0.0811635 0.1122877 0.0780863 0.0772677 0.0833964 0.1018906 0.0837697 0.1054173 0.0884524 0.0882708 0.0886371 0.2450022 0.2210033 0.0337467 0.0739766 
XM_012096129_4_PREDICTED_Ovis_aries_brain_derived_ 0.1020239 0.1331080 0.1387577 0.0945362 0.0616016 0.0845300 0.0081679 0.0733296 0.1416109 0.0965710 0.0810219 0.1872018 0.1050490 0.0000000 0.1244646 0.0000010 0.1878173 0.1731367 0.1750962 0.1815422 0.1247012 0.1280344 0.0454351 0.1042879 0.1488709 0.1430799 0.1242292 0.1351849 0.0147392 0.1429592 0.1555407 0.1415642 0.1601862 0.1478152 0.2163895 0.0942096 0.0989198 0.1014456 0.0947857 0.0863601 0.0881652 0.0762637 0.0898067 0.0816767 0.0864677 0.0751447 0.0751447 0.0860240 0.0879062 0.0897989 0.0821601 0.0858020 0.0839333 0.0861695 0.0858020 0.0314212 0.0067885 0.0067885 0.0068427 0.0081660 0.0053832 0.0040224 0.0703317 0.0595820 0.0605632 0.0605052 0.0428065 0.0444936 0.0395244 0.0395883 0.0458681 0.0384069 0.0395542 0.0387148 0.0414143 0.1301308 0.0893140 0.0739378 0.0773169 0.0826139 0.0809366 0.0936518 0.1122450 0.1039418 0.1035692 0.1004854 0.1150742 0.0889465 0.1016278 0.0795330 0.0725474 0.0755447 0.0778520 0.0719492 0.0791464 0.1030453 0.0866043 0.0862336 0.1033161 0.1029403 0.0945362 0.0943918 0.1000890 0.0945362 0.0982662 0.0950090 0.0945404 0.0926382 0.0957884 0.0976283 0.0957931 0.1001933 0.0964932 0.0945805 0.0995696 0.0998186 0.1017475 0.0981729 0.1139512 0.0822121 0.0888281 0.1041836 0.0962441 0.0883180 0.1018648 0.1017593 0.1082356 0.1052768 0.2261416 0.2098521 0.0978938 0.0966870 
XM_029555090_1_PREDICTED_Nannospalax_galili_brain_ 0.0838389 0.0864647 0.0519580 0.0969580 0.1061197 0.0901542 0.1131602 0.0786523 0.0682394 0.0855472 0.0980457 0.1924232 0.1012901 0.1244646 0.0000000 8.9999986 0.1719464 0.2148651 0.1764821 0.1744272 0.1099514 0.1058202 0.3260990 0.1143420 0.0988900 0.1055337 0.0979800 0.0941736 0.5979431 0.0561073 0.1748100 0.1602536 0.1902293 0.1741443 0.2508875 0.0967389 0.0804581 0.0945338 0.0754554 0.0868978 0.0874455 0.0762274 0.0753654 0.0800724 0.0836983 0.0816256 0.0804249 0.0798762 0.0745681 0.0718740 0.0741000 0.0697844 0.0730970 0.0814596 0.0884648 0.1322215 0.1177658 0.1151643 0.1159572 0.1182488 0.1291224 0.1196832 0.1210969 0.1167519 0.1107541 0.1681168 0.1214310 0.1266426 0.1185615 0.1142957 0.1261222 0.1243269 0.1471797 0.1278167 0.1268862 0.1212497 0.1054150 0.0963006 0.0854380 0.0899067 0.0853524 0.0975133 0.1134376 0.0913923 0.0931533 0.0919442 0.1644588 0.1241172 0.1801799 0.1176533 0.1301026 0.1093991 0.1096568 0.0992729 0.1151022 0.1032627 0.1001129 0.1002935 0.0798384 0.0963945 0.1007136 0.0950932 0.1023960 0.0969580 0.1006117 0.1029594 0.0971564 0.0952868 0.0851146 0.0869227 0.1189820 0.1025005 0.1044035 0.1063121 0.0881437 0.1084350 0.1082756 0.1055834 0.1018453 0.1328456 0.0691037 0.1405379 0.0850425 0.0648553 0.1260290 0.0771975 0.1517392 0.0859844 0.2417139 0.2339637 0.0939984 0.0666703 
XM_009007854_3_PREDICTED_Callithrix_jacchus_brain_ 0.0000010 8.9999984 0.0000010 9.0000000 0.0000010 0.0000010 0.0000010 0.0000010 8.9999988 0.0000010 0.2656180 4.3940436 0.0000010 0.0000010 8.9999986 0.0000000 0.0000010 8.9999982 0.0000010 0.0000010 0.0000010 0.0000010 0.8242665 0.5391939 8.9999986 8.9999988 0.0000010 8.9999987 0.2257552 0.0000010 0.0000010 0.0000010 0.0000010 0.0000010 0.0000010 0.1152525 0.0000010 0.0000010 0.0000010 0.0000010 0.0000010 0.0000010 0.0000010 0.0000010 0.0000010 0.0000010 0.0000010 0.0000010 0.0000010 0.0000010 0.0000010 0.0000010 0.0000010 0.0000010 0.0000010 0.0000010 0.0000010 0.0000010 8.9999983 0.0000010 0.0000010 0.0000010 0.0000010 0.0000010 0.0000010 0.7983548 0.0000010 0.0000010 0.0000010 0.0000010 0.0000010 0.0000010 8.9999989 0.0000010 0.0000010 0.0000010 0.0000010 0.0000010 0.0000010 0.0000010 0.0000010 0.0000010 0.0000010 0.0000010 0.0000010 0.0000010 0.0000010 0.0000010 8.9999984 0.0000010 0.2056402 0.0000010 0.0000010 0.0000010 0.2373802 0.0000010 0.0000010 0.0000010 8.9999989 0.0000010 9.0000000 8.9999987 9.0000000 9.0000000 9.0000000 9.0000000 9.0000000 9.0000000 0.0000010 0.0000010 8.9999983 9.0000000 9.0000000 9.0000000 0.0000010 8.9999987 8.9999987 0.0000010 0.0000010 0.2427900 0.0000010 0.3178959 0.0000010 0.0000010 0.0000010 0.0000010 8.9999986 0.0000010 0.0000010 0.0000010 0.0000010 0.0000010 
XM_031944159_1_PREDICTED_Sarcophilus_harrisii_brai 0.1612613 0.1849421 0.1952770 0.1566239 0.1735332 0.1876635 0.1792973 0.1808364 0.2005553 0.1589729 0.1808093 0.0772738 0.2006346 0.1878173 0.1719464 0.0000010 0.0000000 0.0873796 0.0711805 0.0672662 0.1935345 0.1834958 0.0934460 0.1781166 0.2068212 0.2011825 0.1828406 0.1847924 0.0500464 0.1700386 0.2028266 0.1923700 0.2065629 0.2165880 0.3000287 0.1766822 0.1751288 0.1690214 0.1728202 0.1786607 0.1918130 0.1706727 0.1751260 0.1821417 0.1729984 0.1835484 0.1783958 0.1780306 0.1822981 0.1770166 0.1798805 0.1704268 0.1771235 0.1756409 0.1740964 0.1899876 0.1847761 0.1795540 0.1846336 0.1877641 0.1914832 0.1850569 0.1759648 0.1731029 0.1636241 0.1674036 0.1819786 0.1769013 0.1830529 0.1785475 0.1898951 0.1811446 0.1797669 0.1988358 0.1813449 0.2306817 0.1827495 0.1698399 0.1749149 0.1863634 0.1751209 0.1934844 0.2210549 0.2042500 0.1929406 0.1954627 0.2256678 0.1811791 0.2070502 0.1699131 0.1710157 0.1658375 0.1779469 0.1701309 0.1927709 0.1979808 0.1705830 0.1704193 0.1705149 0.2038116 0.1541168 0.1589179 0.1585954 0.1566239 0.1587249 0.1574662 0.1608517 0.1585431 0.1545274 0.1593334 0.1597761 0.1680339 0.1610389 0.1608059 0.1581816 0.1593327 0.1616469 0.1630635 0.1800850 0.1835172 0.1852451 0.1796222 0.1729694 0.1761244 0.1978696 0.1738244 0.1650205 0.1706066 0.1824264 0.1726993 0.1822898 0.1618238 
XM_020977976_1_PREDICTED_Phascolarctos_cinereus_br 0.1751109 0.2632310 0.2039379 0.2130874 0.1842104 0.1784650 0.1757259 0.1558013 0.2167721 0.1691783 0.2145046 0.1081424 0.1917120 0.1731367 0.2148651 8.9999982 0.0873796 0.0000000 0.0694615 0.0521758 0.2001310 0.1944950 0.3092997 0.2465307 0.2946303 0.2849425 0.2001677 0.2630741 0.4610406 0.1996928 0.2537939 0.2338016 0.2526772 0.2291020 0.3141789 0.2293564 0.1762651 0.1842488 0.1829106 0.1785263 0.1810606 0.1613907 0.1648028 0.1729079 0.1710266 0.1539065 0.1535405 0.1678666 0.1702649 0.1717990 0.1674821 0.1623250 0.1688676 0.1681437 0.1865543 0.1868810 0.1742417 0.1732953 0.1880783 0.1660490 0.1737282 0.1747499 0.1765315 0.1759630 0.1700785 0.2199110 0.1882294 0.1824710 0.1886155 0.1792307 0.1963349 0.1828365 0.1851568 0.1931246 0.1780460 0.2293899 0.1704434 0.1609997 0.1674962 0.1740586 0.1672822 0.2059159 0.1974447 0.1811638 0.1925973 0.1875263 0.2593622 0.1665029 0.2368516 0.1709379 0.2029438 0.1759937 0.1812648 0.1655588 0.2371453 0.1943030 0.1793717 0.1755947 0.1887734 0.1932674 0.2164635 0.2156093 0.2106868 0.2130874 0.2108292 0.2193320 0.2181715 0.2156229 0.1716433 0.1750172 0.2225486 0.2226936 0.2150459 0.2147690 0.1650233 0.2083172 0.2108250 0.1846488 0.1862984 0.2251934 0.1773019 0.2231573 0.1692448 0.1739215 0.1921252 0.1844369 0.2328673 0.1528340 0.2126452 0.2132256 0.1929767 0.1671004 
XM_036763631_1_PREDICTED_Trichosurus_vulpecula_bra 0.1506002 0.1922600 0.2024350 0.1420493 0.1615473 0.1564391 0.1741888 0.1564507 0.1896725 0.1501161 0.1512364 0.0550117 0.1939566 0.1750962 0.1764821 0.0000010 0.0711805 0.0694615 0.0000000 0.0402322 0.1735359 0.1682287 0.0863309 0.1802616 0.2164863 0.2084948 0.2012513 0.1899150 0.0303898 0.1990584 0.2475205 0.2071122 0.2207396 0.2134700 0.3107689 0.1747858 0.1731269 0.1699448 0.1720331 0.1499237 0.1590485 0.1448165 0.1538807 0.1422159 0.1445633 0.1541614 0.1541614 0.1519677 0.1584530 0.1607575 0.1537675 0.1494224 0.1558541 0.1539809 0.1494224 0.1816425 0.1717661 0.1717661 0.1816645 0.1658808 0.1784739 0.1755565 0.1659842 0.1761711 0.1712303 0.1714305 0.1844359 0.1799969 0.1812473 0.1816400 0.1921920 0.1791541 0.1790489 0.1941807 0.1799969 0.2131658 0.1615576 0.1630986 0.1602847 0.1655635 0.1558819 0.1642791 0.1816857 0.1798435 0.1802913 0.1709351 0.2410794 0.1558993 0.2080316 0.1668750 0.1662731 0.1723218 0.1684246 0.1690388 0.1806268 0.1965158 0.1728070 0.1712953 0.1418157 0.1994261 0.1449043 0.1442566 0.1379740 0.1420493 0.1400086 0.1472635 0.1464913 0.1442642 0.1469910 0.1574158 0.1507323 0.1534789 0.1467360 0.1465199 0.1470315 0.1405269 0.1427357 0.1460151 0.1769935 0.1703946 0.1724930 0.1640615 0.1490966 0.1607199 0.1751534 0.1551168 0.1488866 0.1478590 0.1857947 0.1895267 0.1811507 0.1513296 
XM_027852578_1_PREDICTED_Vombatus_ursinus_brain_de 0.1507854 0.2041557 0.2079843 0.1421940 0.1779584 0.1662891 0.1856915 0.1764698 0.1996262 0.1461749 0.1612678 0.0616444 0.1940439 0.1815422 0.1744272 0.0000010 0.0672662 0.0521758 0.0402322 0.0000000 0.1896049 0.1840170 0.0964782 0.1794250 0.2225166 0.2143147 0.1978706 0.2051759 0.0303898 0.2075275 0.2604385 0.2302823 0.2403726 0.2346282 0.3349724 0.1837520 0.1774269 0.1741508 0.1808059 0.1616084 0.1693639 0.1545358 0.1579297 0.1518598 0.1586562 0.1740550 0.1740550 0.1602599 0.1626029 0.1649586 0.1624765 0.1579974 0.1646221 0.1584159 0.1579974 0.1866032 0.1831798 0.1831798 0.1895281 0.1770062 0.1850357 0.1841429 0.1774284 0.1840385 0.1788485 0.1790628 0.1824985 0.1780504 0.1887378 0.1841710 0.1902014 0.1816918 0.1815570 0.1969991 0.1825245 0.2180879 0.1639524 0.1613391 0.1684733 0.1742261 0.1682544 0.1703608 0.1907848 0.1825624 0.1847483 0.1751399 0.2449130 0.1661367 0.2342913 0.1780918 0.1686613 0.1744002 0.1752678 0.1714896 0.1805016 0.1914699 0.1725661 0.1710334 0.1517872 0.2047631 0.1450627 0.1444116 0.1408623 0.1421940 0.1401441 0.1474335 0.1466569 0.1444192 0.1471613 0.1533935 0.1467242 0.1515500 0.1447978 0.1445828 0.1472003 0.1406652 0.1428842 0.1461800 0.1795900 0.1701256 0.1743915 0.1700953 0.1541640 0.1653987 0.1838746 0.1631265 0.1448037 0.1361425 0.1995950 0.1967899 0.1810367 0.1439875 
XM_040980297_1_PREDICTED_Ochotona_curzoniae_brain_ 0.0693939 0.1181690 0.1221003 0.0709434 0.1095152 0.0875729 0.1155099 0.0988275 0.1304637 0.0748619 0.0847717 0.1746725 0.1256590 0.1247012 0.1099514 0.0000010 0.1935345 0.2001310 0.1735359 0.1896049 0.0000000 0.0052848 0.0313543 0.0901967 0.1311891 0.1239060 0.1385296 0.1240914 0.0236552 0.1219540 0.2021969 0.1889174 0.2103243 0.1927329 0.2872048 0.0859795 0.0847957 0.0807096 0.0824301 0.0820955 0.0874064 0.0874927 0.0919781 0.0724243 0.0778699 0.1007256 0.0969616 0.0953420 0.0898022 0.0882975 0.0953809 0.0882509 0.0935818 0.0995813 0.0907166 0.1270156 0.1180938 0.1135367 0.1286600 0.1185709 0.1292940 0.1219864 0.1327343 0.1322413 0.1233904 0.1264081 0.1196660 0.1188154 0.1112449 0.1146764 0.1262346 0.1186018 0.1136286 0.1195344 0.1153016 0.1263434 0.1061270 0.1032530 0.0793529 0.0879163 0.0792741 0.0835187 0.1032574 0.0950570 0.0857819 0.0845492 0.1698866 0.0874009 0.1597232 0.1232180 0.1112549 0.1211151 0.1189002 0.1106605 0.0942315 0.1277636 0.1174900 0.1122980 0.0652231 0.1118863 0.0744422 0.0692067 0.0726866 0.0709434 0.0710093 0.0764568 0.0744452 0.0726896 0.0740305 0.0756715 0.0739187 0.0743989 0.0726468 0.0709012 0.0688290 0.0711188 0.0710103 0.0731546 0.1091547 0.0791670 0.0845670 0.0843942 0.0797680 0.0649518 0.1221802 0.0778600 0.0966556 0.0986225 0.2685293 0.2616807 0.0998425 0.0752673 
XM_004585440_1_PREDICTED_Ochotona_princeps_brain_d 0.0657183 0.1147873 0.1137342 0.0640409 0.1054065 0.0872042 0.1187133 0.0984148 0.1221477 0.0711079 0.0844145 0.1720902 0.1262496 0.1280344 0.1058202 0.0000010 0.1834958 0.1944950 0.1682287 0.1840170 0.0052848 0.0000000 0.0313543 0.0863552 0.1223739 0.1152801 0.1378746 0.1207055 0.0236552 0.1150816 0.1986772 0.1879550 0.2092016 0.1938353 0.2895872 0.0820668 0.0810145 0.0770047 0.0787061 0.0817539 0.0870251 0.0871254 0.0881148 0.0721326 0.0741813 0.1002894 0.0965585 0.0877183 0.0858412 0.0844828 0.0913520 0.0844398 0.0897087 0.0954832 0.0868529 0.1302294 0.1214106 0.1167357 0.1360957 0.1218943 0.1326461 0.1252093 0.1360867 0.1355819 0.1265715 0.1296133 0.1229814 0.1220174 0.1144311 0.1178637 0.1296658 0.1219371 0.1168327 0.1230512 0.1185092 0.1257321 0.1020384 0.1028151 0.0790344 0.0875301 0.0755734 0.0763220 0.0990260 0.0909540 0.0819495 0.0806350 0.1710224 0.0870410 0.1631114 0.1226615 0.1070596 0.1130305 0.1146155 0.1064859 0.0938246 0.1283661 0.1169675 0.1118078 0.0617194 0.1124091 0.0674652 0.0623413 0.0657471 0.0640409 0.0640989 0.0694161 0.0707979 0.0690652 0.0667930 0.0718727 0.0701398 0.0707530 0.0690236 0.0673007 0.0652684 0.0675052 0.0674022 0.0694995 0.1049303 0.0754121 0.0805118 0.0805696 0.0794462 0.0614571 0.1177398 0.0741713 0.0891872 0.0909608 0.2721178 0.2652722 0.1002764 0.0716421 
XM_013019592_1_PREDICTED_Dipodomys_ordii_brain_der 0.0433715 1.7980453 0.0433789 1.6561408 0.0257291 0.0284675 0.0385789 0.0452538 0.3535624 0.0433715 0.2598533 0.2887777 0.0209749 0.0454351 0.3260990 0.8242665 0.0934460 0.3092997 0.0863309 0.0964782 0.0313543 0.0313543 0.0000000 0.1378546 1.9825978 1.9065947 0.0250343 2.1499131 0.4427512 0.0725337 0.0608270 0.0382956 0.0609909 0.0530460 0.0695960 0.1890308 0.0449977 0.3047096 0.0371945 0.0210511 0.0349730 0.0357987 0.0321950 0.0284627 0.0396310 0.0435742 0.0452538 0.0288867 0.0288867 0.0321950 0.0213599 0.0254448 0.0254448 0.0213599 0.1541359 0.0529602 0.0360703 0.0385789 0.1316443 0.0360703 0.0454351 0.0469597 0.0381800 0.0381800 0.0384673 0.2054975 0.0288176 0.0321267 0.0321267 0.0321267 0.0431850 0.0374530 0.7950690 0.0292183 0.0321267 0.0689722 0.0251158 0.0251158 0.0250306 0.0348033 0.0250306 0.2064639 0.0359368 0.0366368 0.0384499 0.0359368 0.0764415 0.1085836 1.5766045 0.0438507 0.0687876 0.0316323 0.0433350 0.0251742 0.2610538 0.0209749 0.0186594 0.0251742 0.7177799 0.0139484 1.5349987 1.6075601 1.6454698 1.6535771 1.6561408 1.5349987 1.5349987 1.5349987 0.0460669 0.0460669 0.5326946 1.6011152 1.5703793 1.6100860 0.0383122 1.5835966 1.5396494 0.4045833 0.0521224 0.2615836 0.0446477 0.2920102 0.0316612 0.0316612 0.0531524 0.0389668 2.1678539 0.0517042 0.0862764 0.0866769 0.0250338 0.0316612 
XM_020177315_1_PREDICTED_Castor_canadensis_brain_d 0.0594135 0.2779830 0.0915692 0.2421956 0.0864824 0.0705048 0.1005630 0.0786223 0.1417260 0.0646103 0.0985632 0.2067181 0.0843646 0.1042879 0.1143420 0.5391939 0.1781166 0.2465307 0.1802616 0.1794250 0.0901967 0.0863552 0.1378546 0.0000000 0.3038674 0.2897234 0.1085514 0.2940607 0.3015904 0.0837075 0.1676424 0.1613145 0.1890668 0.1670109 0.2634369 0.0875765 0.0583701 0.1063061 0.0593483 0.0705670 0.0716989 0.0698789 0.0651183 0.0648101 0.0724948 0.0810101 0.0803936 0.0686846 0.0635545 0.0651133 0.0652069 0.0617060 0.0666670 0.0723533 0.0897883 0.1114631 0.0998434 0.0986560 0.1268458 0.1002644 0.1060758 0.1047859 0.1022696 0.0982437 0.0940541 0.1291582 0.0957032 0.0946730 0.0945834 0.0943479 0.1011501 0.0996061 0.2210926 0.0979512 0.0968665 0.1126738 0.0866220 0.0793956 0.0704580 0.0756741 0.0703902 0.1173628 0.1017670 0.0808916 0.0861528 0.0819166 0.1306724 0.0912192 0.3381107 0.1063649 0.0897620 0.0996293 0.0996328 0.0915313 0.1015405 0.0844968 0.0959751 0.0955665 0.1709051 0.0805761 0.2413446 0.2366979 0.2391428 0.2419054 0.2418845 0.2449644 0.2367741 0.2341847 0.0601560 0.0652910 0.1389886 0.2628097 0.2592357 0.2632067 0.0610258 0.2555292 0.2525621 0.1297524 0.0859274 0.1107095 0.0576637 0.1275637 0.0751155 0.0582336 0.1004438 0.0672020 0.3180586 0.0736340 0.2338864 0.2346047 0.0712524 0.0563625 
XM_021151236_2_PREDICTED_Mus_caroli_brain_derived_ 0.1044701 0.0376919 0.0027770 0.1623723 0.1342366 0.1054057 0.1412448 0.1024754 0.0790631 0.1062896 0.2641824 0.2015165 0.1219362 0.1488709 0.0988900 8.9999986 0.2068212 0.2946303 0.2164863 0.2225166 0.1311891 0.1223739 1.9825978 0.3038674 0.0000000 0.0162131 0.1248649 0.0361825 8.9999990 0.0440993 0.1936779 0.1783610 0.1928433 0.1804323 0.2363434 0.3151278 0.1125014 0.1114012 0.1135614 0.1007543 0.1229856 0.0947707 0.0976705 0.1008370 0.0980253 0.1045049 0.1045049 0.0936557 0.0916661 0.0915189 0.0974965 0.0935958 0.0974016 0.1019006 0.0935958 0.1555086 0.1414644 0.1414644 0.1459257 0.1420357 0.1540952 0.1467050 0.1240403 0.1195841 0.1174686 0.3243758 0.1349746 0.1437971 0.1347772 0.1300393 0.1404502 0.1364026 0.1953682 0.1426526 0.1441127 0.1425882 0.1241097 0.1093641 0.1015772 0.1022151 0.0976381 0.1051994 0.1150048 0.1092197 0.1052770 0.1041039 0.1686482 0.1093359 0.2200893 0.1214793 0.2877143 0.1187033 0.1112376 0.1115846 0.2904570 0.1240898 0.1259291 0.1262397 0.1013839 0.1266457 0.1671098 0.1600184 0.1690687 0.1600184 0.1669011 0.1701868 0.1714796 0.1690808 0.0990217 0.1066267 0.2280071 0.1733847 0.1751278 0.1806905 0.1089351 0.1835189 0.1859829 0.1074947 0.1226660 0.2924379 0.0813131 0.3003971 0.1029801 0.0897437 0.1452667 0.1031084 0.2734929 0.0972028 0.2868308 0.2670173 0.1136038 0.0950571 
XM_021192829_2_PREDICTED_Mus_pahari_brain_derived_ 0.1016846 0.0434183 0.0055364 0.1609342 0.1246256 0.1043979 0.1356056 0.0997087 0.0802458 0.1034862 0.2646452 0.1961789 0.1228667 0.1430799 0.1055337 8.9999988 0.2011825 0.2849425 0.2084948 0.2143147 0.1239060 0.1152801 1.9065947 0.2897234 0.0162131 0.0000000 0.1244344 0.0418493 8.9999985 0.0460132 0.1968877 0.1815022 0.1959822 0.1739688 0.2393053 0.3004904 0.1056372 0.1046247 0.1067317 0.0997971 0.1286506 0.0921013 0.0987268 0.0980843 0.0939078 0.1017111 0.1017111 0.0947309 0.0927504 0.0926028 0.0985514 0.0946702 0.0984565 0.1029378 0.0946702 0.1495935 0.1358169 0.1358169 0.1431352 0.1363695 0.1481857 0.1409490 0.1209740 0.1165805 0.1144931 0.3203075 0.1295058 0.1381672 0.1293306 0.1246822 0.1346944 0.1309364 0.1860494 0.1367020 0.1384623 0.1391550 0.1210299 0.1064790 0.0988020 0.1022097 0.0949128 0.1044096 0.1120221 0.1062982 0.1024056 0.1012750 0.1648907 0.1066315 0.2265912 0.1224259 0.2831623 0.1156316 0.1122387 0.1086209 0.2816815 0.1250092 0.1227460 0.1230477 0.0948367 0.1234353 0.1656264 0.1586029 0.1675699 0.1586029 0.1654213 0.1686688 0.1699576 0.1675818 0.0962939 0.1038095 0.2280361 0.1718460 0.1735785 0.1790828 0.1040634 0.1794556 0.1818832 0.1066878 0.1195935 0.2836870 0.0813093 0.2883986 0.1040193 0.0871195 0.1461167 0.1003186 0.2746480 0.0944856 0.2798350 0.2657066 0.1145768 0.0923764 
XM_004660846_2_PREDICTED_Jaculus_jaculus_brain_der 0.1116313 0.1128853 0.1161804 0.1065487 0.1186235 0.1164511 0.1127087 0.1190795 0.1215392 0.1093875 0.1179388 0.1692606 0.1316985 0.1242292 0.0979800 0.0000010 0.1828406 0.2001677 0.2012513 0.1978706 0.1385296 0.1378746 0.0250343 0.1085514 0.1248649 0.1244344 0.0000000 0.1148708 0.0113288 0.1229933 0.1668931 0.1408625 0.1649340 0.1462222 0.2350551 0.1076017 0.1033908 0.0988638 0.1028553 0.1197305 0.1218017 0.1184507 0.1131625 0.1108236 0.1111888 0.1218537 0.1170567 0.1136083 0.1156847 0.1109909 0.1133998 0.1088693 0.1088862 0.1179789 0.1116487 0.1277811 0.1174955 0.1128782 0.1258957 0.1179804 0.1289137 0.1234489 0.1258973 0.1211855 0.1129163 0.1158335 0.1053146 0.1014611 0.0987795 0.1007120 0.1134565 0.1041724 0.1034873 0.1192194 0.1016373 0.1651518 0.1091579 0.1051889 0.0984376 0.1090264 0.0983331 0.1206509 0.1343628 0.1172103 0.1159288 0.1138559 0.1566820 0.1130107 0.1359003 0.1195542 0.1075943 0.1099662 0.1151947 0.1052146 0.0931190 0.1338982 0.1157662 0.1195047 0.1163477 0.1320046 0.1104781 0.1045978 0.1122174 0.1065487 0.1103612 0.1128595 0.1104831 0.1085105 0.1115308 0.1112411 0.1093142 0.1141590 0.1121753 0.1120084 0.1032387 0.1099188 0.1079596 0.1084416 0.1292467 0.1190583 0.1235948 0.1241527 0.1093080 0.1026477 0.1447963 0.1131941 0.1209227 0.1241131 0.2531650 0.2334530 0.1178787 0.1019752 
XM_032903861_1_PREDICTED_Rattus_rattus_brain_deriv 0.1040166 0.0074393 0.0261431 0.1644371 0.1235917 0.1088549 0.1259097 0.0968256 0.0666911 0.1039717 0.2674564 0.1858819 0.1144120 0.1351849 0.0941736 8.9999987 0.1847924 0.2630741 0.1899150 0.2051759 0.1240914 0.1207055 2.1499131 0.2940607 0.0361825 0.0418493 0.1148708 0.0000000 8.9999987 0.0360230 0.1880663 0.1774656 0.2072468 0.1826090 0.2439024 0.3015170 0.1020605 0.1011028 0.1013123 0.1054798 0.1228596 0.0922789 0.0988018 0.1022797 0.0978064 0.0987954 0.0987954 0.0911733 0.0929192 0.0909809 0.0947103 0.0909293 0.0946198 0.0989657 0.0909293 0.1428944 0.1281110 0.1281110 0.1360579 0.1270559 0.1401348 0.1330997 0.1181006 0.1137567 0.1116915 0.3238810 0.1325075 0.1350571 0.1323226 0.1276848 0.1377812 0.1298527 0.1944834 0.1398639 0.1353402 0.1473398 0.1223103 0.1100450 0.0947429 0.0980126 0.0909530 0.1070252 0.1187545 0.1061909 0.1091615 0.1059368 0.1663208 0.1077148 0.2139533 0.1212701 0.2908370 0.1154336 0.1121021 0.1085467 0.2964017 0.1164728 0.1234653 0.1252276 0.0961071 0.1127149 0.1690955 0.1621222 0.1667530 0.1621222 0.1688881 0.1721272 0.1733878 0.1710292 0.1004915 0.1042932 0.2259690 0.1710220 0.1727291 0.1781429 0.1063855 0.1806561 0.1830547 0.1090062 0.1214735 0.2953346 0.0840157 0.3087774 0.0999494 0.0875088 0.1378206 0.1030080 0.2619951 0.0982449 0.2615710 0.2530875 0.1045906 0.0965903 
XM_031371313_1_PREDICTED_Mastomys_coucha_brain_der 0.0301370 8.9999986 0.0146270 6.3396474 0.0236552 0.0147392 0.0236552 0.0236552 0.6950912 0.0301370 0.1618677 0.3788453 0.0147392 0.0147392 0.5979431 0.2257552 0.0500464 0.4610406 0.0303898 0.0303898 0.0236552 0.0236552 0.4427512 0.3015904 8.9999990 8.9999985 0.0113288 8.9999987 0.0000000 0.0000010 0.0362966 0.0624261 0.0628708 0.0640621 0.0459034 0.1140243 0.0704801 0.8046089 0.0598209 0.0301370 0.0240340 0.0304009 0.0362966 0.0303898 0.0360525 0.0147392 0.0236552 0.0304009 0.0304009 0.0362966 0.0304009 0.0362966 0.0362966 0.0304009 0.4035360 0.0362860 0.0147392 0.0236552 8.9999986 0.0147392 0.0147392 0.0236552 0.0167424 0.0167424 0.0236552 0.3683894 0.0303898 0.0362860 0.0362860 0.0362860 0.0303898 0.0505259 1.5538625 0.0303898 0.0362860 0.0301370 0.0236552 0.0236552 0.0236552 0.0240340 0.0236552 0.3900612 0.0303898 0.0303898 0.0362860 0.0303898 0.0334643 0.1823127 8.9999984 0.0453686 0.0813653 0.0366617 0.0453686 0.0236552 0.1416571 0.0147392 0.0360431 0.0360431 1.8408312 0.0147392 5.3554715 5.5651117 5.9366383 5.5558275 6.3396474 5.9078889 5.7064253 5.3554715 0.0343380 0.0343380 1.5333173 5.7967388 5.6403974 5.9366383 0.0236552 5.5651117 5.9366383 0.8342545 0.0300757 0.2365378 0.0240340 0.2433866 0.0368165 0.0366617 0.0509686 0.0236552 8.9856408 0.0147392 0.0831514 0.0831514 0.0236552 0.0236552 
