126
NM_001709_5_Homo_sapiens_brain_derived_neurotrophi 0.0000000 0.3660513 0.3842016 0.0189482 0.3074017 0.1968030 0.3552097 0.2316591 0.4132357 0.0129427 0.1728147 0.7529405 0.3129350 0.3995774 0.3129049 0.0329641 1.0022977 1.1316718 0.8143237 0.8293561 0.2385842 0.2214675 0.3240914 0.1883268 0.4144364 0.3937428 0.4914720 0.3941765 0.3339904 0.3479165 1.3466072 1.1225528 1.3866006 1.0981061 4.0031965 0.1886366 0.2007807 0.1966796 0.1824180 0.1841223 0.1837531 0.1848878 0.1797554 0.1490695 0.1676802 0.2243362 0.1783571 0.1605826 0.1544100 0.1913504 0.1788639 0.1973584 0.2073541 0.4632507 0.3655078 0.3685289 0.4288394 0.4041286 0.3370950 0.3165023 0.3074213 0.3084765 0.3654546 0.4088306 0.3713349 0.3610964 0.4247613 0.3508946 0.3421152 0.4940852 0.3936331 0.3974628 0.2828888 0.2328640 0.1757508 0.1822908 0.1750580 0.1765512 0.2935074 0.2451086 0.2042222 0.1832246 0.7445044 0.1583704 0.7060393 0.3377790 0.2549366 0.3131028 0.2774376 0.2661127 0.2038356 0.3223592 0.3362304 0.3198699 0.1285749 0.3494233 0.0258038 0.0223407 0.0291265 0.0257120 0.0296039 0.0258048 0.0223416 0.0092746 0.0124541 0.0294451 0.0258979 0.0294451 0.0440763 0.0329642 0.0366490 0.0298445 0.2607706 0.1710212 0.1443215 0.1719473 0.1446685 0.1642733 0.3018923 0.1543634 0.1681874 0.1838976 3.0091662 2.2238602 0.2130465 0.0978293 
NM_001270630_1_Rattus_norvegicus_brain_derived_neu 0.3660513 0.0000000 0.0533945 0.3308205 0.4975680 0.4019264 0.5358493 0.3323675 0.1124836 0.3624266 0.2963730 1.1681618 0.4255960 0.5977968 0.1327410 0.4265885 1.2070901 1.3094136 1.2862044 1.5120387 0.4936471 0.4781376 0.5074042 0.3054901 0.0635483 0.0531875 0.4788018 0.0090039 0.0521725 0.0905932 1.1828199 0.9991957 1.3759957 1.0230791 2.5463300 0.3580565 0.3789737 0.3708911 0.3673422 0.3896871 0.3809171 0.3071251 0.3473849 0.3636496 0.3481150 0.3422961 0.3274208 0.3177340 0.3082361 0.3239443 0.3061585 0.3248133 0.3479724 0.6358287 0.5503476 0.5336389 0.6397742 0.5840544 0.4835248 0.4548272 0.4424452 0.4438784 0.5562601 0.5903375 0.5492838 0.5210605 0.6433125 0.5607466 0.5477172 0.8403452 0.5970856 0.7418328 0.4832808 0.4117582 0.3367854 0.3468333 0.3183569 0.3791899 0.4916736 0.4190668 0.4341690 0.4073812 0.9254185 0.4058463 0.7856653 0.5024728 0.4073067 0.4662633 0.4385370 0.4238190 0.4002100 0.4375946 0.5624441 0.5660368 0.2384070 0.4781754 0.3506453 0.3211802 0.3582790 0.3493929 0.3655170 0.3687486 0.3583450 0.3678741 0.3588277 0.3678193 0.3784112 0.3891721 0.3812183 0.3933393 0.4043703 0.4018949 0.4895055 0.3478441 0.2782871 0.4000136 0.3848792 0.2914190 0.6899067 0.3720099 0.3754548 0.3626584 3.2705498 3.0387060 0.3718160 0.3341566 
NM_001048142_1_Mus_musculus_brain_derived_neurotro 0.3842016 0.0533945 0.0000000 0.3380256 0.5825361 0.4164653 0.6308060 0.3751141 0.1567409 0.3907130 0.3297625 1.2798304 0.5209914 0.6847334 0.1704469 0.4473953 1.4661144 1.6586494 1.5920361 1.7569939 0.5603453 0.5022440 0.5278916 0.3560733 0.0061984 0.0121318 0.5150287 0.0654492 0.0456384 0.1264437 1.2530793 1.0045089 1.1938176 0.9788377 2.4413754 0.4404119 0.4530925 0.4436059 0.4512416 0.3880246 0.3946237 0.3380525 0.3820598 0.3715618 0.3687334 0.3860033 0.3604677 0.3499922 0.3495111 0.3778229 0.3578281 0.3788427 0.4051181 0.7183761 0.6312658 0.6348242 0.7323395 0.6691005 0.5047380 0.4750873 0.4623218 0.4637917 0.5931702 0.6590268 0.5856732 0.5558932 0.6882640 0.5979421 0.5841210 0.8965278 0.6665415 0.6991669 0.5161644 0.4271788 0.3768962 0.3877384 0.3570198 0.3737906 0.4670792 0.4437229 0.4216118 0.4042540 0.9590905 0.4194987 0.8392350 0.5374629 0.4410019 0.5039400 0.4743798 0.4587628 0.4081446 0.5353016 0.5601346 0.5622544 0.2783685 0.5675082 0.3582313 0.3281940 0.3660028 0.3569528 0.3734083 0.3766682 0.3660722 0.3966337 0.3870352 0.3965713 0.4078234 0.4192526 0.4110678 0.4239224 0.4356230 0.4099079 0.5387357 0.3628842 0.2909791 0.3964530 0.3968152 0.3167204 0.7813600 0.3879563 0.4032219 0.3587994 3.9486874 3.2328005 0.4688491 0.3414779 
XM_015114598_2_PREDICTED_Macaca_mulatta_brain_deri 0.0189482 0.3308205 0.3380256 0.0000000 0.2593928 0.1714983 0.3377477 0.2046604 0.3748545 0.0267617 0.1497827 0.6993592 0.2947166 0.3596954 0.2967696 0.0327214 0.9292754 1.0150164 0.7360044 0.7495470 0.2375245 0.2075141 0.3149398 0.1749154 0.3655516 0.3467534 0.4561403 0.3570189 0.3340365 0.3117269 1.2357962 0.9825945 1.2618124 1.0676926 3.7815071 0.1886548 0.1863767 0.1825976 0.1824352 0.1636264 0.1592087 0.1611599 0.1556741 0.1272277 0.1334739 0.1978074 0.1435570 0.1376538 0.1435458 0.1667508 0.1549785 0.1724313 0.1816107 0.4179022 0.3280553 0.3309793 0.3865421 0.3640248 0.3280191 0.3078774 0.2989776 0.3000090 0.3278947 0.3679786 0.3334898 0.3239897 0.3798092 0.3145343 0.3063782 0.4434877 0.3537681 0.3674340 0.2511244 0.2049828 0.1757663 0.1823073 0.1636400 0.1419108 0.2603012 0.2154648 0.1776147 0.1583012 0.7055215 0.1463084 0.6879305 0.3181538 0.2386203 0.2788863 0.2603558 0.2492886 0.1912568 0.3037769 0.3103398 0.2856737 0.1285839 0.3128763 0.0061392 0.0030368 0.0092439 0.0061183 0.0093874 0.0124562 0.0092430 0.0224227 0.0258027 0.0367597 0.0330671 0.0367597 0.0437465 0.0327216 0.0363773 0.0296229 0.2317726 0.1473540 0.1224317 0.1590931 0.1333409 0.1407430 0.2996677 0.1531456 0.1340986 0.1491346 2.6661769 2.1382046 0.2262106 0.0881496 
XM_005654684_3_PREDICTED_Sus_scrofa_brain_derived_ 0.3074017 0.4975680 0.5825361 0.2593928 0.0000000 0.2578214 0.2039324 0.2126441 0.5784812 0.2859599 0.2275370 1.2635882 0.3464964 0.2004267 0.4848254 0.3232142 1.2329086 1.3153564 0.9708482 1.2017129 0.4870975 0.4573487 0.5005597 0.3502132 0.6251927 0.5543593 0.6035949 0.5337353 0.5195347 0.5157833 1.0337306 0.9410977 1.1330877 0.8694660 2.2560601 0.3054640 0.2722950 0.2817506 0.2972612 0.2692332 0.2586342 0.2266849 0.2616416 0.2384531 0.1966603 0.2203617 0.2445917 0.2530115 0.2615773 0.2420705 0.2411135 0.2494071 0.2601434 0.2732746 0.1969488 0.2040687 0.2249420 0.2066782 0.1851970 0.1709852 0.1644513 0.1769315 0.1503505 0.1643404 0.1664611 0.1600318 0.1677772 0.1536772 0.1480424 0.2370808 0.1658361 0.5939025 0.2911138 0.2324588 0.2511146 0.2596632 0.2520815 0.2311167 0.4797506 0.3836394 0.3542934 0.3312421 0.5596780 0.2531025 0.4913193 0.3279628 0.2566210 0.2673618 0.2800161 0.2682653 0.2366703 0.3569226 0.3980585 0.3892918 0.3938276 0.4485493 0.2593928 0.2677272 0.2828005 0.2752243 0.2631302 0.2594232 0.2512088 0.2817971 0.2742394 0.3178203 0.3085618 0.3178203 0.3040544 0.2870521 0.2958480 0.3115529 0.4262570 0.2961803 0.2525564 0.3368221 0.3571443 0.3072872 0.4867316 0.3592745 0.3887930 0.4027330 1.6213073 1.5121506 0.3192453 0.3066588 
NM_001009828_1_Felis_catus_brain_derived_neurotrop 0.1968030 0.4019264 0.4164653 0.1714983 0.2578214 0.0000000 0.3183475 0.1577388 0.4346632 0.2007786 0.1017517 0.9346871 0.2521375 0.3226172 0.3518639 0.1905475 1.3433549 1.1765882 0.8774879 1.0164593 0.3263482 0.3212287 0.4058358 0.2478285 0.4372979 0.4268375 0.5488999 0.4325359 0.3943199 0.4381333 1.2725679 0.9486599 1.1134772 0.8376064 2.7983773 0.2084936 0.2064444 0.2022476 0.2020367 0.0302815 0.0194921 0.1118759 0.1210237 0.0677857 0.0605379 0.1639761 0.1313380 0.1154628 0.1210063 0.1253162 0.1248136 0.1304655 0.1382855 0.4191103 0.3088741 0.2994495 0.3178829 0.3311219 0.3280167 0.2982446 0.2891536 0.3063685 0.2765119 0.2763535 0.2585458 0.2559683 0.3305204 0.2644675 0.2569327 0.4132199 0.2730054 0.3524377 0.2026163 0.1701938 0.1408574 0.1469954 0.1402693 0.1614274 0.2569568 0.2184840 0.1981854 0.1835458 0.6038368 0.1718221 0.5643786 0.3003080 0.2334453 0.2900458 0.2473269 0.2442082 0.2070278 0.2607049 0.2887053 0.2647875 0.2029201 0.4024694 0.1846820 0.1650718 0.1766448 0.1708289 0.1937652 0.1846989 0.1780400 0.1915503 0.1918800 0.1979862 0.2049893 0.2120981 0.1975868 0.1914324 0.1983337 0.2026941 0.3236943 0.1520500 0.1516271 0.1944907 0.2171638 0.1676609 0.4108396 0.1882989 0.2125869 0.2221297 2.7224127 1.9678338 0.2476370 0.1349656 
XM_005216334_4_PREDICTED_Bos_taurus_brain_derived_ 0.3552097 0.5358493 0.6308060 0.3377477 0.2039324 0.3183475 0.0000000 0.2543894 0.6670768 0.3317513 0.2875754 1.2552612 0.4544054 0.0190394 0.5200473 0.3938866 1.2893492 1.1758956 1.1059320 1.2982657 0.5280270 0.5446586 0.4646289 0.4206395 0.6767114 0.6287993 0.5506457 0.5484360 0.5385828 0.6130831 0.8124306 0.6987489 0.9314667 0.7496278 1.8427451 0.3116492 0.3653508 0.3824336 0.3198969 0.3246074 0.3193420 0.2691812 0.3273326 0.2933152 0.3259760 0.2627262 0.3080562 0.3175569 0.3080146 0.2865102 0.3036635 0.2944416 0.3086643 0.0818454 0.0029201 0.0121644 0.0261670 0.0293489 0.2288700 0.1835097 0.1905720 0.1773014 0.1315858 0.1384540 0.1198308 0.1201920 0.1507953 0.1148084 0.1197098 0.1971124 0.1291016 0.6435454 0.3493281 0.2612844 0.2837831 0.2928248 0.3009036 0.3681707 0.4789634 0.4261270 0.4173366 0.3913639 0.6351692 0.3452928 0.4489213 0.2952705 0.2649181 0.2915816 0.2884805 0.2571072 0.2769030 0.4671611 0.3367357 0.3397405 0.3582274 0.4508353 0.3377477 0.3372798 0.3654931 0.3565123 0.3425241 0.3377950 0.3280553 0.3268817 0.3185610 0.3464094 0.3273039 0.3177875 0.3610795 0.3627520 0.3730925 0.3598577 0.4827117 0.2864608 0.2931711 0.3935272 0.3483141 0.3038106 0.4290302 0.3760811 0.4365129 0.4098270 2.0650083 1.6546290 0.3843752 0.3518052 
XM_038429434_1_PREDICTED_Canis_lupus_familiaris_br 0.2316591 0.3323675 0.3751141 0.2046604 0.2126441 0.1577388 0.2543894 0.0000000 0.3817180 0.2283276 0.1207981 0.9994248 0.2642199 0.2581733 0.2881267 0.2482375 1.3277034 0.9156814 0.8848281 1.1503146 0.4030363 0.3967333 0.4348025 0.2801697 0.4050771 0.3845754 0.5816629 0.3588114 0.3346863 0.3438493 0.9232683 0.7406779 0.9590542 0.6656407 2.1553490 0.2256067 0.2237498 0.2192090 0.2189527 0.1713388 0.1581684 0.1261691 0.1550000 0.1512364 0.1581231 0.0030226 0.1660527 0.1489648 0.1549749 0.1506947 0.1501039 0.1561708 0.1763565 0.3171104 0.2462336 0.2545239 0.2793653 0.2655342 0.2522268 0.2278176 0.2202411 0.2346356 0.2477378 0.2662340 0.2284398 0.2372433 0.2867091 0.2367839 0.2298138 0.3601691 0.2540374 0.3601028 0.2104246 0.1731694 0.1535958 0.1598061 0.1529755 0.1907087 0.2728960 0.1770641 0.1925455 0.1928798 0.4203347 0.1861414 0.4460928 0.2633779 0.2259795 0.2632793 0.2472884 0.2363336 0.2431344 0.2727143 0.2953794 0.2889096 0.2351693 0.3595720 0.2187633 0.1977888 0.2243394 0.2179549 0.2141777 0.2062219 0.1993051 0.2183800 0.2187816 0.2108475 0.2179512 0.2251641 0.1981422 0.2184120 0.2256696 0.2158250 0.2842424 0.1693557 0.1457229 0.2128515 0.2608411 0.1695822 0.3996082 0.2342497 0.2706890 0.2285845 1.8603274 1.6112494 0.2423306 0.1761884 
XM_007653166_4_PREDICTED_Cricetulus_griseus_brain_ 0.4132357 0.1124836 0.1567409 0.3748545 0.5784812 0.4346632 0.6670768 0.3817180 0.0000000 0.4090346 0.3474083 1.2295858 0.5662332 0.7418813 0.1743138 0.4693915 1.4369751 1.6124920 1.3431403 1.5202849 0.5894644 0.5288681 0.6253749 0.3014858 0.1738330 0.1691207 0.5706796 0.1228553 0.1498343 0.0870659 1.6247615 1.3232803 1.6955082 1.1924332 2.8144692 0.4247235 0.4485926 0.4393188 0.4350956 0.4456145 0.4360055 0.3487531 0.3932429 0.4258547 0.4084461 0.3926807 0.3714883 0.3609312 0.3505786 0.3750783 0.3553797 0.3760810 0.4220372 0.7523780 0.6846394 0.6643108 0.7929751 0.7250449 0.5794667 0.5720822 0.5570853 0.5587586 0.6233612 0.6697699 0.6155552 0.6122869 0.7435871 0.6283146 0.6140376 0.9120029 0.6773067 0.8013469 0.4854763 0.4566024 0.4453289 0.4576260 0.4228057 0.4246302 0.6148194 0.4970262 0.5166724 0.4860727 1.0043135 0.4875383 0.8385011 0.6488535 0.5026621 0.5314354 0.5393634 0.5223056 0.4814960 0.5815346 0.7793380 0.7684590 0.3154709 0.6412102 0.3964654 0.3643417 0.3771565 0.3761600 0.4128415 0.3965273 0.3855806 0.4151917 0.4053374 0.4179618 0.4295775 0.4413713 0.4441853 0.4577193 0.4608857 0.4196375 0.6063872 0.4368438 0.3530127 0.5317180 0.4915323 0.3207235 0.6478488 0.4146869 0.4227695 0.3618617 2.9399591 2.8661782 0.4973451 0.3737131 
NM_001012441_1_Pan_troglodytes_brain_derived_neuro 0.0129427 0.3624266 0.3907130 0.0267617 0.2859599 0.2007786 0.3317513 0.2283276 0.4090346 0.0000000 0.1636523 0.7241549 0.2827700 0.3742640 0.3188323 0.0494561 0.9642317 1.0502249 0.8001677 0.7769124 0.2655255 0.2471114 0.3204872 0.2115704 0.4212219 0.4003358 0.4726262 0.3901953 0.3573920 0.3720773 1.2903364 1.0155897 1.2407708 1.0489523 3.6938396 0.2224961 0.2363029 0.2313957 0.2157523 0.1878814 0.1874797 0.1755537 0.1789169 0.1577153 0.1710766 0.2210019 0.1775113 0.1723526 0.1659150 0.1817282 0.1694158 0.1876575 0.1974164 0.4346554 0.3416118 0.3517209 0.4020883 0.3786925 0.3147182 0.2950683 0.2863581 0.2873628 0.3414896 0.3829307 0.3472106 0.3374011 0.3962811 0.3276323 0.3192128 0.4896527 0.3683114 0.4168376 0.2707085 0.2218388 0.1924345 0.1992036 0.1916916 0.1953632 0.3210292 0.2506373 0.2255676 0.2030002 0.6973498 0.1743335 0.6438133 0.3051490 0.2335717 0.2886443 0.2549641 0.2440284 0.2003484 0.2915418 0.3430269 0.3263238 0.1543642 0.3799872 0.0341407 0.0304145 0.0376530 0.0340126 0.0383013 0.0341422 0.0304158 0.0096441 0.0063415 0.0305286 0.0268614 0.0305286 0.0533266 0.0415296 0.0454544 0.0383434 0.2736876 0.1675727 0.1408532 0.1754981 0.1722489 0.1607704 0.3285629 0.1840369 0.1865553 0.2028777 2.6818793 1.9609337 0.2022381 0.1113035 
XM_011226480_3_PREDICTED_Ailuropoda_melanoleuca_br 0.1728147 0.2963730 0.3297625 0.1497827 0.2275370 0.1017517 0.2875754 0.1207981 0.3474083 0.1636523 0.0000000 0.8904712 0.2002798 0.2915974 0.2564343 0.1864869 1.1960437 1.0469871 0.7883526 0.9162522 0.3008581 0.2961990 0.3898463 0.2205078 0.3391060 0.3383849 0.5256554 0.3207009 0.2820082 0.3492034 0.9986963 0.8016376 1.0170712 0.8137128 2.8003183 0.2337821 0.2320314 0.2273747 0.2270981 0.0980722 0.0918770 0.0189450 0.0451628 0.0862891 0.0877642 0.1263049 0.0528465 0.0491696 0.0532593 0.0408775 0.0407240 0.0445978 0.0569887 0.3855214 0.2787893 0.2704082 0.3146814 0.2837716 0.2666730 0.2489363 0.2409766 0.2560817 0.2613137 0.2804329 0.2443390 0.2418540 0.2929009 0.2499367 0.2427610 0.4020156 0.2679613 0.3087156 0.1929798 0.1683018 0.0979002 0.1030643 0.1078839 0.1268934 0.2475798 0.1883557 0.1754451 0.1624487 0.5476717 0.1563185 0.5009450 0.2481701 0.1965854 0.2467488 0.2030521 0.2058858 0.1727525 0.2075289 0.2467040 0.2257666 0.1509940 0.2834382 0.1497827 0.1439423 0.1666230 0.1611408 0.1574999 0.1393065 0.1336220 0.1738823 0.1561051 0.1738675 0.1802133 0.1866533 0.1651350 0.1678144 0.1740700 0.1692612 0.2861390 0.1391485 0.1177415 0.1667930 0.1714950 0.1416023 0.2937625 0.1652371 0.1691936 0.1724916 2.2743697 2.2662000 0.2127214 0.1042274 
XM_007497196_2_PREDICTED_Monodelphis_domestica_bra 0.7529405 1.1681618 1.2798304 0.6993592 1.2635882 0.9346871 1.2552612 0.9994248 1.2295858 0.7241549 0.8904712 0.0000000 1.3649918 1.2948268 1.0080488 0.7139889 0.2597251 0.2590199 0.1777121 0.1994858 1.1394673 1.0971902 1.1372778 1.0507360 1.3812248 1.3107721 1.0824819 1.1709145 1.2089785 1.0502695 2.7025652 2.1015171 2.7724720 2.3219028 5.0077508 1.0458403 1.1036171 1.0580265 1.0483181 0.8368233 0.8879575 0.8466375 0.9206600 0.8114435 0.9201659 0.9719923 0.9459656 0.9720965 0.9716966 0.9105346 0.8650209 0.9328471 0.9221928 1.5441950 1.2552955 1.1938209 1.3196377 1.3432886 1.0672260 1.0785410 1.0478414 1.0500791 1.2960250 1.2243401 1.1676564 1.2404279 1.6057106 1.1735832 1.2062781 2.2331759 1.2243401 1.8331534 0.9741067 0.9356869 0.9187516 0.8937578 0.9157984 0.9835227 1.2983198 1.1407018 1.1710200 1.0448333 2.5928830 1.0349869 2.2712065 1.1019584 1.0869843 1.2374033 1.1150935 1.1310134 1.1183412 1.4079156 1.1607326 1.1678104 0.7227021 1.3384648 0.7225157 0.6807371 0.6845774 0.6828500 0.6914450 0.7381994 0.7185055 0.7763340 0.7183019 0.7398941 0.7203311 0.7198585 0.7273540 0.7101368 0.7293981 0.7646003 1.1460811 0.9312271 0.9224583 1.0269779 0.7581261 0.9585496 1.4654288 0.8467364 0.7266470 0.7103774 1.7221352 1.6261179 1.1429674 0.6945257 
NM_001081787_1_Equus_caballus_brain_derived_neurot 0.3129350 0.4255960 0.5209914 0.2947166 0.3464964 0.2521375 0.4544054 0.2642199 0.5662332 0.2827700 0.2002798 1.3649918 0.0000000 0.4473342 0.4160789 0.3250635 1.6058844 1.4499126 1.4769347 1.4871455 0.5718946 0.5808371 0.4820629 0.3192551 0.5345553 0.5334120 0.6613403 0.4575757 0.4895927 0.4249518 0.9707231 0.9742015 1.0923684 0.7692655 2.2188087 0.3571928 0.3287155 0.3216993 0.3480932 0.2550445 0.2283822 0.2054117 0.2002572 0.2265311 0.2443567 0.2559143 0.2288761 0.2228508 0.2306525 0.1983224 0.1975311 0.2048159 0.2157093 0.4578994 0.4420062 0.4544402 0.4700789 0.4582231 0.3809409 0.3367975 0.3268566 0.3456664 0.4498504 0.4627742 0.4564139 0.4412713 0.5291200 0.4537218 0.4427134 0.7187010 0.4816800 0.6341552 0.2978493 0.2890210 0.2306620 0.2386132 0.2297341 0.2673261 0.4234016 0.3269805 0.3186152 0.3165118 0.5547992 0.2715474 0.5230397 0.2642105 0.2748540 0.3378054 0.2828191 0.2870823 0.2581312 0.0030189 0.3522028 0.3552502 0.3347765 0.4227348 0.3129767 0.2942513 0.3015220 0.2936339 0.3076369 0.3130183 0.3037769 0.2869282 0.2792585 0.3136509 0.3141178 0.3235279 0.2961914 0.2883076 0.2972438 0.2952199 0.4816616 0.2878882 0.2641194 0.3095023 0.4171068 0.3140567 0.4659032 0.3297019 0.3280230 0.3363931 2.7763517 2.0597881 0.0957182 0.2607707 
XM_012096129_4_PREDICTED_Ovis_aries_brain_derived_ 0.3995774 0.5977968 0.6847334 0.3596954 0.2004267 0.3226172 0.0190394 0.2581733 0.7418813 0.3742640 0.2915974 1.2948268 0.4473342 0.0000000 0.5801678 0.4181575 1.3314571 1.1166222 1.1034845 1.2254029 0.5589672 0.5764533 0.5067651 0.4349023 0.7340891 0.6826001 0.5997617 0.6116592 0.6005523 0.6481939 0.8990410 0.7500343 0.9544279 0.8151186 1.9877583 0.3524744 0.3887679 0.4066319 0.3613999 0.3358926 0.3236225 0.2730771 0.3492754 0.2973506 0.3302720 0.2665687 0.3292167 0.3390979 0.3491737 0.3067015 0.3245236 0.3149321 0.3298401 0.0830147 0.0157052 0.0190654 0.0120804 0.0089178 0.2409107 0.1943002 0.2015533 0.2007316 0.1228902 0.1295607 0.1114431 0.1117917 0.1409889 0.1065315 0.1113397 0.1857692 0.1203231 0.6677615 0.3538789 0.2651498 0.2878526 0.2969523 0.3050796 0.3727553 0.5080718 0.4528177 0.4434155 0.4162420 0.5436930 0.3497435 0.4451036 0.2994605 0.2689064 0.2776089 0.2926125 0.2610200 0.2993425 0.4351325 0.3519973 0.3442107 0.4026439 0.4535830 0.3596954 0.3592289 0.3886324 0.3792636 0.3647426 0.3597479 0.3495934 0.3687778 0.3597616 0.3900067 0.3691890 0.3588530 0.3839083 0.3856305 0.3964227 0.3827300 0.4799130 0.3065205 0.3133680 0.4179861 0.3708276 0.3243091 0.4562237 0.3997422 0.4632328 0.4352679 2.2251658 1.7676805 0.4119124 0.3744186 
XM_029555090_1_PREDICTED_Nannospalax_galili_brain_ 0.3129049 0.1327410 0.1704469 0.2967696 0.4848254 0.3518639 0.5200473 0.2881267 0.1743138 0.3188323 0.2564343 1.0080488 0.4160789 0.5801678 0.0000000 0.3594491 1.1763924 1.2850991 1.1619171 1.1438304 0.4851375 0.4553222 0.4037350 0.2324649 0.1651684 0.1834767 0.4265350 0.1493941 0.1447185 0.1732133 1.2239275 0.9908234 1.4456015 1.1651973 3.2320997 0.2505413 0.2659967 0.2603350 0.2579314 0.3406660 0.3327423 0.2723546 0.2750837 0.2920413 0.3196328 0.2971171 0.2905589 0.2664378 0.2579835 0.2611145 0.2455930 0.2618064 0.2974249 0.6740847 0.5341125 0.5375072 0.6208371 0.5668562 0.5360160 0.5045844 0.4910930 0.4926329 0.5599120 0.6221647 0.5529084 0.5246186 0.6473077 0.5644090 0.5513485 0.8437201 0.6292486 0.6011944 0.4492267 0.3936651 0.3254747 0.3351991 0.3242449 0.3697047 0.5222520 0.3623814 0.3904887 0.3660807 0.9128862 0.3767027 0.8359347 0.5061558 0.4141643 0.4828629 0.4455991 0.4308119 0.3445260 0.4279213 0.4517559 0.4456840 0.2118257 0.4255756 0.3152370 0.2877748 0.3223649 0.3140865 0.3289159 0.2990096 0.2899613 0.3235911 0.3152866 0.3235469 0.3332299 0.3430578 0.3457976 0.3570934 0.3566261 0.3445332 0.4304948 0.3307693 0.2472591 0.3416027 0.3358994 0.2218452 0.6917525 0.2811901 0.3555311 0.3303497 2.9612867 2.7451698 0.3843579 0.2335493 
XM_009007854_3_PREDICTED_Callithrix_jacchus_brain_ 0.0329641 0.4265885 0.4473953 0.0327214 0.3232142 0.1905475 0.3938866 0.2482375 0.4693915 0.0494561 0.1864869 0.7139889 0.3250635 0.4181575 0.3594491 0.0000000 1.0448407 1.0343358 0.7876625 0.7649813 0.2407758 0.2234906 0.3368274 0.1893310 0.4812268 0.4458825 0.4713123 0.4581101 0.3901894 0.3761443 1.3663698 1.0794609 1.3058596 1.0828528 3.8949357 0.2326290 0.2109712 0.2066920 0.2257470 0.1896776 0.1847078 0.1990779 0.1941122 0.1497154 0.1684946 0.2405679 0.1926105 0.1740938 0.1806338 0.2061129 0.1930921 0.2123696 0.2229396 0.4840124 0.3831096 0.3861581 0.4483838 0.4227829 0.3522452 0.3478634 0.3381032 0.3392439 0.3831068 0.4049228 0.3891006 0.3785601 0.4456346 0.3680494 0.3590090 0.5170528 0.3899114 0.4150282 0.2638536 0.2296249 0.1864628 0.1931328 0.1857394 0.1670322 0.2891454 0.2415663 0.2013818 0.1807530 0.7330157 0.1512303 0.7144891 0.3327070 0.2512328 0.3084719 0.2733877 0.2622072 0.2025951 0.3347705 0.3698053 0.3415796 0.1412620 0.3727634 0.0401077 0.0363769 0.0363811 0.0328449 0.0443249 0.0401094 0.0363784 0.0440774 0.0404082 0.0523449 0.0483411 0.0523449 0.0360889 0.0255290 0.0290227 0.0259451 0.2571765 0.1718617 0.1570698 0.1674267 0.1571078 0.1536487 0.3063423 0.1563291 0.1820424 0.1862414 3.0976177 2.5196334 0.2448232 0.1082061 
XM_031944159_1_PREDICTED_Sarcophilus_harrisii_brai 1.0022977 1.2070901 1.4661144 0.9292754 1.2329086 1.3433549 1.2893492 1.3277034 1.4369751 0.9642317 1.1960437 0.2597251 1.6058844 1.3314571 1.1763924 1.0448407 0.0000000 0.3121263 0.2568015 0.2303193 1.5834030 1.3913477 1.0092158 1.2326003 1.5297399 1.4583352 1.3610377 1.2098081 1.5106850 1.1028736 1.7412632 1.5639777 1.7441763 1.9467987 4.1286380 1.1621911 1.1640258 1.1171655 1.1649062 1.2173077 1.2710433 1.1009977 1.2417400 1.2882634 1.1876858 1.2903611 1.2105936 1.2782476 1.2782600 1.2275134 1.1614028 1.2613903 1.1738239 1.4718015 1.2893153 1.3317148 1.3882487 1.3727424 1.1412643 1.0957252 1.0661321 1.0682185 1.2616663 1.2626111 1.3543496 1.2785197 1.5603585 1.2136512 1.2456083 2.2876649 1.3326150 2.3351793 1.3939424 1.1651416 1.2509514 1.2150833 1.2523851 1.5313718 2.0597711 1.6615444 1.5904428 1.5374746 2.1964541 1.3159064 1.7735676 1.0811310 1.1214521 1.1431531 1.1770086 1.1657842 1.4322147 1.5583253 1.1855335 1.1927520 1.0996953 1.6712611 0.9042872 0.9545744 0.9541707 0.9519119 0.9415032 0.9760463 0.9496834 0.9523523 0.9554207 1.0621805 0.9784408 0.9780490 1.0157751 0.9639852 0.9903707 1.0093518 1.2526767 1.3158085 1.1974776 1.2704394 1.2069847 1.2842691 1.6781682 1.2154019 1.0000056 1.0901746 1.3444225 1.1822911 1.3815717 1.0452138 
XM_020977976_1_PREDICTED_Phascolarctos_cinereus_br 1.1316718 1.3094136 1.6586494 1.0150164 1.3153564 1.1765882 1.1758956 0.9156814 1.6124920 1.0502249 1.0469871 0.2590199 1.4499126 1.1166222 1.2850991 1.0343358 0.3121263 0.0000000 0.2329865 0.1545357 1.5752515 1.4676570 1.6453004 1.4350285 1.7994892 1.6509415 1.5796709 1.3124954 1.4843168 1.2985782 2.7683405 2.5996341 2.9886815 2.2206274 4.3725692 1.2578494 1.3612578 1.3063856 1.2607356 1.1978879 1.1137528 0.9660482 1.0292176 1.1050631 1.0629950 0.8913317 1.0582110 1.0882479 1.1193963 1.0462892 0.9921954 1.0732734 1.0597458 1.3697680 1.1446514 1.0309148 1.1335784 1.1501001 1.1436246 1.1236344 1.0923640 1.0944420 1.3528342 1.2800444 1.3772073 1.2237864 1.7164065 1.2289293 1.2624320 2.1387655 1.2132388 2.3569777 1.1191727 0.9720891 1.0449963 1.0163413 1.0419850 1.2740768 1.5231975 1.2556650 1.4761925 1.3585750 2.2524640 1.0566449 1.7870255 0.9757051 1.0063433 1.1401933 1.0845557 1.0460639 1.4114586 1.4962378 1.2677477 1.2120958 1.0588014 1.4539164 1.0487346 1.0436977 0.9919328 0.9895587 1.0880661 1.0741137 1.0440254 1.0976370 1.0395050 1.1344400 1.0417070 1.0413589 1.0230727 0.9972736 1.0252911 1.0163697 1.3308967 1.1268782 1.0546770 1.1804170 1.0665440 1.1852096 1.5074200 1.2990381 0.9388439 0.8630893 1.9248209 1.9877504 1.4885595 1.0241946 
XM_036763631_1_PREDICTED_Trichosurus_vulpecula_bra 0.8143237 1.2862044 1.5920361 0.7360044 0.9708482 0.8774879 1.1059320 0.8848281 1.3431403 0.8001677 0.7883526 0.1777121 1.4769347 1.1034845 1.1619171 0.7876625 0.2568015 0.2329865 0.0000000 0.1203562 1.0950746 1.0267985 1.2492888 1.2185291 1.7318123 1.5837609 1.6073499 1.2505160 1.3738639 1.2731913 2.7355986 1.7770990 2.0644220 1.8288059 4.8379664 1.0928945 1.1216269 1.0751829 1.0954881 0.8230905 0.8338119 0.7499755 0.8551011 0.7360300 0.7632124 0.8611069 0.8370871 0.9027864 0.9277995 0.8456901 0.8035563 0.8662512 0.8515705 1.2381006 1.0754298 0.9922567 1.1535717 1.1058417 0.9577644 1.0875043 1.0564032 1.0586314 1.2753378 1.2054304 1.2207193 1.2209566 1.6376790 1.1556381 1.1875460 2.2859664 1.2054304 1.8904356 0.9731604 0.9633335 0.9078706 0.8831904 0.8617621 0.9889220 1.2474528 1.2178576 1.2215419 1.0868154 2.9188239 0.8921750 1.8249638 1.0238996 1.0045820 1.0850028 1.0303663 1.0456950 1.1988209 1.5288138 1.1000958 1.0796138 0.7257044 1.5586049 0.7601469 0.7558774 0.7018175 0.7186852 0.7870212 0.7767095 0.7560643 0.8579514 0.7935304 0.8400369 0.7749446 0.7744781 0.7865167 0.7279360 0.7475464 0.7832975 1.1506266 1.0151397 0.9529420 0.9557649 0.8140791 0.9537057 1.1644088 0.8683031 0.8041724 0.7934258 1.3129133 1.3834530 1.2237114 0.8239277 
XM_027852578_1_PREDICTED_Vombatus_ursinus_brain_de 0.8293561 1.5120387 1.7569939 0.7495470 1.2017129 1.0164593 1.2982657 1.1503146 1.5202849 0.7769124 0.9162522 0.1994858 1.4871455 1.2254029 1.1438304 0.7649813 0.2303193 0.1545357 0.1203562 0.0000000 1.3490005 1.2612330 1.4014136 1.2074181 1.9107182 1.7496747 1.5321120 1.5194218 1.7332336 1.4458390 3.0772633 2.4981106 2.6726804 2.3686230 5.2001162 1.2386375 1.2051242 1.1565979 1.2415416 0.9781943 0.9649083 0.8708997 0.9266257 0.8547242 0.9284587 1.1174636 0.9520648 0.9783318 1.0054742 0.9677917 0.9189426 0.9918906 0.9281573 1.3342966 1.2613240 1.1620868 1.2808671 1.2649912 1.1390993 1.2216128 1.1861748 1.1879741 1.2630541 1.1955174 1.3651627 1.2814135 1.6045236 1.2113108 1.2456810 2.4020245 1.2640805 2.0215965 1.0262166 0.9539445 1.0296333 1.0011404 1.0265837 1.0956661 1.4177925 1.2755565 1.3116361 1.1697119 2.8819179 1.0377007 2.5399635 1.2080494 1.0580649 1.1362634 1.1432525 1.1006740 1.2212767 1.4420939 1.1245609 1.1044822 0.8476185 1.6378138 0.7741018 0.7697941 0.7381854 0.7318842 0.8014895 0.7910180 0.7699867 0.8325725 0.7705641 0.8372988 0.7726650 0.7721993 0.8009881 0.7413024 0.7612797 0.7976151 1.2101283 1.0403983 1.0044439 1.0587800 0.8786352 1.0372267 1.3185262 0.9857498 0.7811574 0.6899756 1.5632340 1.5374980 1.2463204 0.7554680 
XM_040980297_1_PREDICTED_Ochotona_curzoniae_brain_ 0.2385842 0.4936471 0.5603453 0.2375245 0.4870975 0.3263482 0.5280270 0.4030363 0.5894644 0.2655255 0.3008581 1.1394673 0.5718946 0.5589672 0.4851375 0.2407758 1.5834030 1.5752515 1.0950746 1.3490005 0.0000000 0.0124538 0.3940795 0.3414783 0.6018310 0.5473426 0.7850911 0.5299467 0.4605309 0.5259085 1.8153747 1.4975947 2.0124007 1.4697261 4.2380705 0.3062680 0.3051456 0.2917600 0.2982944 0.3037747 0.3085292 0.3203240 0.3713302 0.2468759 0.2878328 0.3920374 0.3686855 0.3407351 0.3506766 0.3673306 0.3482497 0.3764529 0.3933519 0.6104607 0.5141514 0.5175217 0.5985724 0.5757084 0.6018423 0.5941251 0.5784966 0.5802251 0.5280736 0.5570287 0.4975798 0.5217581 0.6246443 0.5079032 0.4959997 0.7435186 0.5375879 0.6443936 0.4739802 0.4387415 0.3051179 0.3144042 0.3039564 0.3118993 0.4498708 0.3936976 0.3542880 0.3225666 1.0879906 0.3319363 0.9851678 0.5755779 0.4956886 0.5752157 0.5320253 0.5151262 0.3557197 0.5874060 0.5608871 0.5169705 0.2083842 0.4973913 0.2533274 0.2298175 0.2453434 0.2384248 0.2647105 0.2533563 0.2453695 0.2617108 0.2545344 0.2538202 0.2458397 0.2379724 0.2478849 0.2408544 0.2404004 0.2543506 0.4527262 0.2959134 0.2976883 0.3256784 0.3138414 0.2308125 0.6454736 0.2973060 0.3733829 0.3807866 3.9368400 3.7032145 0.4203769 0.2761140 
XM_004585440_1_PREDICTED_Ochotona_princeps_brain_d 0.2214675 0.4781376 0.5022440 0.2075141 0.4573487 0.3212287 0.5446586 0.3967333 0.5288681 0.2471114 0.2961990 1.0971902 0.5808371 0.5764533 0.4553222 0.2234906 1.3913477 1.4676570 1.0267985 1.2612330 0.0124538 0.0000000 0.3878234 0.3193990 0.5399142 0.4904690 0.7731769 0.5134470 0.4320061 0.4710146 1.7452782 1.4778674 2.0002620 1.5013151 4.3715303 0.2859460 0.2846553 0.2720184 0.2783378 0.2989727 0.3036793 0.3153603 0.3477229 0.2430655 0.2683059 0.3859042 0.3281276 0.3186175 0.3280827 0.3440239 0.3258684 0.3527026 0.3686617 0.6296758 0.5303930 0.5337946 0.6172790 0.5936890 0.6209163 0.6129442 0.5968200 0.5985903 0.5447585 0.5745675 0.5133425 0.5382505 0.6456526 0.5240060 0.5117670 0.7683305 0.5545696 0.6343972 0.4444094 0.4317838 0.3002916 0.3094355 0.2834886 0.2756593 0.4215346 0.3683957 0.3311357 0.3010625 1.1034126 0.3267223 1.0195138 0.5665036 0.4651514 0.5155348 0.4995020 0.4834766 0.3501177 0.5965706 0.5521603 0.5088606 0.1927682 0.5052010 0.2221998 0.2003472 0.2147871 0.2083215 0.2325840 0.2356468 0.2280112 0.2435900 0.2367141 0.2360615 0.2284310 0.2209076 0.2302959 0.2235580 0.2231103 0.2363050 0.4246957 0.2759300 0.2777011 0.3040420 0.3088603 0.2138066 0.6067729 0.2773552 0.3325877 0.3394755 4.1988595 3.9648799 0.4270354 0.2572723 
XM_013019592_1_PREDICTED_Dipodomys_ordii_brain_der 0.3240914 0.5074042 0.5278916 0.3149398 0.5005597 0.4058358 0.4646289 0.4348025 0.6253749 0.3204872 0.3898463 1.1372778 0.4820629 0.5067651 0.4037350 0.3368274 1.0092158 1.6453004 1.2492888 1.4014136 0.3940795 0.3878234 0.0000000 0.2961553 0.5678302 0.5153958 0.5923146 0.5451579 0.5653536 0.5170276 1.0274784 0.6515166 1.1191590 0.8337002 2.8553094 0.2722209 0.2730100 0.2754137 0.2729341 0.3569377 0.3845787 0.3696347 0.3559185 0.3290624 0.3521081 0.4228564 0.3967566 0.3882753 0.3877955 0.3519884 0.3328984 0.3429540 0.3779425 0.5130976 0.4651010 0.4684078 0.5433282 0.4948129 0.5206358 0.4634452 0.4507537 0.4522199 0.4794895 0.5029188 0.4862316 0.4968848 0.5648951 0.4834926 0.4719792 0.7804885 0.5231022 0.7605736 0.3872558 0.4267176 0.4310357 0.4431384 0.4294633 0.5081124 0.6308239 0.5121879 0.5012603 0.4462360 0.9067919 0.4111021 0.5490226 0.4095321 0.4059207 0.4778381 0.4370919 0.4110279 0.2875642 0.4955825 0.3965783 0.4211192 0.2875478 0.4764551 0.3241366 0.3144627 0.3221803 0.3137714 0.3489704 0.3344794 0.3246137 0.3156781 0.3073509 0.3555152 0.3559915 0.3664389 0.3458913 0.3475738 0.3505181 0.3344783 0.4478713 0.3741807 0.3196794 0.4127356 0.4485697 0.3226839 0.8781861 0.3568275 0.4091230 0.4097631 2.8234468 2.3179191 0.4335409 0.3208262 
XM_020177315_1_PREDICTED_Castor_canadensis_brain_d 0.1883268 0.3054901 0.3560733 0.1749154 0.3502132 0.2478285 0.4206395 0.2801697 0.3014858 0.2115704 0.2205078 1.0507360 0.3192551 0.4349023 0.2324649 0.1893310 1.2326003 1.4350285 1.2185291 1.2074181 0.3414783 0.3193990 0.2961553 0.0000000 0.3847756 0.3470821 0.4866730 0.3230523 0.3012776 0.2780241 1.0852495 0.9651979 1.3712280 1.0270530 3.6009821 0.1863644 0.1717858 0.1683617 0.1802403 0.2507834 0.2408847 0.2348902 0.2227019 0.2152019 0.2531084 0.2889332 0.2365117 0.2150368 0.2226539 0.2205036 0.2063786 0.2272813 0.2532075 0.4851400 0.4090862 0.4122563 0.4508055 0.4454369 0.3935275 0.3697309 0.3593396 0.3605558 0.3864790 0.3891168 0.3819858 0.3817913 0.4510592 0.3900212 0.3803743 0.5509296 0.4052856 0.5331758 0.3314453 0.2937971 0.2475839 0.2557746 0.2466081 0.2508394 0.4323838 0.3141687 0.3413285 0.3071261 0.6688357 0.2384791 0.6629065 0.4251639 0.3592250 0.4097152 0.3875438 0.3740191 0.2473260 0.3197319 0.4089770 0.4000823 0.1815289 0.2996961 0.1883444 0.1683690 0.1746460 0.1742282 0.1976237 0.1763225 0.1697308 0.2086052 0.2022712 0.2232132 0.2307401 0.2383801 0.1955775 0.2034196 0.2029813 0.1865931 0.3121266 0.2232592 0.1814322 0.2698700 0.2706292 0.1886629 0.4617482 0.2298461 0.2568525 0.2535850 2.6971169 2.8073880 0.2548511 0.1792229 
XM_021151236_2_PREDICTED_Mus_caroli_brain_derived_ 0.4144364 0.0635483 0.0061984 0.3655516 0.6251927 0.4372979 0.6767114 0.4050771 0.1738330 0.4212219 0.3391060 1.3812248 0.5345553 0.7340891 0.1651684 0.4812268 1.5297399 1.7994892 1.7318123 1.9107182 0.6018310 0.5399142 0.5678302 0.3847756 0.0000000 0.0191501 0.5536960 0.0762612 0.0552584 0.1411402 1.2784966 1.0276168 1.2201013 1.0517112 2.4514564 0.4747790 0.4883530 0.4782495 0.4862712 0.4077462 0.4146600 0.3657804 0.3926762 0.4013389 0.3986556 0.4166196 0.3706285 0.3599308 0.3594493 0.3883061 0.3678896 0.3893532 0.4162105 0.7702728 0.6771689 0.6807861 0.7849007 0.7173585 0.5429552 0.5113056 0.4977276 0.4992743 0.6367894 0.7070851 0.6286944 0.5970814 0.7417073 0.6419284 0.6271623 0.9643231 0.7151122 0.7503020 0.5559462 0.4611854 0.4068874 0.4183635 0.3858581 0.4036628 0.5028552 0.4781938 0.4547262 0.4362697 1.0309560 0.4519522 0.8589512 0.5514581 0.4755084 0.5421965 0.4870356 0.4944234 0.4405213 0.5491659 0.6018016 0.6041274 0.3024106 0.6097726 0.3869199 0.3551596 0.3951305 0.3855604 0.4030863 0.4064351 0.3952122 0.4276256 0.4174548 0.4275549 0.4394920 0.4516187 0.4427245 0.4563442 0.4687518 0.4415698 0.5526760 0.3921546 0.3162954 0.4276402 0.4281942 0.3433036 0.7997218 0.4187683 0.4349677 0.3879045 4.0518402 3.3406213 0.4812655 0.3693871 
XM_021192829_2_PREDICTED_Mus_pahari_brain_derived_ 0.3937428 0.0531875 0.0121318 0.3467534 0.5543593 0.4268375 0.6287993 0.3845754 0.1691207 0.4003358 0.3383849 1.3107721 0.5334120 0.6826001 0.1834767 0.4458825 1.4583352 1.6509415 1.5837609 1.7496747 0.5473426 0.4904690 0.5153958 0.3470821 0.0191501 0.0000000 0.5451706 0.0651947 0.0531458 0.1373203 1.3239626 1.0591874 1.2642038 0.9761723 2.6342971 0.4296835 0.4420786 0.4327924 0.4403075 0.3978490 0.4046032 0.3468438 0.3917292 0.3809696 0.3732502 0.3956634 0.3697588 0.3591039 0.3586236 0.3873770 0.3670341 0.3884202 0.4151971 0.7161522 0.6292594 0.6328163 0.7300956 0.6670069 0.5167857 0.4864953 0.4734723 0.4749670 0.5912522 0.6569392 0.5837796 0.5540719 0.6859616 0.5960101 0.5822261 0.8938585 0.6644345 0.7155227 0.5287107 0.4378919 0.3863689 0.3974040 0.3661450 0.3942876 0.4783568 0.4545930 0.4320573 0.4143545 0.9827642 0.4301983 0.8590957 0.5503162 0.4518821 0.5160156 0.4858975 0.4700077 0.4183581 0.5480291 0.5733239 0.5755109 0.2707339 0.5808949 0.3673061 0.3367562 0.3752088 0.3660028 0.3827840 0.3860677 0.3752819 0.4064069 0.3966337 0.4063420 0.4178049 0.4294500 0.4096509 0.4224713 0.4341407 0.4316075 0.5260482 0.3721450 0.2990782 0.3950564 0.4271560 0.3251788 0.7994338 0.3976815 0.4132377 0.3680083 3.9537655 3.4783671 0.4801420 0.3503243 
XM_004660846_2_PREDICTED_Jaculus_jaculus_brain_der 0.4914720 0.4788018 0.5150287 0.4561403 0.6035949 0.5488999 0.5506457 0.5816629 0.5706796 0.4726262 0.5256554 1.0824819 0.6613403 0.5997617 0.4265350 0.4713123 1.3610377 1.5796709 1.6073499 1.5321120 0.7850911 0.7731769 0.5923146 0.4866730 0.5536960 0.5451706 0.0000000 0.4902641 0.5005240 0.4978808 1.1511644 0.8060231 1.0568176 0.8589188 2.6202886 0.4678971 0.4448772 0.4260913 0.4566518 0.5677500 0.5506041 0.5389063 0.5508258 0.4968375 0.5208048 0.5663006 0.5217466 0.5360127 0.5355421 0.5158974 0.5141602 0.5172545 0.5515670 0.6769389 0.5511201 0.5546398 0.6428081 0.6310275 0.5824240 0.5445957 0.5300390 0.5316790 0.4654139 0.4659333 0.4437074 0.4565392 0.5645500 0.4469899 0.4580208 0.7652412 0.4713306 1.0369759 0.5190685 0.4853114 0.4242218 0.4361278 0.4226753 0.5821764 0.7009781 0.5543047 0.5792776 0.5202068 0.9467089 0.5154899 0.7010515 0.5469010 0.4728494 0.4853006 0.5078852 0.4787317 0.3772810 0.6791855 0.6113573 0.6426415 0.5185225 0.6901040 0.4819578 0.4436136 0.4919053 0.4803132 0.5018150 0.4820456 0.4689472 0.4799639 0.4685914 0.5068174 0.4932393 0.4927667 0.4572946 0.4716004 0.4587622 0.4689046 0.6204138 0.5781340 0.5479432 0.6038831 0.5102495 0.4667886 0.8928585 0.5337946 0.5847730 0.5965394 3.4812786 2.8462048 0.5820483 0.4533961 
XM_032903861_1_PREDICTED_Rattus_rattus_brain_deriv 0.3941765 0.0090039 0.0654492 0.3570189 0.5337353 0.4325359 0.5484360 0.3588114 0.1228553 0.3901953 0.3207009 1.1709145 0.4575757 0.6116592 0.1493941 0.4581101 1.2098081 1.3124954 1.2505160 1.5194218 0.5299467 0.5134470 0.5451579 0.3230523 0.0762612 0.0651947 0.4902641 0.0000000 0.0639124 0.0999109 1.2129867 1.0243139 1.4614361 1.0727158 2.7386776 0.3864810 0.4087769 0.4001243 0.3962702 0.4196005 0.4103246 0.3320053 0.3747800 0.3919574 0.3755414 0.3692822 0.3360267 0.3435389 0.3335464 0.3499471 0.3312408 0.3508835 0.3753842 0.6506732 0.5632356 0.5461525 0.6545650 0.5976112 0.4951981 0.4658871 0.4532588 0.4547164 0.5964668 0.6166680 0.5889000 0.5589099 0.6928422 0.5738995 0.5873445 0.9049571 0.6237261 0.7841523 0.5195142 0.4433503 0.3535613 0.3639363 0.3345479 0.3973360 0.5143347 0.4389930 0.4545042 0.4267183 0.9694037 0.4247836 0.7834527 0.5256141 0.4267143 0.4878285 0.4590800 0.4438865 0.4193575 0.4703256 0.5757950 0.5794620 0.2599131 0.5032116 0.3779258 0.3468623 0.3673205 0.3765965 0.3937320 0.3970429 0.3860472 0.3960854 0.3865338 0.3960235 0.4072272 0.4186148 0.4100630 0.4228783 0.4345510 0.4320174 0.5259051 0.3752831 0.3022046 0.4302391 0.3945967 0.3158307 0.7060856 0.4007830 0.3993386 0.3860958 3.1508951 2.9211598 0.4004095 0.3607162 
XM_031371313_1_PREDICTED_Mastomys_coucha_brain_der 0.3339904 0.0521725 0.0456384 0.3340365 0.5195347 0.3943199 0.5385828 0.3346863 0.1498343 0.3573920 0.2820082 1.2089785 0.4895927 0.6005523 0.1447185 0.3901894 1.5106850 1.4843168 1.3738639 1.7332336 0.4605309 0.4320061 0.5653536 0.3012776 0.0552584 0.0531458 0.5005240 0.0639124 0.0000000 0.1206998 1.3612569 1.1190942 1.4318415 0.9890913 2.5364922 0.3612729 0.3928723 0.3740907 0.3705374 0.3822578 0.3736224 0.3009860 0.3406066 0.3289992 0.3639355 0.3445930 0.3380995 0.3113606 0.3019877 0.3369249 0.3186814 0.3378277 0.3802634 0.6298441 0.5530803 0.5565072 0.6425975 0.6182972 0.4993030 0.4699306 0.4572864 0.4587441 0.5296754 0.5890511 0.5230961 0.4960434 0.6108203 0.5339612 0.5215243 0.7990301 0.5957877 0.6608939 0.4883378 0.4041829 0.3237996 0.3334594 0.3225790 0.3795685 0.4235460 0.4018131 0.4044572 0.3793444 0.9042870 0.3756876 0.8547935 0.5049127 0.4138116 0.4966217 0.4453785 0.4305251 0.3725030 0.5031073 0.5542840 0.5286317 0.2142323 0.5158221 0.3537712 0.3244430 0.3613707 0.3525232 0.3685927 0.3364669 0.3268166 0.3627108 0.3538348 0.3626579 0.3730476 0.3626579 0.3577652 0.3692369 0.3796734 0.3772457 0.4794842 0.3210380 0.2726697 0.3618073 0.3410243 0.2793051 0.6674756 0.3264519 0.3758705 0.3845922 3.4034194 2.9232522 0.4085960 0.3204710 
XM_037204438_1_PREDICTED_Peromyscus_leucopus_brain 0.3479165 0.0905932 0.1264437 0.3117269 0.5157833 0.4381333 0.6130831 0.3438493 0.0870659 0.3720773 0.3492034 1.0502695 0.4249518 0.6481939 0.1732133 0.3761443 1.1028736 1.2985782 1.2731913 1.4458390 0.5259085 0.4710146 0.5170276 0.2780241 0.1411402 0.1373203 0.4978808 0.0999109 0.1206998 0.0000000 1.4363547 1.1653411 1.5717265 1.1007261 2.9084111 0.3828998 0.3823218 0.3742498 0.3925344 0.4338210 0.4157678 0.3306793 0.3735702 0.3669666 0.3806526 0.3538919 0.3524747 0.3422412 0.3524229 0.3486779 0.3298990 0.3496165 0.3741762 0.6392662 0.5972423 0.6007530 0.6623435 0.6333505 0.5335777 0.4989640 0.4856121 0.4871388 0.5841853 0.6281986 0.5768543 0.5736170 0.6768043 0.5888600 0.5753071 0.8815273 0.6353624 0.7188300 0.4580697 0.4218612 0.3272618 0.3370695 0.3092577 0.3474820 0.4877212 0.4163314 0.3925928 0.3818746 0.9334590 0.3801490 0.7862533 0.4953369 0.4389173 0.5010999 0.4718627 0.4564334 0.4038624 0.4368653 0.5925627 0.5801948 0.2617862 0.5114294 0.3307052 0.3024888 0.3136911 0.3128600 0.3448429 0.3480159 0.3380777 0.3568517 0.3684716 0.3593250 0.3697022 0.3802399 0.3444037 0.3556389 0.3658540 0.3431387 0.4531515 0.3488083 0.2887178 0.4164220 0.4248384 0.3041963 0.6555721 0.3695201 0.3534066 0.3482238 2.8611985 2.7493250 0.3678592 0.3470044 
